0.96449,2.0459,4.9629,3.1993,2.6346,0.44295,1.6924,0.39269,0.7647,0.014148,0.01445,0.69555,250.71
0.96129,2.0631,4.9965,3.2438,2.6778,0.46357,1.7472,0.39254,0.76467,0.014603,0.01445,0.69548,251.12
0.9581,2.0871,5.0465,3.2987,2.739,0.49207,1.8171,0.39277,0.76452,0.014424,0.01445,0.69572,251.85
0.95491,2.1085,5.0913,3.3466,2.7961,0.51368,1.8846,0.39244,0.76433,0.014962,0.01445,0.69578,252.8
0.95171,2.1202,5.1222,3.3299,2.8272,0.50933,1.9383,0.3915,0.76393,0.015192,0.01445,0.69668,254.02
0.97087,2.0666,4.9564,3.2449,2.6298,0.46099,1.6494,0.39245,0.76426,0.014518,0.01445,0.69542,250.68
0.97407,2.1146,4.9787,3.3544,2.6603,0.52331,1.6521,0.39264,0.76494,0.014458,0.01445,0.69541,251.17
0.97726,2.1621,4.9939,3.4659,2.6831,0.56844,1.6524,0.39242,0.7638,0.014603,0.01445,0.69523,251.95
0.98045,2.2052,5.0167,3.5629,2.7133,0.62686,1.6528,0.39266,0.76482,0.014849,0.01445,0.69528,253.04
0.95098,2.0603,5.3879,3.1937,3.1634,0.43039,2.2149,0.39164,0.76376,0.015399,0.01445,0.6976,254.2
0.9812,2.1869,4.731,3.535,2.3504,0.61101,1.3602,0.39257,0.76386,0.014958,0.01445,0.69406,253.01
0.98195,2.1866,4.6419,3.5317,2.2376,0.61635,1.2655,0.39223,0.76454,0.015036,0.01445,0.69373,253.25
0.98271,2.1969,4.6452,3.5621,2.2421,0.63015,1.2652,0.39268,0.76434,0.015088,0.01445,0.69367,253.54
0.98346,2.2098,4.6367,3.591,2.2324,0.64379,1.2527,0.39252,0.76427,0.015222,0.01445,0.69357,253.84
0.98421,2.2157,4.5574,3.6058,2.1322,0.65278,1.1686,0.39238,0.76423,0.015308,0.01445,0.69321,254.13
0.9509,2.0445,5.3934,3.1571,3.1703,0.41146,2.2213,0.39164,0.76379,0.015417,0.01445,0.69766,254.23
0.95081,2.0393,5.3954,3.1455,3.1727,0.40496,2.2239,0.39164,0.76374,0.015421,0.01445,0.69767,254.27
0.95073,2.0264,5.3991,3.1157,3.1776,0.38961,2.2288,0.39165,0.76379,0.01544,0.01445,0.69771,254.3
0.9843,2.2141,4.5008,3.6089,2.0608,0.65676,1.111,0.39257,0.7644,0.015409,0.01445,0.69289,254.15
0.98438,2.2883,4.4402,3.7766,1.9834,0.74638,1.0488,0.39238,0.76432,0.015406,0.01445,0.69257,254.18
0.98447,2.2895,4.4404,3.7799,1.9839,0.74799,1.0487,0.39242,0.76432,0.015408,0.01445,0.69255,254.21
0.98456,2.2913,4.4396,3.783,1.9832,0.74921,1.048,0.39235,0.7643,0.015417,0.01445,0.69255,254.25
0.98465,2.2911,4.439,3.7843,1.9825,0.75036,1.0465,0.39245,0.76435,0.015429,0.01445,0.69253,254.29
0.95071,2.0061,5.4021,3.0703,3.1814,0.36554,2.2321,0.39171,0.76376,0.015436,0.01445,0.69774,254.31
0.95068,1.9856,5.4041,3.0238,3.1841,0.34107,2.2347,0.39173,0.76375,0.015444,0.01445,0.69778,254.32
0.98467,2.2951,4.4336,3.7914,1.9752,0.75426,1.0405,0.39231,0.76434,0.015437,0.01445,0.69252,254.3
0.9847,2.2951,4.433,3.7929,1.9746,0.75478,1.0399,0.3924,0.7643,0.015438,0.01445,0.69251,254.31
0.98472,2.2963,4.4315,3.7952,1.9727,0.75609,1.0384,0.39237,0.76432,0.015443,0.01445,0.6925,254.32
0.95068,1.9164,5.4077,2.8709,3.1884,0.26024,2.2385,0.39199,0.76369,0.015439,0.01445,0.69785,254.32
0.95068,1.866,5.4077,2.7545,3.1888,0.19988,2.2391,0.39189,0.76378,0.015426,0.01445,0.69793,254.31
0.95067,1.8245,5.4109,2.6611,3.192,0.14966,2.2425,0.39193,0.76366,0.015421,0.01445,0.69799,254.31
0.95067,1.7941,5.4085,2.592,3.1896,0.11476,2.2406,0.39205,0.76376,0.01546,0.01445,0.69805,254.31
0.95067,1.7602,5.4116,2.5162,3.1935,0.074268,2.2437,0.39208,0.76369,0.015428,0.01445,0.69808,254.31
0.95067,1.7019,5.419,2.3843,3.2027,0.0037492,2.252,0.39211,0.76358,0.015443,0.01445,0.69817,254.3
0.95066,1.6988,5.4186,2.3774,3.2024,0.00030009,2.2516,0.39212,0.76358,0.015441,0.01445,0.69818,254.3
0.95066,1.6988,5.4186,2.3774,3.2025,0.00035539,2.2516,0.39213,0.76358,0.015441,0.01445,0.69818,254.31
0.95066,1.6984,5.4186,2.3767,3.2025,8.8848e-07,2.2516,0.39213,0.76358,0.01544,0.01445,0.69818,254.31
0.95066,1.6984,5.4186,2.3767,3.2025,2.3052e-05,2.2516,0.39213,0.76358,0.01544,0.01445,0.69818,254.31
0.95065,1.6984,5.4186,2.3766,3.2025,1.1526e-06,2.2516,0.39213,0.76358,0.01544,0.01445,0.69818,254.31
0.95065,1.6984,5.4186,2.3766,3.2025,1.3507e-05,2.2516,0.39213,0.76358,0.01544,0.01445,0.69818,254.31
0.95065,1.6984,5.4186,2.3766,3.2025,6.7536e-07,2.2516,0.39213,0.76358,0.01544,0.01445,0.69818,254.31
0.95065,1.6984,5.4186,2.3766,3.2025,1.6765e-05,2.2516,0.39213,0.76358,0.01544,0.01445,0.69818,254.31
0.95065,1.6984,5.4186,2.3766,3.2025,8.3823e-07,2.2516,0.39213,0.76358,0.01544,0.01445,0.69818,254.31
0.95064,1.6984,5.4186,2.3766,3.2025,1.3312e-05,2.2517,0.39213,0.76358,0.01544,0.01445,0.69818,254.31
0.95064,1.6984,5.4186,2.3766,3.2025,6.6562e-07,2.2517,0.39213,0.76358,0.01544,0.01445,0.69818,254.31
0.95064,1.6984,5.4186,2.3766,3.2025,1.3321e-05,2.2517,0.39213,0.76358,0.01544,0.01445,0.69818,254.32
0.95064,1.6981,5.4161,2.376,3.1993,1.3192e-05,2.2491,0.39216,0.7636,0.015439,0.01445,0.69818,254.32
0.95063,1.6981,5.4161,2.376,3.1993,6.5959e-07,2.2491,0.39216,0.7636,0.015439,0.01445,0.69818,254.32
0.95063,1.6981,5.4161,2.376,3.1993,1.4653e-05,2.2491,0.39216,0.7636,0.015439,0.01445,0.69818,254.32
0.95063,1.698,5.4161,2.376,3.1993,7.3264e-07,2.2491,0.39216,0.7636,0.015439,0.01445,0.69818,254.32
0.98472,2.2972,4.4308,3.7977,1.972,0.75736,1.0377,0.39238,0.76431,0.015443,0.01445,0.69249,254.32
0.98472,2.3023,4.4288,3.8092,1.9692,0.76344,1.0353,0.39237,0.7643,0.015447,0.01445,0.69248,254.32
