0.93953,2.0428,4.971,3.1992,2.6473,0.45696,1.6712,0.39259,0.76495,0.014225,0.01445,0.69539,250.68
0.93642,2.0553,5.0083,3.2495,2.6969,0.50256,1.6972,0.39312,0.76595,0.014639,0.01445,0.69511,251.12
0.93331,2.0708,5.0499,3.3023,2.7508,0.54592,1.7283,0.39359,0.76636,0.014453,0.01445,0.69496,251.86
0.9302,2.083,5.0898,3.3529,2.8055,0.58892,1.7575,0.39387,0.76701,0.015015,0.01445,0.69458,252.85
0.92708,2.1086,5.1403,3.4354,2.8725,0.65371,1.7975,0.39452,0.7682,0.015182,0.01445,0.69434,254.12
0.94575,2.077,4.9396,3.2574,2.6056,0.45015,1.6641,0.39223,0.76377,0.014488,0.01445,0.69559,250.69
0.94886,2.1144,4.9366,3.3253,2.6008,0.46899,1.6734,0.39183,0.76334,0.014418,0.01445,0.69582,251.16
0.95197,2.168,4.8869,3.4021,2.5324,0.49901,1.6334,0.3908,0.76282,0.014713,0.01445,0.6964,251.89
0.95508,2.2058,4.8892,3.5006,2.5337,0.53901,1.6467,0.39218,0.76325,0.01481,0.01445,0.69638,252.97
0.9582,2.2862,4.8867,3.6597,2.5312,0.597,1.659,0.3908,0.7621,0.014839,0.01445,0.69646,254.3
0.927,2.1296,5.1694,3.4795,2.9108,0.66183,1.8296,0.39368,0.76663,0.01532,0.01445,0.69427,254.12
0.92692,2.1732,5.1945,3.5734,2.9422,0.7092,1.8556,0.39349,0.76633,0.015349,0.01445,0.69438,254.16
0.92683,2.1842,5.1961,3.5985,2.9444,0.72284,1.8572,0.3935,0.76634,0.015345,0.01445,0.69437,254.19
0.92675,2.5554,5.1854,4.439,2.9302,1.1646,1.8434,0.39304,0.76629,0.015357,0.01445,0.69395,254.21
0.92667,2.5629,5.1873,4.4561,2.9326,1.1741,1.845,0.39301,0.76633,0.015362,0.01445,0.69394,254.24
0.92659,2.5714,5.1891,4.476,2.9351,1.185,1.8466,0.39302,0.76633,0.015377,0.01445,0.69392,254.28
0.92651,2.5796,5.1905,4.4947,2.9369,1.1952,1.8477,0.393,0.76634,0.015381,0.01445,0.69392,254.32
0.95828,2.1798,4.7687,3.3799,2.375,0.46072,1.5364,0.38983,0.76216,0.015325,0.01445,0.69695,254.21
0.95837,2.1782,4.7682,3.3826,2.3745,0.45863,1.5366,0.39019,0.7617,0.015318,0.01445,0.69692,254.25
0.95845,2.1209,4.761,3.2478,2.366,0.38879,1.5306,0.38997,0.76186,0.015346,0.01445,0.697,254.28
0.95854,2.1203,4.7617,3.2513,2.3663,0.38907,1.5312,0.39023,0.7617,0.015347,0.01445,0.69699,254.31
0.92649,2.907,5.1782,5.234,2.9209,1.584,1.8332,0.3926,0.76628,0.015388,0.01445,0.69356,254.31
0.95856,2.0635,4.7599,3.1236,2.3641,0.32235,1.5299,0.39035,0.76172,0.015365,0.01445,0.69706,254.31
0.95859,1.8904,4.7653,2.7356,2.3711,0.11788,1.5367,0.39064,0.76158,0.015368,0.01445,0.69732,254.28
0.95861,1.8409,4.7682,2.6233,2.3747,0.05872,1.5401,0.39072,0.76152,0.015371,0.01445,0.69742,254.29
0.95863,1.8348,4.7677,2.607,2.374,0.050416,1.5397,0.39061,0.76154,0.015371,0.01445,0.69745,254.29
0.95866,1.8338,4.7676,2.608,2.3739,0.049993,1.5398,0.39081,0.76142,0.01537,0.01445,0.69743,254.3
0.95868,1.8207,4.7685,2.5774,2.375,0.034326,1.5408,0.39074,0.76149,0.015375,0.01445,0.69747,254.31
0.92649,2.924,5.1776,5.273,2.9202,1.6046,1.8326,0.39258,0.76629,0.01539,0.01445,0.69354,254.31
0.92649,3.0323,5.1736,5.517,2.915,1.7328,1.8279,0.39243,0.76624,0.015392,0.01445,0.69343,254.31
0.92648,3.0634,5.1723,5.5872,2.9132,1.7697,1.8263,0.3924,0.76624,0.015395,0.01445,0.69339,254.31
0.92648,3.0726,5.1724,5.6081,2.9134,1.7809,1.8264,0.39239,0.76626,0.015393,0.01445,0.69338,254.31
0.92648,3.0864,5.1718,5.6392,2.9125,1.7971,1.8256,0.39236,0.76623,0.015393,0.01445,0.69337,254.31
0.92648,3.1095,5.1706,5.6912,2.9111,1.8246,1.8243,0.39235,0.76625,0.015394,0.01445,0.69334,254.32
0.92647,3.1147,5.1704,5.703,2.9109,1.8306,1.8241,0.39232,0.76622,0.015394,0.01445,0.69334,254.32
0.92647,3.1207,5.17,5.7167,2.9103,1.8379,1.8236,0.39232,0.76623,0.015394,0.01445,0.69333,254.32
0.92647,3.1255,5.1699,5.7275,2.9101,1.8436,1.8235,0.39231,0.76623,0.015395,0.01445,0.69332,254.32
0.92647,3.1275,5.1698,5.7321,2.9101,1.846,1.8234,0.39232,0.76622,0.015395,0.01445,0.69332,254.32
0.95868,1.7926,4.7701,2.5147,2.3772,0.00071801,1.5429,0.3908,0.76141,0.015378,0.01445,0.6975,254.31
0.95868,1.7926,4.7702,2.5143,2.3774,0.0007322,1.5429,0.39079,0.76143,0.015379,0.01445,0.6975,254.31
0.95869,1.7925,4.7702,2.514,2.3772,0.00072133,1.5428,0.39078,0.76146,0.01538,0.01445,0.69751,254.31
0.95869,1.7925,4.7701,2.5142,2.377,0.00071062,1.5426,0.3908,0.76144,0.015379,0.01445,0.69751,254.31
0.95869,1.7925,4.7698,2.5138,2.3765,0.00065874,1.5422,0.39078,0.76145,0.01538,0.01445,0.69751,254.31
0.95869,1.7924,4.7697,2.5139,2.3764,0.00064897,1.5422,0.39079,0.76144,0.01538,0.01445,0.69751,254.31
0.9587,1.7924,4.7695,2.5136,2.3761,0.00058603,1.5419,0.39078,0.76145,0.015381,0.01445,0.69752,254.32
0.9587,1.7924,4.7694,2.5136,2.376,0.00056868,1.5419,0.39078,0.76145,0.015381,0.01445,0.69752,254.32
0.9587,1.7924,4.7693,2.5135,2.3759,0.0005357,1.5418,0.39078,0.76145,0.015382,0.01445,0.69752,254.32
0.9587,1.7924,4.7694,2.5135,2.3759,0.0005199,1.5418,0.39078,0.76145,0.015382,0.01445,0.69752,254.32
0.95871,1.7924,4.7693,2.5135,2.3758,0.00048963,1.5417,0.39078,0.76145,0.015383,0.01445,0.69752,254.32
