0.74638,2.0334,4.9339,3.2441,2.6509,0.45856,1.6699,0.39311,0.76473,0.014458,0.01445,0.69554,253.04
0.76934,2.1926,5.221,3.511,2.9251,0.60198,1.9155,0.39245,0.76591,0.017317,0.01445,0.69481,253.37
0.74574,2.0346,4.8498,3.2329,2.5295,0.45359,1.5748,0.39287,0.76388,0.014878,0.01445,0.69583,253.02
0.7451,2.0551,4.7722,3.2474,2.4278,0.48579,1.4937,0.39287,0.76572,0.015,0.01445,0.69631,253.14
0.74446,2.0565,4.7259,3.2537,2.37,0.47507,1.4518,0.39264,0.76409,0.014841,0.01445,0.69609,253.33
0.74382,2.0655,4.672,3.2707,2.3039,0.50053,1.3942,0.39279,0.76567,0.015267,0.01445,0.6961,253.54
0.74318,2.0669,4.6162,3.2811,2.2324,0.49368,1.3417,0.39288,0.76423,0.014856,0.01445,0.69578,253.75
0.74254,2.0683,4.5736,3.2802,2.1828,0.51032,1.2966,0.39278,0.766,0.01535,0.01445,0.69578,253.99
0.7419,2.0727,4.5632,3.2979,2.1706,0.51096,1.2865,0.39288,0.76487,0.015268,0.01445,0.69571,254.27
0.77,2.2006,5.2641,3.5272,2.9787,0.59393,1.9634,0.39233,0.76409,0.016878,0.01445,0.69485,253.27
0.77066,2.2148,5.3033,3.5359,3.0309,0.59143,2.0106,0.39118,0.76337,0.016134,0.01445,0.69512,253.15
0.77132,2.2093,5.3663,3.5453,3.1031,0.59814,2.0681,0.3926,0.7633,0.015297,0.01445,0.69534,253.19
0.77198,2.2275,5.4279,3.5736,3.1812,0.61086,2.1318,0.39156,0.76348,0.015154,0.01445,0.69552,253.39
0.77264,2.2401,5.4786,3.6072,3.2421,0.62687,2.1825,0.39189,0.76344,0.015156,0.01445,0.69556,253.65
0.7733,2.2613,5.5366,3.641,3.314,0.64339,2.2428,0.39165,0.76317,0.015167,0.01445,0.6959,253.9
0.77396,2.2772,5.5884,3.6771,3.3757,0.66213,2.2939,0.39165,0.76332,0.015214,0.01445,0.69599,254.17
0.74183,2.1026,4.274,3.3379,1.7987,0.53681,0.99212,0.39174,0.76451,0.015461,0.01445,0.69468,254.09
0.74175,2.1074,4.2764,3.3752,1.7993,0.56209,0.98847,0.39291,0.76514,0.015399,0.01445,0.69446,254.11
0.74168,2.1108,4.2641,3.3848,1.7847,0.56609,0.97638,0.39275,0.76511,0.015366,0.01445,0.69431,254.14
0.74161,2.1115,4.2591,3.3918,1.7788,0.56697,0.97153,0.39293,0.7648,0.015366,0.01445,0.69423,254.17
0.74154,2.1156,4.2345,3.4033,1.7478,0.57492,0.94602,0.39286,0.76507,0.015397,0.01445,0.69404,254.2
0.74146,2.1175,4.2309,3.4097,1.7439,0.57738,0.94303,0.39298,0.76493,0.015388,0.01445,0.69401,254.23
0.74139,2.1226,4.2177,3.4226,1.7273,0.5842,0.92973,0.39299,0.76492,0.015395,0.01445,0.69393,254.26
0.74132,2.1299,4.2091,3.4377,1.7168,0.59313,0.92129,0.39289,0.76503,0.01541,0.01445,0.69389,254.29
0.77404,2.2817,5.6265,3.6817,3.4251,0.66132,2.3346,0.39118,0.76313,0.015259,0.01445,0.69612,254.19
0.77411,2.2721,5.6498,3.646,3.4538,0.64255,2.3598,0.39071,0.76306,0.015373,0.01445,0.69635,254.21
0.77419,2.2631,5.6535,3.6301,3.4584,0.6339,2.364,0.39113,0.76295,0.015366,0.01445,0.69636,254.24
0.77426,2.2352,5.6725,3.5565,3.4825,0.5987,2.3838,0.39067,0.76339,0.015372,0.01445,0.69655,254.27
0.77434,2.2283,5.69,3.5512,3.5025,0.59275,2.3999,0.3911,0.76303,0.015373,0.01445,0.69654,254.3
0.74131,2.1365,4.2075,3.454,1.7147,0.6005,0.91959,0.39292,0.76488,0.015409,0.01445,0.69386,254.29
0.74131,2.1922,4.2008,3.5773,1.706,0.66974,0.91226,0.39277,0.76544,0.015425,0.01445,0.6938,254.29
0.7413,2.1975,4.2009,3.5936,1.706,0.67482,0.91233,0.39293,0.765,0.015413,0.01445,0.69374,254.29
0.74129,2.2611,4.1965,3.7298,1.7008,0.74489,0.9083,0.39243,0.76483,0.015417,0.01445,0.69369,254.3
0.74128,2.2611,4.1965,3.7304,1.7011,0.74571,0.90856,0.3925,0.76488,0.015417,0.01445,0.69369,254.3
0.74128,2.262,4.197,3.7382,1.701,0.75117,0.90791,0.39282,0.765,0.015414,0.01445,0.69366,254.3
0.74127,2.3045,4.1929,3.8294,1.6958,0.79713,0.90382,0.39241,0.76482,0.015424,0.01445,0.69361,254.3
0.74126,2.3045,4.1929,3.8298,1.696,0.79789,0.90415,0.39245,0.76487,0.015424,0.01445,0.69361,254.31
0.74125,2.3054,4.1931,3.8365,1.6961,0.80276,0.90371,0.39276,0.76498,0.015419,0.01445,0.69359,254.31
0.74125,2.3358,4.19,3.9002,1.6921,0.83561,0.90048,0.39241,0.76493,0.015422,0.01445,0.69357,254.31
0.74124,2.336,4.1904,3.9057,1.6927,0.83911,0.9008,0.39272,0.76496,0.015418,0.01445,0.69354,254.32
0.74123,2.3409,4.1898,3.916,1.6919,0.84461,0.90022,0.39265,0.76499,0.01542,0.01445,0.69354,254.32
0.77435,2.202,5.7024,3.4829,3.5188,0.55859,2.4137,0.39075,0.76326,0.015414,0.01445,0.69669,254.3
0.77436,2.1952,5.711,3.4743,3.5292,0.55173,2.4222,0.39108,0.76295,0.015402,0.01445,0.69669,254.3
0.77436,2.0856,5.7269,3.2142,3.5504,0.4239,2.4402,0.3908,0.764,0.015428,0.01445,0.69701,254.29
0.77437,2.0779,5.729,3.2064,3.5523,0.4125,2.4422,0.39122,0.76308,0.015394,0.01445,0.69695,254.29
0.77438,1.9978,5.7294,3.0319,3.5529,0.31611,2.444,0.39147,0.76266,0.015375,0.01445,0.69697,254.28
0.77439,1.9978,5.7294,3.0319,3.5531,0.31744,2.4441,0.39147,0.7628,0.015375,0.01445,0.69697,254.28
0.77439,1.976,5.7302,2.9828,3.5544,0.29214,2.4449,0.39157,0.76281,0.015401,0.01445,0.697,254.28
0.7744,1.9624,5.7308,2.947,3.5553,0.2755,2.4455,0.39129,0.76307,0.015403,0.01445,0.69705,254.28
0.77441,1.9424,5.732,2.9054,3.5564,0.25179,2.4465,0.39149,0.76284,0.015399,0.01445,0.69706,254.29
0.77442,1.7293,5.7355,2.4264,3.5605,0.00043621,2.4512,0.39176,0.76288,0.015399,0.01445,0.6973,254.27
0.77442,1.7289,5.7355,2.4256,3.5605,1.0905e-06,2.4512,0.39176,0.76288,0.015398,0.01445,0.69731,254.27
0.77443,1.7289,5.7355,2.4256,3.5605,7.3749e-06,2.4512,0.39177,0.76288,0.015398,0.01445,0.69731,254.27
0.77444,1.7289,5.7355,2.4256,3.5605,1.0363e-05,2.4512,0.39177,0.76288,0.015398,0.01445,0.69731,254.28
0.77445,1.729,5.7355,2.4256,3.5605,1.3777e-05,2.4512,0.39178,0.76288,0.015398,0.01445,0.69731,254.28
0.77445,1.729,5.7355,2.4256,3.5605,1.4891e-05,2.4512,0.39178,0.76288,0.015398,0.01445,0.69731,254.28
0.77446,1.729,5.7355,2.4256,3.5605,1.6051e-05,2.4512,0.39179,0.76288,0.015398,0.01445,0.69731,254.29
0.77447,1.729,5.7355,2.4256,3.5605,1.7373e-05,2.4512,0.39179,0.76288,0.015398,0.01445,0.69731,254.29
0.77448,1.729,5.7355,2.4256,3.5605,1.8913e-05,2.4512,0.39179,0.76288,0.015398,0.01445,0.69731,254.29
0.77448,1.729,5.7355,2.4256,3.5605,2.0727e-05,2.4512,0.3918,0.76288,0.015398,0.01445,0.69731,254.3
0.77449,1.729,5.7355,2.4256,3.5605,2.2894e-05,2.4512,0.3918,0.76288,0.015398,0.01445,0.69731,254.3
0.7745,1.729,5.7355,2.4256,3.5605,2.5551e-05,2.4512,0.39181,0.76288,0.015398,0.01445,0.69731,254.3
0.77451,1.729,5.7355,2.4256,3.5605,2.8979e-05,2.4512,0.39181,0.76288,0.015398,0.01445,0.69731,254.31
0.77451,1.7291,5.7357,2.4256,3.5607,0.00031787,2.4515,0.39182,0.76288,0.015399,0.01445,0.69731,254.31
0.77452,1.7293,5.7365,2.4243,3.5616,3.0191e-05,2.4523,0.39174,0.76293,0.015408,0.01445,0.69732,254.31
0.77453,1.7293,5.7365,2.4243,3.5616,2.4521e-06,2.4523,0.39174,0.76293,0.015408,0.01445,0.69732,254.32
0.77454,1.7293,5.7365,2.4243,3.5616,2.7005e-06,2.4523,0.39174,0.76293,0.015408,0.01445,0.69732,254.32
