0.88323,2.1367,4.9804,3.4415,2.7907,0.57991,1.7768,0.39629,0.76575,0.01438,0.01445,0.69504,252.96
0.91041,2.0724,5.1457,3.2714,2.7311,0.474,1.7703,0.39253,0.76437,0.015615,0.01445,0.69626,252.67
0.88247,2.165,4.9526,3.4736,2.7681,0.5672,1.7603,0.39215,0.76347,0.014873,0.01445,0.69461,252.96
0.88172,2.1859,4.9199,3.4955,2.7365,0.60128,1.7323,0.39196,0.76553,0.015297,0.01445,0.69489,253.19
0.88096,2.1921,4.8695,3.5177,2.6768,0.59974,1.6854,0.39234,0.7637,0.015117,0.01445,0.69464,253.39
0.8802,2.2005,4.862,3.5297,2.675,0.60976,1.6824,0.39194,0.76415,0.015234,0.01445,0.69463,253.66
0.87944,2.2008,4.8333,3.5328,2.6448,0.60727,1.6572,0.39179,0.76372,0.015417,0.01445,0.69447,253.91
0.87869,2.2022,4.8046,3.5389,2.617,0.61418,1.6335,0.39223,0.764,0.015423,0.01445,0.69433,254.19
0.91119,2.0853,5.1897,3.2852,2.7805,0.48114,1.8144,0.39206,0.76432,0.0152,0.01445,0.69664,252.84
0.91197,2.091,5.2171,3.2965,2.8066,0.48463,1.8361,0.39204,0.76389,0.015131,0.01445,0.69681,253.08
0.91275,2.0893,5.2308,3.2942,2.8157,0.48404,1.8449,0.3922,0.76391,0.015155,0.01445,0.69688,253.35
0.91353,2.0879,5.2489,3.2822,2.8291,0.47748,1.8579,0.39189,0.76378,0.015353,0.01445,0.69709,253.61
0.91431,2.0901,5.2694,3.2964,2.8468,0.48537,1.8727,0.39239,0.76387,0.015355,0.01445,0.69711,253.9
0.91509,2.0952,5.2874,3.3072,2.8619,0.49026,1.8862,0.39226,0.76385,0.015389,0.01445,0.69717,254.19
0.8786,2.1982,4.715,3.5166,2.5035,0.61265,1.5416,0.39151,0.76502,0.015672,0.01445,0.6941,254.18
0.87852,2.1969,4.7055,3.5299,2.4914,0.61047,1.533,0.39234,0.76386,0.015579,0.01445,0.69393,254.2
0.87843,2.1919,4.6823,3.517,2.4612,0.60457,1.5084,0.39216,0.76392,0.015532,0.01445,0.69384,254.22
0.87834,2.1882,4.6385,3.4949,2.4069,0.60232,1.4646,0.39154,0.76496,0.015514,0.01445,0.69379,254.24
0.87826,2.1872,4.6316,3.5101,2.3983,0.60266,1.4582,0.39244,0.76399,0.015507,0.01445,0.69361,254.27
0.87817,2.1859,4.6216,3.5017,2.386,0.60064,1.4477,0.39194,0.76433,0.015534,0.01445,0.69359,254.3
0.91518,2.0981,5.2955,3.3096,2.8709,0.49058,1.8941,0.392,0.76376,0.015422,0.01445,0.69722,254.22
0.91527,2.0908,5.2958,3.2916,2.8695,0.48091,1.8935,0.39202,0.76367,0.015518,0.01445,0.69727,254.25
0.91536,2.0831,5.3033,3.2695,2.8793,0.47036,1.902,0.39194,0.76375,0.015479,0.01445,0.69734,254.29
0.91545,2.0645,5.3092,3.2297,2.8843,0.44876,1.9061,0.39197,0.76371,0.015517,0.01445,0.69738,254.32
0.87816,2.1844,4.6102,3.5028,2.3713,0.59878,1.4358,0.39212,0.76403,0.015548,0.01445,0.69349,254.3
0.87815,2.1831,4.6001,3.4981,2.3585,0.59864,1.4253,0.39198,0.7643,0.015553,0.01445,0.69346,254.3
0.87814,2.1777,4.5915,3.4901,2.3472,0.59217,1.4163,0.39214,0.76403,0.015556,0.01445,0.69338,254.3
0.87814,2.1777,4.5915,3.4901,2.3472,0.59232,1.4164,0.39214,0.76405,0.015556,0.01445,0.69338,254.31
0.87813,2.1564,4.563,3.4371,2.3109,0.56979,1.3864,0.39184,0.76467,0.01554,0.01445,0.69331,254.31
0.87812,2.1547,4.5633,3.4435,2.3114,0.56757,1.3877,0.39238,0.764,0.015518,0.01445,0.69322,254.31
0.87811,2.1547,4.5633,3.4435,2.3114,0.56816,1.3879,0.39238,0.76408,0.015518,0.01445,0.69322,254.31
0.8781,2.152,4.5593,3.4331,2.3064,0.56416,1.3838,0.39203,0.76433,0.015532,0.01445,0.69322,254.32
0.91546,1.979,5.3263,3.0332,2.9062,0.34328,1.9256,0.3919,0.7635,0.015488,0.01445,0.69756,254.32
