0.55665,2.0726,5.0401,3.409,2.6763,0.54288,1.7003,0.39707,0.76417,0.014093,0.01445,0.69577,251.58
0.54808,2.0768,5.1297,3.5329,2.7232,0.58123,1.7322,0.39569,0.76333,0.016722,0.01445,0.69605,254.27
0.57377,2.155,4.9212,3.3462,2.6482,0.52361,1.6885,0.39131,0.76469,0.01608,0.01445,0.69461,251.73
0.58234,2.2404,4.9323,3.5252,2.7243,0.63009,1.7504,0.39702,0.76473,0.015937,0.01445,0.69353,254.32
0.54757,2.0843,5.204,3.5169,2.8175,0.57879,1.8108,0.39571,0.76336,0.015772,0.01445,0.6968,254.03
0.54705,2.0991,5.2608,3.5082,2.8888,0.58298,1.8722,0.39492,0.76374,0.015093,0.01445,0.69756,254.04
0.54654,2.1246,5.3006,3.5405,2.9322,0.60829,1.9082,0.3946,0.7642,0.015502,0.01445,0.69821,254.09
0.54602,2.1278,5.346,3.5216,2.9886,0.59612,1.9565,0.39384,0.76356,0.015014,0.01445,0.6987,254.24
0.58289,2.2763,4.8693,3.5405,2.6506,0.61041,1.6931,0.38914,0.76369,0.015598,0.01445,0.69291,254.04
0.58343,2.2667,4.8466,3.5729,2.6254,0.63207,1.6681,0.39222,0.76413,0.015574,0.01445,0.69231,254.18
0.58398,2.2991,4.8227,3.6482,2.6011,0.66336,1.647,0.39089,0.76407,0.015521,0.01445,0.69169,254.3
0.54597,2.1786,5.385,3.599,3.0337,0.66138,1.9929,0.3936,0.76579,0.01554,0.01445,0.69945,254.14
0.54591,2.1979,5.4188,3.6224,3.0767,0.66587,2.031,0.39321,0.76434,0.01541,0.01445,0.6998,254.1
0.54586,2.2197,5.4548,3.6386,3.121,0.68231,2.0689,0.39278,0.76462,0.015498,0.01445,0.70039,254.08
0.54581,2.2232,5.4656,3.6362,3.1347,0.67869,2.0812,0.3924,0.76417,0.015464,0.01445,0.70054,254.09
0.54575,2.2116,5.5544,3.5343,3.2429,0.64167,2.1778,0.3916,0.7648,0.015305,0.01445,0.702,253.99
0.5457,2.2016,5.5872,3.4901,3.2837,0.61303,2.2164,0.3907,0.76417,0.015509,0.01445,0.70237,253.94
0.54564,2.1327,5.7881,3.2753,3.5344,0.5089,2.4335,0.39023,0.76498,0.015308,0.01445,0.70392,253.85
0.54559,2.1138,5.7921,3.2503,3.539,0.48534,2.4388,0.391,0.76377,0.015573,0.01445,0.70378,253.85
0.54554,2.1138,5.7921,3.2504,3.5391,0.48569,2.4388,0.391,0.7638,0.015573,0.01445,0.70378,253.86
0.54548,2.1097,5.7941,3.235,3.541,0.47948,2.4392,0.39044,0.76407,0.015555,0.01445,0.70383,253.87
0.54543,2.0877,5.7926,3.1832,3.5393,0.45257,2.4392,0.39029,0.7642,0.015555,0.01445,0.70388,253.88
0.54538,2.071,5.7943,3.1526,3.5402,0.43288,2.4398,0.39068,0.76375,0.015613,0.01445,0.70387,253.88
0.54532,2.071,5.7943,3.1526,3.5402,0.4333,2.4398,0.39068,0.76379,0.015613,0.01445,0.70387,253.9
0.54527,2.0673,5.7958,3.1413,3.5416,0.42818,2.4407,0.39038,0.76394,0.01558,0.01445,0.7039,253.91
0.54521,1.986,5.8087,2.9524,3.5577,0.32812,2.4567,0.39021,0.76402,0.015542,0.01445,0.70411,253.9
0.54516,1.9807,5.812,2.9468,3.5607,0.32498,2.4577,0.39055,0.7639,0.015575,0.01445,0.7041,253.91
0.54511,1.9133,5.8267,2.8039,3.5789,0.24905,2.473,0.39112,0.76387,0.01564,0.01445,0.70416,253.91
0.54505,1.8997,5.8296,2.764,3.583,0.22742,2.4781,0.39048,0.76395,0.015547,0.01445,0.70424,253.92
0.545,1.8862,5.8307,2.7434,3.5839,0.21469,2.4783,0.39111,0.76366,0.015653,0.01445,0.7042,253.93
0.54495,1.8793,5.8318,2.7195,3.5851,0.20292,2.4799,0.3905,0.76385,0.015571,0.01445,0.70427,253.94
0.54489,1.8671,5.8356,2.6999,3.5889,0.19218,2.4828,0.39099,0.76376,0.015631,0.01445,0.70425,253.95
0.54484,1.8566,5.8404,2.6759,3.5943,0.18093,2.4865,0.39096,0.76393,0.015594,0.01445,0.70429,253.96
0.54478,1.8319,5.8449,2.6278,3.5997,0.1543,2.4917,0.39152,0.76376,0.015629,0.01445,0.7043,253.97
0.54473,1.7831,5.8544,2.5069,3.6116,0.089824,2.5031,0.39074,0.76384,0.015589,0.01445,0.70446,253.96
0.54468,1.7648,5.8582,2.4729,3.6161,0.0694,2.507,0.3912,0.76352,0.015643,0.01445,0.70445,253.97
0.54462,1.7549,5.8606,2.4413,3.6194,0.054717,2.5104,0.39061,0.76384,0.015556,0.01445,0.70453,253.98
0.54457,1.7512,5.8634,2.4389,3.6216,0.053179,2.5115,0.39093,0.76376,0.015597,0.01445,0.70452,254
0.54452,1.7089,5.8776,2.343,3.6394,0.001083,2.5272,0.39091,0.76364,0.015595,0.01445,0.70461,254
0.54446,1.7078,5.8779,2.3416,3.6396,0.00030443,2.5273,0.39097,0.76364,0.015599,0.01445,0.70461,254.01
0.54441,1.7074,5.8786,2.342,3.6398,0.0004448,2.5274,0.39099,0.76364,0.015601,0.01445,0.70461,254.02
0.54435,1.7066,5.8798,2.3418,3.6407,0.00099952,2.5278,0.39106,0.76371,0.015633,0.01445,0.70462,254.04
0.5443,1.7079,5.887,2.3398,3.6497,5.3062e-05,2.5358,0.39088,0.76374,0.015623,0.01445,0.7047,254.05
0.54425,1.7079,5.8875,2.3406,3.6497,0.00050601,2.536,0.39091,0.76374,0.015623,0.01445,0.7047,254.06
0.54419,1.7079,5.8879,2.3415,3.6497,0.00097698,2.536,0.39093,0.76373,0.015623,0.01445,0.7047,254.08
0.54414,1.7074,5.8899,2.3429,3.6517,0.001426,2.5375,0.39107,0.76369,0.015651,0.01445,0.7047,254.09
0.54409,1.707,5.8961,2.3416,3.659,0.00043291,2.5437,0.39105,0.76366,0.01566,0.01445,0.70473,254.1
0.54403,1.7074,5.8978,2.3414,3.6611,0.00045286,2.5455,0.39098,0.7637,0.015656,0.01445,0.70475,254.11
0.54398,1.7069,5.898,2.3409,3.6613,1.1733e-05,2.5458,0.39098,0.76369,0.015656,0.01445,0.70475,254.13
0.54393,1.7066,5.8985,2.3412,3.6614,1.8036e-05,2.5459,0.391,0.76369,0.015656,0.01445,0.70475,254.14
0.54387,1.7063,5.8988,2.3413,3.6615,1.743e-05,2.5459,0.39101,0.76368,0.015657,0.01445,0.70475,254.15
0.54382,1.7061,5.8992,2.3416,3.6616,1.5576e-05,2.546,0.39102,0.76368,0.015657,0.01445,0.70476,254.17
0.54376,1.7057,5.9028,2.3412,3.6655,1.6683e-06,2.5494,0.39109,0.76368,0.015684,0.01445,0.70478,254.18
0.54371,1.7058,5.9061,2.342,3.6689,0.00048351,2.5516,0.39109,0.76367,0.015685,0.01445,0.70479,254.19
0.54366,1.7088,5.9159,2.3428,3.6809,0.0011837,2.5628,0.39087,0.76373,0.01569,0.01445,0.70489,254.2
0.5436,1.7078,5.9169,2.3418,3.6815,0.00054162,2.5634,0.39092,0.7637,0.01569,0.01445,0.70489,254.22
0.54355,1.7076,5.919,2.3434,3.6841,0.0010553,2.5655,0.39104,0.76365,0.015702,0.01445,0.70489,254.23
0.5435,1.7083,5.9286,2.3415,3.6955,0.00022796,2.5753,0.39091,0.7637,0.015718,0.01445,0.70497,254.24
0.54344,1.708,5.9293,2.3418,3.6959,0.00033021,2.5756,0.39093,0.76369,0.015718,0.01445,0.70497,254.26
0.54339,1.7085,5.9373,2.3453,3.706,0.00038436,2.5843,0.39119,0.76344,0.015705,0.01445,0.70499,254.27
0.54333,1.7081,5.9376,2.3448,3.7063,3.9996e-05,2.5847,0.39117,0.76345,0.015706,0.01445,0.705,254.28
0.54328,1.7081,5.9382,2.3452,3.7063,0.00036783,2.5847,0.39117,0.76347,0.015706,0.01445,0.705,254.29
0.54323,1.7081,5.9386,2.346,3.7063,0.00074336,2.5848,0.39117,0.76347,0.015706,0.01445,0.705,254.31
0.58404,2.2789,4.7305,3.6299,2.4854,0.6448,1.5517,0.39086,0.76349,0.015491,0.01445,0.69087,254.16
0.58409,2.254,4.6133,3.616,2.3364,0.63809,1.425,0.3919,0.76361,0.015502,0.01445,0.68989,254.04
0.58415,2.2606,4.5417,3.64,2.2443,0.65497,1.3492,0.39166,0.76427,0.015493,0.01445,0.68941,254
0.58421,2.2575,4.5092,3.638,2.2032,0.65508,1.3154,0.39168,0.76439,0.015495,0.01445,0.68921,254
0.58427,2.2575,4.4971,3.6443,2.188,0.65186,1.3032,0.39199,0.76358,0.015486,0.01445,0.68909,254.01
0.58432,2.2594,4.4817,3.6425,2.1684,0.65607,1.2864,0.39152,0.76417,0.015495,0.01445,0.68905,254.02
0.58438,2.2525,4.4668,3.6377,2.1497,0.65025,1.2711,0.39218,0.76365,0.015497,0.01445,0.68891,254.04
0.58444,2.2551,4.4508,3.6359,2.1296,0.65432,1.2541,0.39159,0.7643,0.015508,0.01445,0.68887,254.05
0.5845,2.2484,4.4376,3.6316,2.1131,0.64806,1.2409,0.39223,0.76372,0.015507,0.01445,0.68873,254.07
0.58455,2.2511,4.4239,3.63,2.0958,0.65105,1.2264,0.39164,0.76426,0.015516,0.01445,0.6887,254.08
0.58461,2.2451,4.4106,3.6264,2.0791,0.64616,1.2129,0.39222,0.76378,0.015517,0.01445,0.68857,254.1
0.58467,2.2477,4.3989,3.6252,2.0644,0.64871,1.2005,0.39169,0.7642,0.015524,0.01445,0.68854,254.11
0.58473,2.242,4.3868,3.6212,2.0493,0.64391,1.1883,0.39223,0.76378,0.015527,0.01445,0.68843,254.13
0.58478,2.2447,4.3754,3.6208,2.0352,0.64777,1.1765,0.39177,0.7643,0.015536,0.01445,0.6884,254.15
0.58484,2.24,4.3673,3.618,2.0251,0.64262,1.1686,0.39224,0.76381,0.015535,0.01445,0.6883,254.17
0.5849,2.2423,4.3561,3.6169,2.0111,0.64598,1.1569,0.39177,0.76433,0.015545,0.01445,0.68827,254.19
0.58496,2.2372,4.3488,3.6137,2.002,0.64086,1.1498,0.39228,0.76385,0.015544,0.01445,0.68817,254.21
0.58501,2.2372,4.3362,3.6117,1.9866,0.64117,1.1367,0.39204,0.764,0.015553,0.01445,0.68811,254.22
0.58507,2.2347,4.3129,3.606,1.9575,0.63924,1.1127,0.39186,0.76414,0.015569,0.01445,0.68796,254.24
0.58513,2.2311,4.3094,3.6037,1.9532,0.63649,1.1092,0.39224,0.76392,0.015569,0.01445,0.6879,254.26
0.58519,2.2331,4.3057,3.6055,1.949,0.63863,1.1055,0.39202,0.76407,0.015571,0.01445,0.68788,254.28
0.58524,2.2288,4.2971,3.6005,1.9384,0.6345,1.0972,0.39218,0.76395,0.015576,0.01445,0.68777,254.3
0.54322,1.709,5.942,2.3441,3.7105,0.0015311,2.5878,0.39094,0.76371,0.015732,0.01445,0.70504,254.31
0.54322,1.7078,5.9433,2.3418,3.7117,0.00014064,2.589,0.39095,0.76368,0.015731,0.01445,0.70504,254.31
0.54321,1.71,5.9519,2.3454,3.7228,0.00037679,2.5988,0.39102,0.76345,0.015742,0.01445,0.70509,254.31
0.54321,1.7097,5.952,2.345,3.7228,0.00019154,2.599,0.39101,0.76347,0.015741,0.01445,0.70509,254.31
0.5432,1.7097,5.9521,2.345,3.7228,0.00024138,2.599,0.39101,0.76347,0.015741,0.01445,0.70509,254.31
0.5432,1.7096,5.9521,2.3446,3.7229,4.454e-05,2.599,0.39101,0.76347,0.015741,0.01445,0.70509,254.31
0.54319,1.7096,5.9534,2.3429,3.7244,0.00017468,2.6002,0.3909,0.76361,0.01574,0.01445,0.70511,254.31
0.54319,1.7095,5.955,2.3432,3.7262,0.00017282,2.6017,0.39095,0.76359,0.015742,0.01445,0.70511,254.32
0.54318,1.7097,5.9599,2.3431,3.7324,0.0001673,2.6069,0.39095,0.76359,0.015746,0.01445,0.70514,254.32
0.54318,1.7097,5.9599,2.3431,3.7325,0.0001673,2.607,0.39095,0.76359,0.015746,0.01445,0.70514,254.32
0.54317,1.7102,5.9609,2.343,3.7337,0.00015736,2.608,0.39089,0.7636,0.015742,0.01445,0.70515,254.32
0.58525,2.2288,4.2971,3.6005,1.9385,0.63468,1.0972,0.39218,0.76396,0.015576,0.01445,0.68777,254.3
0.58525,2.2288,4.2971,3.6005,1.939,0.63537,1.0972,0.39218,0.76402,0.015576,0.01445,0.68777,254.3
0.58526,2.2298,4.2962,3.6,1.9376,0.63539,1.0961,0.39198,0.76408,0.015577,0.01445,0.68777,254.31
0.58526,2.2279,4.2947,3.5981,1.9358,0.63364,1.0946,0.39211,0.76398,0.015578,0.01445,0.68775,254.31
0.58527,2.2279,4.2947,3.5981,1.9358,0.63397,1.0947,0.39211,0.76403,0.015578,0.01445,0.68775,254.31
0.58527,2.2238,4.2932,3.5883,1.9341,0.62891,1.0931,0.39206,0.76404,0.015579,0.01445,0.68775,254.31
0.58528,2.2141,4.2895,3.567,1.9294,0.61794,1.0891,0.39205,0.76408,0.015582,0.01445,0.68772,254.31
0.58529,2.2137,4.2896,3.5666,1.9295,0.61757,1.0893,0.39208,0.76406,0.015581,0.01445,0.68772,254.32
0.58529,2.2119,4.2896,3.5628,1.9295,0.61527,1.0893,0.39211,0.76402,0.015581,0.01445,0.68772,254.32
