0.80327,2.1312,4.9622,3.4902,2.7209,0.60482,1.7233,0.39908,0.76493,0.014061,0.01445,0.69559,253.61
0.82799,2.1363,5.2134,3.4414,2.865,0.56084,1.8705,0.39439,0.76517,0.016743,0.01445,0.69507,253.19
0.80258,2.1571,4.8941,3.4945,2.6423,0.59151,1.6604,0.39374,0.76395,0.014657,0.01445,0.69534,253.3
0.80189,2.1605,4.8173,3.4581,2.5475,0.59649,1.5831,0.39182,0.76652,0.015191,0.01445,0.69565,253.42
0.8012,2.1706,4.8044,3.4894,2.5352,0.59796,1.5744,0.39232,0.76441,0.015119,0.01445,0.69557,253.66
0.80051,2.1799,4.4999,3.4828,2.1297,0.60367,1.2532,0.39136,0.76411,0.015484,0.01445,0.69506,253.57
0.79983,2.2015,4.4786,3.5729,2.1156,0.65612,1.2378,0.39336,0.76494,0.015138,0.01445,0.69436,253.82
0.79914,2.1958,4.4386,3.5574,2.0719,0.64097,1.202,0.39236,0.76441,0.015384,0.01445,0.69403,254.07
0.79845,2.1905,4.3022,3.5633,1.8926,0.65282,1.0569,0.3935,0.76476,0.015132,0.01445,0.69345,254.3
0.8287,2.1607,5.243,3.4553,2.8981,0.55421,1.9045,0.39178,0.76364,0.016296,0.01445,0.69535,253.16
0.82941,2.1833,5.3304,3.4989,3.0077,0.57928,1.9942,0.39235,0.76352,0.015423,0.01445,0.69596,253.12
0.83012,2.2316,5.4369,3.6076,3.1377,0.63672,2.1007,0.39256,0.7637,0.015054,0.01445,0.69632,253.32
0.83083,2.2559,5.4898,3.6503,3.2015,0.65536,2.1542,0.39169,0.76351,0.015084,0.01445,0.69648,253.57
0.83154,2.2689,5.5333,3.6706,3.25,0.66539,2.196,0.39148,0.76338,0.015264,0.01445,0.69672,253.84
0.83225,2.2813,5.577,3.6939,3.3006,0.67759,2.2388,0.39144,0.76337,0.015281,0.01445,0.6969,254.12
0.79837,2.2008,4.2912,3.5754,1.8842,0.65888,1.0506,0.39266,0.76493,0.01528,0.01445,0.69337,254.32
0.83233,2.2818,5.5962,3.6793,3.3242,0.66973,2.2598,0.39084,0.76329,0.015374,0.01445,0.6971,254.15
0.83241,2.2717,5.6038,3.6659,3.3313,0.66319,2.2652,0.39137,0.76329,0.015375,0.01445,0.6971,254.18
0.8325,2.2709,5.6103,3.6598,3.3397,0.65953,2.2721,0.39111,0.7633,0.01537,0.01445,0.69715,254.21
0.83258,2.2496,5.6281,3.6214,3.3609,0.63651,2.2907,0.39176,0.76299,0.015391,0.01445,0.69718,254.24
0.83266,2.2498,5.6458,3.6141,3.384,0.63443,2.3088,0.39123,0.76325,0.015401,0.01445,0.69726,254.27
0.83274,2.2237,5.661,3.558,3.4021,0.60485,2.3241,0.39162,0.76316,0.01543,0.01445,0.69736,254.3
0.79836,2.2052,4.2433,3.5923,1.8254,0.66268,1.0036,0.39241,0.76456,0.015557,0.01445,0.6929,254.3
0.79835,2.2185,4.2145,3.6298,1.7856,0.69045,0.97043,0.39316,0.7652,0.01539,0.01445,0.69279,254.3
0.79835,2.2292,4.2086,3.6506,1.778,0.69706,0.96536,0.3927,0.76479,0.015425,0.01445,0.69273,254.3
0.79834,2.2809,4.2005,3.7677,1.7681,0.75878,0.95668,0.39267,0.76475,0.015456,0.01445,0.69262,254.3
0.79833,2.2862,4.1958,3.778,1.7618,0.76521,0.95166,0.39252,0.76489,0.015462,0.01445,0.6926,254.3
0.79832,2.287,4.1932,3.7815,1.7586,0.7659,0.94899,0.39258,0.76475,0.015461,0.01445,0.69257,254.31
0.79832,2.3061,4.18,3.826,1.7418,0.79095,0.93521,0.39266,0.76489,0.015469,0.01445,0.69247,254.31
0.79831,2.323,4.1755,3.863,1.7359,0.81044,0.93041,0.39249,0.76492,0.015469,0.01445,0.69243,254.31
0.7983,2.3262,4.1749,3.8717,1.7354,0.81349,0.92994,0.39254,0.76475,0.015467,0.01445,0.6924,254.32
0.79829,2.3262,4.1749,3.8717,1.7354,0.81359,0.93001,0.39254,0.76476,0.015467,0.01445,0.6924,254.32
0.83275,2.185,5.6665,3.4679,3.4093,0.55557,2.3303,0.39134,0.76304,0.015424,0.01445,0.69742,254.3
0.83276,2.185,5.6666,3.4679,3.4093,0.5558,2.3305,0.39134,0.76306,0.015424,0.01445,0.69742,254.3
0.83276,2.1553,5.6799,3.3995,3.4265,0.52255,2.3444,0.3914,0.76338,0.015449,0.01445,0.69751,254.3
0.83277,2.1339,5.6821,3.35,3.43,0.4928,2.3483,0.39124,0.76303,0.015407,0.01445,0.69753,254.3
0.83278,2.1075,5.6877,3.2949,3.4363,0.4663,2.3529,0.39166,0.76321,0.015468,0.01445,0.69758,254.3
0.83279,2.0893,5.6894,3.244,3.4395,0.43931,2.3559,0.3911,0.76323,0.015425,0.01445,0.69765,254.3
0.8328,2.0826,5.69,3.2364,3.4398,0.4347,2.3561,0.39155,0.76313,0.015441,0.01445,0.69762,254.31
0.83281,1.9994,5.6888,3.0391,3.4394,0.33329,2.3563,0.39112,0.76344,0.015437,0.01445,0.69776,254.3
0.83281,1.9949,5.6905,3.0402,3.4411,0.33066,2.3582,0.39177,0.76301,0.015436,0.01445,0.69771,254.3
0.83282,1.9792,5.6906,2.9989,3.4409,0.31165,2.3582,0.39143,0.76338,0.015444,0.01445,0.69776,254.3
0.83283,1.9649,5.6913,2.9727,3.442,0.29432,2.3594,0.39176,0.76296,0.015428,0.01445,0.69773,254.31
0.83284,1.9613,5.6917,2.9621,3.4422,0.29107,2.3592,0.39159,0.76323,0.015438,0.01445,0.69776,254.31
0.83285,1.9477,5.6919,2.9338,3.4423,0.27401,2.3595,0.39173,0.76297,0.015434,0.01445,0.69775,254.31
0.83285,1.9442,5.6921,2.9235,3.4424,0.27128,2.3593,0.3916,0.76328,0.015444,0.01445,0.69778,254.31
0.83286,1.9322,5.6925,2.9002,3.4429,0.25594,2.3602,0.39183,0.76292,0.015435,0.01445,0.69776,254.32
