1.04,2.0332,4.9222,3.1612,2.5854,0.41364,1.6549,0.39228,0.76423,0.014351,0.01445,0.6955,250.58
1.0365,2.0117,4.8708,3.1022,2.5196,0.37655,1.6207,0.39213,0.76373,0.014503,0.01445,0.69555,250.72
1.0331,1.9937,4.8542,3.0631,2.5026,0.34753,1.6278,0.39204,0.76357,0.014747,0.01445,0.69538,250.99
1.0296,2.02,4.8549,3.1128,2.5,0.37584,1.6482,0.39256,0.76407,0.014401,0.01445,0.69574,251.39
1.0262,2.0324,4.8507,3.1308,2.4955,0.37415,1.6677,0.39187,0.76348,0.014896,0.01445,0.69577,251.85
1.0227,2.0385,4.8332,3.1165,2.4738,0.36194,1.6726,0.3913,0.7631,0.01437,0.01445,0.69615,252.51
1.0193,1.9887,4.49,3.0303,2.0369,0.32206,1.312,0.39199,0.763,0.015148,0.01445,0.69465,252.59
1.0159,2.0089,4.4836,3.0704,2.0292,0.35074,1.3254,0.39195,0.76458,0.015139,0.01445,0.69469,253.26
1.0124,2.0094,4.4786,3.0669,2.0241,0.33052,1.3463,0.3918,0.7631,0.015949,0.01445,0.69473,253.99
1.0468,2.0484,5.012,3.2037,2.6981,0.44068,1.7086,0.39226,0.76392,0.014448,0.01445,0.69562,250.57
1.0503,2.0506,5.0949,3.2127,2.8031,0.44786,1.7777,0.39239,0.76398,0.014496,0.01445,0.69583,250.7
1.0537,2.0518,5.2008,3.218,2.9364,0.45065,1.8714,0.39232,0.76391,0.014536,0.01445,0.69611,250.92
1.0572,2.0559,5.2531,3.231,3.0032,0.46292,1.9063,0.39239,0.76415,0.014676,0.01445,0.6962,251.22
1.0606,1.953,5.3777,2.9964,3.1592,0.34163,2.0193,0.39236,0.76423,0.014808,0.01445,0.69675,251.6
1.0641,1.9553,5.459,3.0081,3.2619,0.35062,2.0849,0.39255,0.76428,0.014956,0.01445,0.69692,252.07
1.0675,1.949,5.5476,3.0002,3.3727,0.34873,2.1579,0.39287,0.76428,0.015211,0.01445,0.69714,252.62
1.0709,1.9741,5.6243,3.0584,3.4698,0.38338,2.2181,0.39269,0.76448,0.015375,0.01445,0.69728,253.23
1.0744,2.0036,5.7086,3.1282,3.575,0.42279,2.2853,0.39263,0.76453,0.015625,0.01445,0.69745,253.91
1.0116,1.943,4.1434,2.9349,1.5974,0.27821,0.97414,0.39196,0.76357,0.015635,0.01445,0.69321,253.87
1.0108,1.9418,4.143,2.9352,1.597,0.27552,0.97799,0.39212,0.76332,0.015574,0.01445,0.69317,254.03
1.0101,1.9457,4.1393,2.9448,1.5921,0.27796,0.97934,0.3922,0.76322,0.015757,0.01445,0.69312,254.18
1.0752,2.0004,5.7348,3.1284,3.6066,0.42112,2.3073,0.39293,0.76436,0.015724,0.01445,0.69745,254.09
1.076,2.0037,5.7474,3.131,3.6239,0.42563,2.3161,0.39268,0.76456,0.015745,0.01445,0.69752,254.27
1.01,1.939,4.1182,2.9252,1.5664,0.27079,0.9569,0.39201,0.76342,0.015739,0.01445,0.69312,254.19
1.0099,1.9263,4.0985,2.898,1.5408,0.25708,0.93531,0.39204,0.76344,0.015747,0.01445,0.69304,254.2
1.0098,1.8858,4.078,2.8092,1.5145,0.21109,0.91284,0.39215,0.76345,0.015752,0.01445,0.69297,254.22
1.0097,1.8819,4.0766,2.8001,1.513,0.20656,0.91183,0.39213,0.76347,0.015756,0.01445,0.69296,254.24
1.0097,1.802,4.0721,2.6209,1.5072,0.11231,0.9076,0.39228,0.76344,0.015761,0.01445,0.69304,254.25
1.0096,1.7993,4.072,2.6139,1.5072,0.10833,0.90822,0.39225,0.76343,0.01577,0.01445,0.69305,254.27
1.0095,1.7963,4.0712,2.6071,1.5063,0.10474,0.90801,0.39227,0.76344,0.015775,0.01445,0.69305,254.29
1.0094,1.7935,4.0702,2.6007,1.505,0.10116,0.90751,0.39226,0.76342,0.015781,0.01445,0.69306,254.31
1.0761,2.0037,5.7475,3.131,3.6242,0.42587,2.3161,0.3927,0.76459,0.015745,0.01445,0.69752,254.28
1.0762,2.0048,5.7489,3.1325,3.6259,0.42723,2.3167,0.39264,0.76463,0.015754,0.01445,0.69754,254.3
1.0763,2.0049,5.7494,3.1337,3.6269,0.42827,2.3171,0.39275,0.76466,0.015756,0.01445,0.69753,254.32
1.0094,1.7871,4.0683,2.5864,1.5025,0.09354,0.90543,0.39228,0.7634,0.015784,0.01445,0.69306,254.31
1.0094,1.7076,4.0679,2.408,1.5018,8.0432e-06,0.90509,0.39244,0.7634,0.015782,0.01445,0.69316,254.31
1.0093,1.708,4.0677,2.408,1.5016,8.9559e-06,0.90508,0.39239,0.7634,0.015787,0.01445,0.69316,254.32
