0.93315,2.0515,4.9796,3.1954,2.8014,0.42606,1.7891,0.3919,0.76393,0.014518,0.01445,0.69467,252.38
0.96187,2.0615,5.0519,3.2457,2.6014,0.46844,1.6655,0.39246,0.76463,0.015278,0.01445,0.69654,252.4
0.92753,2.0137,5.0016,3.0925,2.8889,0.36996,1.853,0.39193,0.76365,0.015483,0.01445,0.69481,253.95
0.96766,2.0832,5.1131,3.3374,2.619,0.51693,1.6857,0.39479,0.76448,0.015339,0.01445,0.6967,254.13
0.92673,2.0125,5.0011,3.0862,2.8956,0.36561,1.8563,0.39173,0.76351,0.015481,0.01445,0.69481,254.21
0.92664,2.0102,4.9991,3.0814,2.8948,0.36526,1.8557,0.39181,0.76377,0.015545,0.01445,0.69479,254.24
0.92655,2.009,4.9984,3.0802,2.895,0.36274,1.8558,0.39185,0.76358,0.015565,0.01445,0.69476,254.27
0.92646,1.9938,4.9976,3.0467,2.8961,0.34459,1.857,0.39194,0.76355,0.015615,0.01445,0.69473,254.3
0.96776,2.1038,5.1016,3.3555,2.6036,0.52348,1.6748,0.39304,0.76411,0.015429,0.01445,0.69686,254.12
0.96785,2.1093,5.0925,3.3553,2.5916,0.5247,1.6655,0.39227,0.76426,0.015472,0.01445,0.6969,254.14
0.96795,2.1105,5.0549,3.3628,2.5423,0.52654,1.6265,0.39266,0.76383,0.015614,0.01445,0.69681,254.16
0.96804,2.1146,5.0495,3.362,2.5349,0.52998,1.6204,0.39209,0.7643,0.015611,0.01445,0.69685,254.19
0.96814,2.1129,5.0432,3.3644,2.5269,0.52946,1.614,0.39258,0.76398,0.015614,0.01445,0.6968,254.22
0.96823,2.1153,5.0389,3.3635,2.5205,0.53092,1.6087,0.39214,0.76421,0.015614,0.01445,0.69683,254.25
0.96833,2.1142,5.0356,3.3685,2.5143,0.53237,1.6036,0.39251,0.76405,0.015619,0.01445,0.69679,254.28
0.96842,2.1161,5.0307,3.3674,2.5076,0.53291,1.5981,0.39217,0.76419,0.015623,0.01445,0.6968,254.31
0.92645,1.9903,4.9982,3.0368,2.897,0.3396,1.8579,0.3918,0.76359,0.015601,0.01445,0.69475,254.3
0.92644,1.7135,4.9999,2.4294,2.899,0.017473,1.8611,0.39299,0.76332,0.015529,0.01445,0.69494,254.29
0.92643,1.7135,4.9999,2.4294,2.899,0.017846,1.8612,0.39299,0.76337,0.015529,0.01445,0.69494,254.3
0.92642,1.718,4.9998,2.4264,2.8997,0.018642,1.8616,0.39224,0.76361,0.015588,0.01445,0.69502,254.3
0.92641,1.718,5.0003,2.4272,2.9004,0.018273,1.8621,0.3923,0.76351,0.015592,0.01445,0.69502,254.3
0.92641,1.7172,5.0006,2.4246,2.9009,0.01725,1.8626,0.39227,0.76355,0.015598,0.01445,0.69504,254.3
0.9264,1.7168,5.002,2.4234,2.9027,0.016226,1.8641,0.39227,0.7635,0.015594,0.01445,0.69505,254.31
0.92639,1.7029,5.0026,2.3918,2.9033,6.447e-05,1.8647,0.3923,0.76355,0.015597,0.01445,0.69508,254.31
0.92638,1.7029,5.0026,2.3919,2.9035,0.00010669,1.8648,0.3923,0.76355,0.015597,0.01445,0.69508,254.31
0.92637,1.7037,5.0035,2.3924,2.9048,0.0002208,1.8659,0.39224,0.76351,0.015613,0.01445,0.6951,254.31
0.92636,1.7035,5.0043,2.3922,2.9058,0.00022203,1.8667,0.39228,0.76352,0.015605,0.01445,0.6951,254.32
0.96843,2.1161,4.9834,3.3729,2.448,0.53802,1.5486,0.39241,0.76431,0.015688,0.01445,0.69662,254.3
0.96844,2.1173,4.9813,3.3752,2.4456,0.53699,1.5468,0.39235,0.76406,0.015667,0.01445,0.6966,254.3
0.96845,2.1035,4.9659,3.339,2.427,0.52247,1.5315,0.39218,0.76454,0.015633,0.01445,0.69661,254.31
0.96846,2.1037,4.9647,3.3459,2.4255,0.52172,1.5306,0.39251,0.764,0.015624,0.01445,0.69654,254.31
0.96847,2.1037,4.9648,3.3459,2.4255,0.52192,1.5307,0.39251,0.76403,0.015624,0.01445,0.69654,254.31
0.96848,2.1024,4.9627,3.3395,2.4227,0.52039,1.5282,0.39225,0.76426,0.015625,0.01445,0.69656,254.31
0.96849,2.1011,4.9606,3.3393,2.4199,0.51887,1.526,0.39243,0.76408,0.015625,0.01445,0.69653,254.32
