0.93949,2.049,4.9604,3.216,2.6342,0.46889,1.6558,0.39286,0.76525,0.014306,0.01445,0.69534,250.65
0.93638,2.0654,4.9694,3.2716,2.6489,0.51744,1.6483,0.39315,0.76609,0.014648,0.01445,0.69497,251.01
0.93327,2.0915,4.9737,3.3489,2.6568,0.57887,1.6359,0.39371,0.76702,0.014542,0.01445,0.69464,251.61
0.93016,2.1083,4.966,3.4085,2.6526,0.62524,1.6133,0.39381,0.76733,0.014989,0.01445,0.69409,252.39
0.92705,2.13,4.9586,3.4794,2.6468,0.68253,1.5895,0.39434,0.76809,0.015055,0.01445,0.69363,253.4
0.94571,2.0705,4.9611,3.2462,2.6315,0.45123,1.6896,0.39262,0.76481,0.014424,0.01445,0.69569,250.68
0.94882,2.1408,4.9912,3.3964,2.6689,0.50987,1.7378,0.39211,0.76434,0.014365,0.01445,0.69581,251.06
0.95193,2.2125,5.0251,3.5471,2.7105,0.56826,1.7896,0.39186,0.76369,0.014522,0.01445,0.69605,251.65
0.95504,2.2807,5.0598,3.6869,2.753,0.62235,1.8422,0.39138,0.76322,0.014639,0.01445,0.69629,252.47
0.95815,2.3501,5.1012,3.8289,2.8033,0.67674,1.9031,0.39094,0.7626,0.014853,0.01445,0.6966,253.48
0.92634,2.1255,4.8531,3.4877,2.5175,0.68058,1.4805,0.39421,0.76708,0.015264,0.01445,0.6928,253.55
0.92563,2.1333,4.8021,3.5108,2.4537,0.69759,1.425,0.39418,0.76724,0.015307,0.01445,0.69248,253.78
0.92492,2.1393,4.7603,3.5317,2.402,0.71313,1.3785,0.39426,0.76732,0.015412,0.01445,0.69217,254.03
0.9242,2.1467,4.7248,3.5553,2.3578,0.73115,1.3381,0.39439,0.76754,0.015464,0.01445,0.69191,254.29
0.95889,2.3779,5.1307,3.8875,2.8394,0.69274,1.9363,0.39088,0.76102,0.014921,0.01445,0.69673,253.72
0.95962,2.3792,5.2004,3.8511,2.9213,0.67829,2.0097,0.39,0.76105,0.015237,0.01445,0.69766,253.87
0.96036,2.3973,5.2612,3.8451,2.991,0.69055,2.0721,0.38934,0.762,0.015453,0.01445,0.69875,254.1
0.96109,2.2731,5.3394,3.5413,3.0884,0.52612,2.156,0.38893,0.761,0.015506,0.01445,0.69956,254.3
0.92412,2.9144,4.5794,5.3024,2.1736,1.6497,1.1875,0.39347,0.7673,0.015483,0.01445,0.69042,254.21
0.92404,2.9369,4.5814,5.3524,2.1759,1.6768,1.1889,0.39344,0.76731,0.015478,0.01445,0.69042,254.24
0.92395,2.9596,4.5778,5.405,2.1716,1.7047,1.1848,0.3934,0.76729,0.015497,0.01445,0.69037,254.27
0.92387,3.0233,4.5697,5.5499,2.161,1.7835,1.1756,0.39347,0.76748,0.015482,0.01445,0.69029,254.3
0.92379,3.7343,4.559,7.1568,2.1469,2.6294,1.1623,0.39268,0.76731,0.015513,0.01445,0.68962,254.29
0.92371,3.8964,4.55,7.5237,2.1357,2.8218,1.1525,0.39245,0.76713,0.015519,0.01445,0.68942,254.31
0.96111,2.2127,5.3456,3.411,3.0961,0.45781,2.1623,0.38927,0.76102,0.015515,0.01445,0.69963,254.29
0.96114,2.1403,5.3427,3.2441,3.0926,0.37142,2.1601,0.38926,0.76103,0.015501,0.01445,0.69979,254.28
0.96116,2.0978,5.3457,3.1519,3.096,0.32231,2.1631,0.38945,0.76096,0.015501,0.01445,0.69983,254.27
0.96118,1.9022,5.3622,2.7201,3.117,0.095792,2.1809,0.39026,0.76086,0.015568,0.01445,0.70012,254.22
0.96121,1.9067,5.3572,2.7193,3.1114,0.095639,2.1767,0.38955,0.76092,0.015527,0.01445,0.70015,254.23
0.96123,1.8877,5.3542,2.6817,3.1071,0.075376,2.1733,0.38985,0.76085,0.015506,0.01445,0.70014,254.23
0.96125,1.8849,5.3536,2.6744,3.1067,0.071828,2.1732,0.38983,0.7609,0.015504,0.01445,0.70015,254.24
0.96128,1.8726,5.3548,2.6459,3.1083,0.057342,2.1748,0.38983,0.76095,0.015505,0.01445,0.70018,254.24
0.9613,1.8702,5.3548,2.6416,3.1081,0.054291,2.1746,0.38984,0.76087,0.015501,0.01445,0.70018,254.25
0.96132,1.8646,5.3551,2.6249,3.1083,0.045935,2.1749,0.38963,0.76094,0.015534,0.01445,0.70021,254.26
0.96135,1.8574,5.3562,2.6115,3.11,0.038627,2.1767,0.38985,0.76089,0.015519,0.01445,0.70022,254.26
0.96137,1.8471,5.3576,2.5898,3.1117,0.026987,2.1782,0.38996,0.76086,0.015522,0.01445,0.70023,254.27
0.96139,1.8466,5.3571,2.5878,3.111,0.025577,2.1777,0.38989,0.76083,0.015516,0.01445,0.70023,254.28
0.96142,1.8465,5.3572,2.5869,3.1111,0.025336,2.1779,0.38983,0.76087,0.015518,0.01445,0.70024,254.29
0.96144,1.8434,5.3579,2.5817,3.1121,0.021922,2.179,0.38999,0.76078,0.015524,0.01445,0.70024,254.3
0.96146,1.8439,5.3579,2.58,3.1122,0.021802,2.179,0.38981,0.7609,0.015523,0.01445,0.70026,254.3
0.96149,1.8437,5.3583,2.5811,3.1125,0.021548,2.1795,0.38992,0.7608,0.015523,0.01445,0.70025,254.31
0.92371,4.0118,4.5483,7.7846,2.1333,2.9597,1.1502,0.39238,0.76713,0.01553,0.01445,0.68932,254.31
0.92371,4.065,4.5474,7.9041,2.1321,3.0223,1.1491,0.39231,0.76707,0.015529,0.01445,0.68928,254.31
0.9237,4.0898,4.546,7.9603,2.1305,3.0515,1.1478,0.39224,0.76704,0.015526,0.01445,0.68925,254.31
0.9237,4.1433,4.5448,8.0805,2.1289,3.1153,1.1464,0.39221,0.76705,0.015526,0.01445,0.68921,254.31
0.9237,4.2116,4.5407,8.2351,2.1237,3.1964,1.1421,0.39213,0.76701,0.015526,0.01445,0.68913,254.31
0.9237,4.2502,4.5396,8.3224,2.1223,3.2425,1.1409,0.39212,0.767,0.015529,0.01445,0.68909,254.31
0.92369,4.2581,4.5394,8.3403,2.122,3.2518,1.1406,0.39209,0.76698,0.015529,0.01445,0.68908,254.31
0.92369,4.2686,4.5389,8.364,2.1214,3.2642,1.14,0.39207,0.76697,0.015529,0.01445,0.68907,254.31
0.92369,4.2832,4.538,8.397,2.1203,3.2817,1.1391,0.39207,0.76698,0.015528,0.01445,0.68905,254.32
0.92369,4.2916,4.538,8.416,2.1202,3.2917,1.139,0.39206,0.76697,0.01553,0.01445,0.68905,254.32
0.92369,4.2969,4.5379,8.4279,2.12,3.2979,1.1388,0.39205,0.76697,0.01553,0.01445,0.68904,254.32
0.92368,4.3005,4.5376,8.4362,2.1196,3.3022,1.1385,0.39204,0.76696,0.01553,0.01445,0.68904,254.32
0.92368,4.3041,4.5371,8.4443,2.119,3.3066,1.138,0.39204,0.76696,0.015529,0.01445,0.68903,254.32
0.92368,4.3062,4.5369,8.4492,2.1188,3.3091,1.1377,0.39204,0.76696,0.01553,0.01445,0.68903,254.32
0.96149,1.8437,5.3589,2.5799,3.1131,0.021228,2.1801,0.38982,0.76086,0.015525,0.01445,0.70026,254.32
0.96149,1.8437,5.3589,2.5799,3.1132,0.021228,2.1801,0.38982,0.76086,0.015525,0.01445,0.70026,254.32
0.9615,1.8432,5.3597,2.5793,3.1143,0.020859,2.1811,0.38986,0.76085,0.015529,0.01445,0.70026,254.32
0.9615,1.8361,5.3603,2.5635,3.1149,0.012472,2.1816,0.38987,0.76084,0.015529,0.01445,0.70027,254.32
0.9615,1.8338,5.3598,2.5581,3.1141,0.0094746,2.1807,0.38986,0.7608,0.015532,0.01445,0.70028,254.32
0.9615,1.8327,5.3613,2.5556,3.1159,0.008912,2.1824,0.38989,0.76089,0.01554,0.01445,0.70029,254.32
0.96151,1.8335,5.36,2.5573,3.1144,0.0088044,2.1811,0.38987,0.76076,0.015531,0.01445,0.70028,254.32
0.96151,1.8327,5.3601,2.5556,3.1146,0.0082163,2.1814,0.38988,0.76081,0.015534,0.01445,0.70029,254.32
0.96151,1.8319,5.3626,2.5506,3.1173,0.0063536,2.1837,0.3897,0.76091,0.015539,0.01445,0.70031,254.32
0.96151,1.8311,5.3627,2.5519,3.1178,0.0064409,2.184,0.3899,0.76083,0.015538,0.01445,0.7003,254.32
