0.94948,2.0526,4.9841,3.223,2.6622,0.46552,1.7012,0.39294,0.76526,0.014138,0.01445,0.6955,250.73
0.94633,2.0687,5.0642,3.2719,2.7647,0.48794,1.7921,0.39278,0.76464,0.014572,0.01445,0.69543,251.16
0.94319,2.0952,5.1407,3.3367,2.8603,0.53065,1.8765,0.39291,0.76512,0.014524,0.01445,0.6956,251.94
0.94004,2.124,5.2216,3.4114,2.9635,0.57634,1.9675,0.39303,0.76542,0.014929,0.01445,0.69563,252.98
0.9369,2.1536,5.3773,3.4733,3.1563,0.62628,2.1338,0.39346,0.76677,0.015321,0.01445,0.69639,254.25
0.95576,2.0692,4.9444,3.2453,2.614,0.45783,1.6488,0.39253,0.76461,0.014607,0.01445,0.69552,250.72
0.95891,2.1237,4.9462,3.3567,2.6188,0.49852,1.6489,0.39203,0.76351,0.0143,0.01445,0.69555,251.29
0.96205,2.1588,4.9514,3.4309,2.6275,0.5362,1.6465,0.3922,0.76433,0.014635,0.01445,0.69562,252.22
0.9652,2.2224,4.9484,3.5603,2.6256,0.58419,1.6417,0.39155,0.763,0.014723,0.01445,0.69566,253.49
0.96594,2.163,4.4239,3.4407,1.9568,0.5494,1.0991,0.39142,0.76427,0.01509,0.01445,0.69361,253.15
0.96668,2.0228,4.3436,3.1404,1.8548,0.38623,1.0173,0.3922,0.7635,0.015149,0.01445,0.69331,253.43
0.96742,2.0317,4.3438,3.1581,1.8552,0.39482,1.0158,0.39217,0.76367,0.015212,0.01445,0.69334,253.73
0.96816,2.0452,4.3451,3.1913,1.8573,0.40853,1.0161,0.39234,0.76349,0.015212,0.01445,0.6933,254.06
0.93682,2.1645,5.4942,3.4863,3.3047,0.61528,2.2574,0.39262,0.76511,0.015299,0.01445,0.69677,254.17
0.93673,2.1654,5.5734,3.4735,3.4038,0.60375,2.3408,0.39215,0.76461,0.015333,0.01445,0.69722,254.18
0.93665,2.1624,5.6119,3.4629,3.4518,0.59781,2.3804,0.39209,0.7646,0.015363,0.01445,0.69741,254.21
0.93657,2.1432,5.6314,3.4175,3.4764,0.57286,2.4013,0.39207,0.76449,0.015372,0.01445,0.69751,254.24
0.93649,2.136,5.6369,3.4012,3.4833,0.56463,2.4072,0.39208,0.76452,0.015381,0.01445,0.69754,254.28
0.9364,2.1337,5.6387,3.3962,3.4858,0.56219,2.4096,0.3921,0.76452,0.015387,0.01445,0.69754,254.32
0.96825,2.0488,4.3339,3.1975,1.8434,0.41203,1.0051,0.39217,0.76358,0.015284,0.01445,0.69325,254.09
0.96833,1.9539,4.2686,2.9845,1.76,0.30225,0.93832,0.39229,0.76346,0.015338,0.01445,0.69311,254.11
0.96842,1.9542,4.2683,2.9855,1.7598,0.30225,0.93816,0.39231,0.76343,0.015336,0.01445,0.6931,254.15
0.9685,1.9415,4.2586,2.9557,1.7472,0.28709,0.92797,0.39231,0.76344,0.015359,0.01445,0.6931,254.19
0.96859,1.9415,4.2586,2.9563,1.7473,0.28678,0.92805,0.39232,0.76342,0.01536,0.01445,0.69309,254.23
0.96867,1.8736,4.2529,2.8029,1.7402,0.20614,0.92243,0.39242,0.76339,0.015383,0.01445,0.69316,254.27
0.96876,1.8743,4.2528,2.805,1.7401,0.2068,0.92261,0.39244,0.7634,0.01538,0.01445,0.69315,254.3
0.93638,1.9269,5.6534,2.9298,3.5046,0.31662,2.4264,0.39239,0.76447,0.015386,0.01445,0.69782,254.32
0.96878,1.8746,4.2528,2.8056,1.7402,0.20691,0.92249,0.39243,0.76338,0.015382,0.01445,0.69315,254.31
0.93638,1.8059,5.6576,2.6576,3.51,0.17375,2.4315,0.39261,0.76448,0.015391,0.01445,0.69797,254.32
0.93638,1.7521,5.6591,2.5355,3.5119,0.10948,2.4334,0.39266,0.76443,0.01539,0.01445,0.69805,254.32
0.93637,1.73,5.6599,2.4861,3.513,0.083628,2.4345,0.3927,0.76445,0.015393,0.01445,0.69807,254.32
0.93637,1.73,5.66,2.4861,3.513,0.083631,2.4345,0.3927,0.76445,0.015393,0.01445,0.69807,254.32
0.93637,1.7257,5.6603,2.4763,3.5134,0.078219,2.4349,0.3927,0.76442,0.015393,0.01445,0.69808,254.32
0.93637,1.6628,5.6624,2.3343,3.5162,0.0035547,2.4376,0.39279,0.76439,0.015395,0.01445,0.69816,254.32
0.96878,1.8677,4.2517,2.7901,1.7388,0.1988,0.92122,0.39243,0.76338,0.015393,0.01445,0.69315,254.31
0.96878,1.8634,4.2497,2.78,1.7362,0.19369,0.91905,0.39241,0.76338,0.015393,0.01445,0.69315,254.31
0.96879,1.8576,4.2494,2.7671,1.7358,0.18692,0.91878,0.39245,0.76337,0.015393,0.01445,0.69316,254.32
0.96879,1.8555,4.2489,2.7624,1.7352,0.18442,0.91828,0.39244,0.76337,0.015395,0.01445,0.69316,254.32
0.96879,1.8477,4.2487,2.7448,1.7349,0.17513,0.91811,0.39246,0.76335,0.015395,0.01445,0.69317,254.32
0.96879,1.8469,4.2487,2.7432,1.7349,0.17431,0.91808,0.39246,0.76336,0.015396,0.01445,0.69317,254.32
