0.95883,2.0505,4.9727,3.2123,2.6472,0.45338,1.6991,0.39276,0.76491,0.014141,0.01445,0.69554,250.72
0.95565,2.0671,5.0117,3.2576,2.698,0.47293,1.7564,0.39254,0.76452,0.014596,0.01445,0.69543,251.15
0.95248,2.0943,5.0801,3.3231,2.7822,0.51261,1.8405,0.39293,0.76497,0.014477,0.01445,0.69567,251.91
0.9493,2.1014,5.2535,3.3186,2.9983,0.50741,2.036,0.39221,0.76453,0.014957,0.01445,0.69654,252.81
0.94613,2.1198,5.337,3.3592,3.1013,0.53558,2.1387,0.39245,0.76513,0.015408,0.01445,0.69689,254.06
0.96517,2.0712,4.9562,3.2548,2.6292,0.46511,1.6518,0.39255,0.76433,0.014584,0.01445,0.69546,250.7
0.96835,2.1156,4.9709,3.3487,2.6503,0.5099,1.6527,0.3923,0.76426,0.014403,0.01445,0.6955,251.23
0.97152,2.1537,4.9843,3.4372,2.6706,0.55312,1.6514,0.39245,0.76442,0.014644,0.01445,0.6954,252.08
0.9747,2.2017,4.9882,3.539,2.6788,0.59512,1.643,0.39196,0.76363,0.01478,0.01445,0.69534,253.24
0.97787,2.186,4.427,3.5352,1.9653,0.61048,1.057,0.39257,0.76418,0.015284,0.01445,0.69289,253.98
0.97862,2.1985,4.4259,3.5579,1.9655,0.6206,1.0545,0.39225,0.76417,0.015296,0.01445,0.69288,254.31
0.94605,2.116,5.3913,3.3365,3.1703,0.51586,2.1971,0.39183,0.76427,0.015237,0.01445,0.6972,254.05
0.94596,2.1131,5.4702,3.3331,3.2699,0.50904,2.2782,0.39188,0.76394,0.015413,0.01445,0.6974,254.07
0.94588,2.1106,5.4814,3.3212,3.283,0.50461,2.2896,0.39177,0.76403,0.015355,0.01445,0.69755,254.1
0.9458,1.8933,5.51,2.8269,3.3191,0.24479,2.3214,0.39204,0.76394,0.015361,0.01445,0.69799,254.12
0.94571,1.8911,5.5109,2.8219,3.3203,0.24227,2.3228,0.39202,0.76395,0.01537,0.01445,0.69799,254.16
0.94563,1.8889,5.5121,2.8169,3.3218,0.23975,2.3246,0.39203,0.76395,0.015379,0.01445,0.698,254.19
0.94554,1.8865,5.5141,2.8119,3.3241,0.23709,2.3269,0.39203,0.76394,0.015388,0.01445,0.69801,254.23
0.94546,1.8845,5.5174,2.8076,3.3283,0.2347,2.3308,0.39204,0.76393,0.015398,0.01445,0.69802,254.27
0.94538,1.8767,5.5212,2.789,3.3333,0.22527,2.3358,0.39204,0.76397,0.015417,0.01445,0.69805,254.3
0.94536,1.8654,5.5236,2.7636,3.3364,0.21164,2.3385,0.39206,0.76393,0.015413,0.01445,0.69807,254.31
0.94533,1.8232,5.5288,2.6692,3.3428,0.16199,2.344,0.39216,0.76393,0.015417,0.01445,0.69813,254.32
0.97864,2.1973,4.4021,3.5605,1.9345,0.62335,1.0285,0.39241,0.76421,0.015361,0.01445,0.69274,254.31
0.97867,2.1969,4.366,3.5612,1.8881,0.6247,0.99163,0.39245,0.76418,0.01539,0.01445,0.69259,254.31
0.97869,2.1964,4.3324,3.5609,1.8458,0.62493,0.95809,0.3924,0.76411,0.015415,0.01445,0.69242,254.32
0.94533,1.7909,5.5292,2.596,3.3433,0.12348,2.3447,0.39217,0.76392,0.015415,0.01445,0.69817,254.32
0.94533,1.6927,5.532,2.3767,3.3471,0.0084759,2.3481,0.39241,0.76394,0.015401,0.01445,0.69828,254.31
0.94532,1.686,5.5322,2.3617,3.3473,1.0595e-06,2.3484,0.39241,0.76388,0.015402,0.01445,0.69828,254.31
0.94532,1.686,5.5322,2.3617,3.3473,2.6227e-05,2.3484,0.39241,0.76388,0.015402,0.01445,0.69828,254.31
0.94532,1.6867,5.5324,2.3618,3.3475,0.00018993,2.3488,0.39236,0.76387,0.015414,0.01445,0.6983,254.32
0.94532,1.6865,5.5324,2.3615,3.3475,3.4722e-05,2.3488,0.39236,0.76387,0.015414,0.01445,0.69831,254.32
0.94531,1.6865,5.5324,2.3614,3.3475,1.7361e-06,2.3488,0.39236,0.76387,0.015414,0.01445,0.69831,254.32
0.94531,1.6865,5.5324,2.3614,3.3475,3.054e-05,2.3488,0.39236,0.76387,0.015414,0.01445,0.69831,254.32
0.94531,1.6869,5.5325,2.3618,3.3476,7.5674e-05,2.3489,0.39233,0.76385,0.015415,0.01445,0.69831,254.32
