1.0297,2.0341,4.9267,3.1624,2.5916,0.41148,1.6617,0.39217,0.76395,0.014394,0.01445,0.6955,250.59
1.0263,2.0486,4.9245,3.1832,2.5875,0.41823,1.6819,0.39212,0.76387,0.014811,0.01445,0.69574,250.8
1.0229,2.0713,4.9234,3.229,2.5858,0.4409,1.7029,0.39245,0.76413,0.014336,0.01445,0.6959,251.13
1.0195,2.0826,4.9195,3.2466,2.5817,0.43884,1.7235,0.39183,0.76363,0.014827,0.01445,0.69589,251.56
1.0161,2.1053,4.9152,3.287,2.5761,0.45823,1.742,0.39211,0.76365,0.014667,0.01445,0.69615,252.14
1.0126,2.0816,4.7535,3.2188,2.3706,0.41901,1.5898,0.39167,0.76304,0.015105,0.01445,0.69584,252.53
1.0092,2.0828,4.7386,3.2224,2.3511,0.41783,1.5938,0.39105,0.76372,0.014947,0.01445,0.69563,253.27
1.0058,2.0354,4.4828,3.1026,2.0265,0.36277,1.337,0.39091,0.76383,0.015508,0.01445,0.69505,253.69
1.0365,2.048,5.0053,3.2022,2.6895,0.44052,1.7002,0.39223,0.76396,0.014453,0.01445,0.6956,250.58
1.0399,2.0631,5.1303,3.2391,2.847,0.46147,1.8129,0.3924,0.764,0.014487,0.01445,0.69598,250.73
1.0433,2.07,5.1843,3.2589,2.9166,0.4745,1.8494,0.39227,0.76404,0.014581,0.01445,0.69602,250.98
1.0467,2.0755,5.24,3.2766,2.9873,0.48928,1.8866,0.39231,0.76436,0.014692,0.01445,0.69609,251.34
1.0501,1.9285,5.3703,2.9456,3.151,0.31616,2.0043,0.39257,0.76425,0.014863,0.01445,0.69669,251.78
1.0536,1.9299,5.4476,2.953,3.2482,0.32438,2.0638,0.39268,0.76444,0.015091,0.01445,0.69687,252.32
1.057,1.9678,5.5371,3.0422,3.3613,0.37287,2.1369,0.39262,0.76441,0.015264,0.01445,0.69703,252.95
1.0604,1.9657,5.6181,3.0468,3.4631,0.37698,2.1999,0.39301,0.76431,0.015567,0.01445,0.69717,253.66
1.005,2.0347,4.4772,3.1138,2.0179,0.36323,1.3346,0.39145,0.76329,0.01554,0.01445,0.69494,253.87
1.0043,1.9534,4.2129,2.9568,1.6845,0.28787,1.0485,0.39193,0.76339,0.015605,0.01445,0.69352,253.91
1.0035,1.9522,4.2132,2.9514,1.6846,0.28305,1.0541,0.3918,0.76333,0.015681,0.01445,0.69355,254.08
1.0027,1.9086,4.1857,2.8524,1.6497,0.23205,1.0292,0.39198,0.76339,0.015737,0.01445,0.69355,254.25
1.0612,1.976,5.638,3.0661,3.4884,0.38948,2.2153,0.39267,0.76452,0.01558,0.01445,0.69723,253.85
1.062,1.9769,5.6574,3.0681,3.5127,0.39187,2.2302,0.39267,0.76457,0.015649,0.01445,0.69729,254.03
1.0628,1.9834,5.6763,3.0853,3.5366,0.40112,2.245,0.39271,0.76457,0.01571,0.01445,0.69729,254.22
1.0026,1.9074,4.185,2.8497,1.6488,0.23027,1.029,0.39196,0.76337,0.015737,0.01445,0.69355,254.27
1.0025,1.8879,4.1763,2.8051,1.6377,0.20772,1.0201,0.39193,0.76347,0.015761,0.01445,0.69354,254.29
1.0024,1.8863,4.1761,2.8029,1.6375,0.20563,1.0205,0.39203,0.76335,0.015753,0.01445,0.69353,254.31
1.0629,1.9838,5.6764,3.086,3.5368,0.40162,2.2452,0.39274,0.76461,0.015714,0.01445,0.6973,254.23
1.063,1.9854,5.6777,3.0895,3.5388,0.40259,2.2461,0.39269,0.7645,0.015714,0.01445,0.69729,254.25
1.0631,1.9854,5.6787,3.0897,3.5403,0.40384,2.2462,0.39272,0.76456,0.015715,0.01445,0.69729,254.27
1.0632,1.9854,5.6792,3.09,3.541,0.40448,2.2463,0.39275,0.76462,0.015715,0.01445,0.69729,254.3
1.0633,1.9873,5.6812,3.0938,3.543,0.40501,2.2479,0.39267,0.76452,0.015733,0.01445,0.69729,254.32
1.0024,1.7784,4.1714,2.5595,1.6316,0.077822,1.0161,0.39216,0.76333,0.015761,0.01445,0.69365,254.32
1.0024,1.7133,4.1754,2.4125,1.6365,0.00059147,1.0204,0.39225,0.76332,0.015761,0.01445,0.69376,254.31
1.0024,1.7128,4.1754,2.4114,1.6365,1.4787e-06,1.0204,0.39226,0.76332,0.015761,0.01445,0.69376,254.31
1.0024,1.7128,4.1754,2.4114,1.6365,1.0662e-05,1.0204,0.39226,0.76332,0.015761,0.01445,0.69376,254.31
1.0024,1.7128,4.1754,2.4114,1.6365,5.3308e-07,1.0204,0.39226,0.76332,0.015761,0.01445,0.69376,254.31
1.0024,1.7128,4.1754,2.4114,1.6365,8.823e-06,1.0205,0.39226,0.76332,0.015761,0.01445,0.69376,254.31
1.0024,1.7128,4.1753,2.4116,1.6365,3.8659e-06,1.0204,0.39226,0.7633,0.015762,0.01445,0.69376,254.31
1.0024,1.7128,4.1753,2.4116,1.6365,1.933e-07,1.0204,0.39226,0.7633,0.015762,0.01445,0.69376,254.31
1.0024,1.7128,4.1753,2.4116,1.6365,7.7706e-06,1.0205,0.39226,0.7633,0.015762,0.01445,0.69376,254.32
1.0024,1.7129,4.1753,2.4117,1.6364,7.7286e-06,1.0204,0.39226,0.76329,0.015763,0.01445,0.69376,254.32
1.0024,1.7129,4.1753,2.4117,1.6364,9.9221e-06,1.0205,0.39226,0.76329,0.015763,0.01445,0.69376,254.32
1.0024,1.7129,4.1752,2.4117,1.6364,9.8858e-06,1.0204,0.39226,0.76329,0.015763,0.01445,0.69376,254.32
1.0024,1.7129,4.1752,2.4117,1.6364,4.9429e-07,1.0204,0.39226,0.76329,0.015763,0.01445,0.69376,254.32
1.0024,1.7129,4.1752,2.4117,1.6364,8.2221e-06,1.0204,0.39226,0.76329,0.015763,0.01445,0.69376,254.32
1.0024,1.7129,4.1752,2.4116,1.6363,8.2086e-06,1.0204,0.39226,0.76329,0.015764,0.01445,0.69376,254.32
1.0024,1.7129,4.1751,2.4116,1.6361,8.1157e-06,1.0203,0.39226,0.76329,0.015764,0.01445,0.69377,254.32
1.0024,1.7129,4.175,2.4117,1.636,8.097e-06,1.0202,0.39226,0.76329,0.015764,0.01445,0.69377,254.32
1.0024,1.7129,4.175,2.4117,1.636,8.5828e-06,1.0202,0.39226,0.76329,0.015764,0.01445,0.69377,254.32
