0.71678,2.0401,4.9462,3.2851,2.6405,0.475,1.6644,0.39387,0.76417,0.014492,0.01445,0.69566,252.87
0.73884,2.1694,5.1052,3.4035,2.7993,0.56697,1.8152,0.39228,0.76706,0.017967,0.01445,0.69486,253.82
0.71617,2.0508,4.86,3.2627,2.5201,0.49435,1.5696,0.39321,0.76662,0.014954,0.01445,0.69637,252.88
0.71555,2.0846,4.8125,3.3136,2.4538,0.52348,1.5174,0.3928,0.7659,0.014979,0.01445,0.69678,253.01
0.71494,2.0855,4.7621,3.3239,2.3886,0.5128,1.4703,0.39267,0.7641,0.014785,0.01445,0.6965,253.19
0.71432,2.0857,4.7621,3.3297,2.3905,0.51679,1.4703,0.39275,0.76424,0.014787,0.01445,0.6965,253.46
0.71371,2.0861,4.7084,3.3228,2.3226,0.52883,1.4128,0.39241,0.76591,0.015289,0.01445,0.69655,253.66
0.71309,2.0974,4.6842,3.3512,2.2909,0.53865,1.3865,0.39277,0.76477,0.015164,0.01445,0.69659,253.89
0.71248,2.0981,4.4013,3.3164,1.9223,0.52644,1.0949,0.3913,0.76436,0.015389,0.01445,0.696,253.96
0.71186,2.0981,4.4014,3.3292,1.9267,0.53833,1.0967,0.39213,0.76484,0.015388,0.01445,0.69601,254.22
0.73947,2.2144,5.2271,3.5083,2.9679,0.57056,1.9626,0.39017,0.76279,0.017066,0.01445,0.69467,253.28
0.74011,2.1843,5.3383,3.5511,3.0962,0.60713,2.0556,0.39746,0.76363,0.016,0.01445,0.69462,253.15
0.74074,2.2463,5.3797,3.5848,3.1622,0.60307,2.1168,0.38977,0.76253,0.0152,0.01445,0.69501,253.05
0.74137,2.2463,5.391,3.6019,3.1685,0.62066,2.1193,0.39104,0.76313,0.015197,0.01445,0.69502,253.27
0.74201,2.2522,5.4273,3.6215,3.2112,0.63143,2.1532,0.39141,0.76327,0.01519,0.01445,0.69505,253.51
0.74264,2.2627,5.467,3.6472,3.2602,0.64382,2.1938,0.39168,0.76324,0.015192,0.01445,0.69508,253.77
0.74328,2.2743,5.5067,3.6678,3.3095,0.65292,2.2354,0.39148,0.76315,0.015186,0.01445,0.69518,254.03
0.74391,2.2886,5.5274,3.6737,3.3346,0.65885,2.2585,0.39057,0.76338,0.01529,0.01445,0.69542,254.31
0.71179,2.098,4.3914,3.3471,1.9131,0.54673,1.0848,0.39291,0.76477,0.015381,0.01445,0.69578,254.25
0.71172,2.0987,4.3471,3.3648,1.8585,0.55536,1.0386,0.39304,0.76491,0.015377,0.01445,0.69525,254.26
0.71165,2.1024,4.3202,3.3753,1.8242,0.56014,1.0107,0.39289,0.76485,0.015371,0.01445,0.69506,254.29
0.71158,2.106,4.3049,3.3866,1.8042,0.56851,0.99408,0.39297,0.76513,0.015401,0.01445,0.69497,254.32
0.74392,2.2886,5.5326,3.6788,3.3388,0.6615,2.2612,0.39075,0.76337,0.015291,0.01445,0.69542,254.31
0.74392,2.2566,5.5494,3.6166,3.3604,0.62451,2.28,0.39142,0.76286,0.015281,0.01445,0.69545,254.31
0.74393,2.231,5.5793,3.5472,3.3987,0.59483,2.3106,0.39083,0.76376,0.015322,0.01445,0.69569,254.3
0.74394,2.2263,5.5862,3.5454,3.4074,0.58624,2.3185,0.39134,0.76281,0.015306,0.01445,0.69565,254.3
0.74395,2.2231,5.6094,3.5364,3.4366,0.58356,2.3417,0.39105,0.76321,0.015327,0.01445,0.69573,254.29
0.74395,2.1977,5.62,3.4803,3.4502,0.55009,2.3538,0.39116,0.76275,0.015336,0.01445,0.69579,254.29
0.74396,2.1909,5.6237,3.4611,3.4545,0.54311,2.3573,0.39097,0.76312,0.015355,0.01445,0.69584,254.29
0.74397,2.1827,5.6287,3.4422,3.461,0.53271,2.3629,0.391,0.76305,0.015365,0.01445,0.69588,254.29
0.74398,2.1602,5.6409,3.3957,3.4759,0.50575,2.3757,0.39137,0.76272,0.015375,0.01445,0.69595,254.29
0.74398,2.1551,5.6437,3.378,3.4799,0.49993,2.3782,0.391,0.76315,0.015379,0.01445,0.696,254.29
0.74399,2.1319,5.6469,3.3308,3.4841,0.47099,2.3824,0.39134,0.76267,0.015355,0.01445,0.696,254.29
0.744,2.1319,5.647,3.3308,3.4841,0.47127,2.3825,0.39134,0.76271,0.015355,0.01445,0.696,254.3
0.744,2.1319,5.647,3.3308,3.4841,0.47152,2.3825,0.39134,0.76273,0.015355,0.01445,0.696,254.3
0.74401,2.1265,5.6481,3.3144,3.4853,0.46552,2.3837,0.39109,0.76306,0.015367,0.01445,0.69604,254.3
0.74402,2.1145,5.6544,3.2913,3.493,0.45028,2.3902,0.39134,0.7627,0.015397,0.01445,0.69605,254.3
0.74403,2.1098,5.6563,3.2749,3.4954,0.44574,2.3916,0.39103,0.76318,0.015395,0.01445,0.69611,254.31
0.74403,2.0893,5.6589,3.2353,3.499,0.42056,2.3952,0.39144,0.76266,0.015362,0.01445,0.69609,254.31
0.74404,2.0893,5.6591,3.2353,3.4991,0.4214,2.3952,0.39144,0.76275,0.015362,0.01445,0.69609,254.31
0.74405,2.0847,5.6601,3.2215,3.5003,0.41603,2.3956,0.39121,0.76298,0.015371,0.01445,0.69612,254.31
0.74406,1.76,5.6748,2.5036,3.5202,0.033465,2.4157,0.39219,0.76256,0.01537,0.01445,0.6964,254.28
0.74406,1.7625,5.6754,2.4978,3.5217,0.036293,2.4152,0.39159,0.76319,0.015391,0.01445,0.69648,254.28
0.74407,1.7527,5.6769,2.4778,3.523,0.023034,2.4163,0.39176,0.76277,0.015376,0.01445,0.6965,254.28
0.74408,1.7337,5.6776,2.4323,3.5234,0.00026539,2.4169,0.39171,0.76286,0.015388,0.01445,0.69657,254.28
0.74408,1.735,5.679,2.4342,3.5244,0.00026724,2.4181,0.39176,0.76268,0.015384,0.01445,0.69661,254.29
0.74409,1.735,5.679,2.4342,3.5244,0.00035056,2.4181,0.39176,0.76269,0.015384,0.01445,0.69661,254.29
0.7441,1.735,5.679,2.4342,3.5244,0.0005709,2.4182,0.39176,0.76272,0.015384,0.01445,0.69661,254.29
0.74411,1.7345,5.6791,2.433,3.5244,0.00015567,2.4182,0.39176,0.76274,0.015384,0.01445,0.69661,254.3
0.74411,1.7344,5.6791,2.4327,3.5244,2.1016e-05,2.4182,0.39176,0.76274,0.015384,0.01445,0.69661,254.3
0.74412,1.7344,5.6791,2.4327,3.5244,3.2803e-05,2.4182,0.39176,0.76274,0.015384,0.01445,0.69661,254.3
0.74413,1.7345,5.6792,2.4327,3.5245,9.9655e-05,2.4182,0.39176,0.76274,0.015384,0.01445,0.69661,254.31
0.74414,1.7344,5.6792,2.4325,3.5245,2.4914e-07,2.4182,0.39176,0.76274,0.015385,0.01445,0.69661,254.31
0.74414,1.7344,5.6792,2.4325,3.5245,3.4585e-06,2.4182,0.39176,0.76275,0.015385,0.01445,0.69661,254.31
0.74415,1.7345,5.6792,2.4325,3.5245,5.8146e-05,2.4183,0.39176,0.76275,0.015385,0.01445,0.69661,254.32
0.74416,1.7344,5.6792,2.4324,3.5245,1.4537e-07,2.4183,0.39176,0.76275,0.015385,0.01445,0.69661,254.32
