0.52744,2.0652,5.0047,3.2684,2.6713,0.48578,1.701,0.39344,0.76565,0.014446,0.01445,0.69585,250.61
0.52483,2.0847,5.0482,3.3445,2.7091,0.51448,1.7304,0.39328,0.76494,0.01446,0.01445,0.69589,250.79
0.52222,2.0958,5.0875,3.4072,2.7418,0.53985,1.7554,0.39359,0.7646,0.014479,0.01445,0.69592,251.12
0.51961,2.1965,5.2175,3.5778,2.8883,0.65843,1.8768,0.39376,0.76647,0.014542,0.01445,0.69773,251.41
0.51699,2.2218,5.3025,3.6579,2.9809,0.67923,1.9535,0.39342,0.76438,0.014677,0.01445,0.69796,251.82
0.51438,2.2276,5.3572,3.7029,3.0333,0.68759,1.9957,0.39297,0.76342,0.014981,0.01445,0.698,252.4
0.51177,2.2632,5.5067,3.8155,3.2101,0.74881,2.1353,0.39385,0.76437,0.015205,0.01445,0.69835,253.05
0.50916,2.3097,5.5616,3.9261,3.2613,0.80851,2.1773,0.39415,0.7642,0.015167,0.01445,0.69894,253.75
0.53266,2.0391,4.9406,3.1728,2.625,0.42735,1.6672,0.39421,0.76384,0.014575,0.01445,0.69538,250.64
0.53527,2.0889,4.915,3.2256,2.6136,0.45825,1.6598,0.39141,0.7645,0.014376,0.01445,0.69521,250.82
0.53788,2.1258,4.9139,3.3059,2.6328,0.50066,1.6746,0.39241,0.7644,0.014437,0.01445,0.69476,251.18
0.54049,2.1638,4.8721,3.3709,2.5995,0.53173,1.6471,0.39111,0.76448,0.014657,0.01445,0.69409,251.58
0.54311,2.1854,4.8214,3.4501,2.5531,0.57404,1.6078,0.39406,0.76423,0.014762,0.01445,0.69323,252.14
0.54572,2.2338,4.8044,3.532,2.5517,0.61309,1.6057,0.39246,0.76437,0.014849,0.01445,0.69271,252.77
0.54833,2.2717,4.739,3.5627,2.4866,0.62984,1.5542,0.39007,0.76429,0.015019,0.01445,0.69241,253.46
0.50868,2.3188,5.601,3.9362,3.3094,0.80246,2.2195,0.39303,0.76317,0.015505,0.01445,0.6991,253.85
0.5082,2.33,5.6214,3.9455,3.331,0.81907,2.2354,0.39301,0.764,0.015433,0.01445,0.69949,253.95
0.50773,2.3345,5.6482,3.9569,3.3626,0.81935,2.263,0.39309,0.76333,0.015475,0.01445,0.69962,254.08
0.50725,2.3526,5.6828,3.9807,3.4037,0.83923,2.2959,0.39284,0.76382,0.015552,0.01445,0.70001,254.18
0.50677,2.3618,5.7006,3.9846,3.4221,0.85508,2.3111,0.39255,0.7652,0.015691,0.01445,0.70038,254.31
0.54884,2.2315,4.6539,3.5573,2.3802,0.62806,1.4665,0.39531,0.7639,0.015174,0.01445,0.69143,253.53
0.54936,2.2458,4.5662,3.6001,2.2738,0.64175,1.3771,0.39338,0.76396,0.01539,0.01445,0.69041,253.42
0.54987,2.2605,4.5467,3.6126,2.2514,0.64632,1.3574,0.39127,0.76412,0.015351,0.01445,0.69022,253.52
0.55039,2.247,4.4689,3.6125,2.1539,0.64492,1.2786,0.39298,0.76376,0.015312,0.01445,0.68966,253.59
0.5509,2.2483,4.4341,3.6112,2.1107,0.64523,1.2424,0.39253,0.76386,0.015325,0.01445,0.68944,253.7
0.55142,2.2414,4.3713,3.609,2.0331,0.64382,1.1786,0.39282,0.76387,0.015345,0.01445,0.68893,253.79
0.55193,2.2422,4.3351,3.6082,1.9888,0.64475,1.141,0.39251,0.76395,0.015384,0.01445,0.68868,253.92
0.55245,2.2647,4.2699,3.6564,1.9106,0.67797,1.0755,0.39191,0.76493,0.015506,0.01445,0.68823,254.02
0.55296,2.2627,4.2605,3.657,1.9004,0.67312,1.0678,0.39262,0.76407,0.015505,0.01445,0.68811,254.19
0.55347,2.263,4.2052,3.6608,1.8351,0.67138,1.0146,0.39191,0.764,0.015542,0.01445,0.68758,254.3
0.50672,2.3837,5.7192,4.0205,3.4458,0.86953,2.332,0.39247,0.7642,0.01566,0.01445,0.7006,254.29
0.50667,2.3962,5.737,4.0294,3.4684,0.87796,2.3514,0.39213,0.76427,0.015692,0.01445,0.70089,254.29
0.50662,2.3972,5.743,4.0273,3.476,0.87656,2.3582,0.39208,0.7641,0.015643,0.01445,0.70098,254.3
0.50657,2.3833,5.7482,3.9848,3.4832,0.85131,2.3665,0.39167,0.76366,0.015557,0.01445,0.70111,254.31
0.55352,2.2514,4.1488,3.6588,1.7615,0.66937,0.95428,0.39248,0.76401,0.015608,0.01445,0.68704,254.28
0.55358,2.2548,4.1384,3.6601,1.7488,0.67582,0.94273,0.39206,0.76464,0.015618,0.01445,0.68703,254.3
0.55363,2.2541,4.1303,3.6654,1.7384,0.67477,0.93425,0.39246,0.76411,0.015621,0.01445,0.68693,254.31
0.50657,2.3791,5.7508,3.9772,3.486,0.85108,2.3673,0.39191,0.764,0.015618,0.01445,0.70114,254.31
0.50656,2.3417,5.7614,3.8907,3.4978,0.80324,2.3776,0.39181,0.7637,0.015645,0.01445,0.70122,254.3
0.50656,2.2597,5.7752,3.6799,3.5154,0.71082,2.3954,0.3922,0.76536,0.015612,0.01445,0.70186,254.15
0.50655,2.2519,5.7927,3.6483,3.5393,0.6805,2.4197,0.39131,0.76375,0.015469,0.01445,0.70196,254.11
0.50655,2.2302,5.8259,3.5869,3.581,0.65396,2.456,0.39141,0.76428,0.015568,0.01445,0.70229,254.01
0.50654,2.2202,5.8452,3.5553,3.6033,0.6335,2.4751,0.39107,0.76372,0.015583,0.01445,0.70244,253.98
0.50654,1.7355,5.9255,2.4313,3.7058,0.049228,2.5756,0.39243,0.76416,0.015554,0.01445,0.70401,253.67
0.50653,1.744,5.9427,2.4463,3.7289,0.053814,2.5949,0.39206,0.76386,0.015546,0.01445,0.70402,253.66
0.50653,1.749,5.9551,2.454,3.7449,0.055458,2.6084,0.39173,0.76365,0.01554,0.01445,0.70402,253.66
0.50652,1.7402,5.963,2.4316,3.7556,0.041697,2.6182,0.39168,0.76342,0.0156,0.01445,0.70409,253.66
0.50652,1.7118,5.9595,2.3596,3.7516,0.0032467,2.6157,0.39096,0.7635,0.01546,0.01445,0.70412,253.65
0.50651,1.7088,5.9604,2.3544,3.7528,0.00043257,2.6166,0.39106,0.76349,0.015481,0.01445,0.70412,253.65
0.50651,1.7088,5.9606,2.3551,3.7529,0.0010323,2.6166,0.39113,0.76349,0.015481,0.01445,0.70412,253.65
0.5065,1.7072,5.9626,2.3529,3.7551,0.00079217,2.6181,0.39126,0.76359,0.015529,0.01445,0.70413,253.65
0.5065,1.7095,5.9673,2.3536,3.7604,0.00034806,2.6211,0.391,0.76342,0.015509,0.01445,0.70417,253.65
0.50649,1.7095,5.9673,2.3546,3.7606,0.0010036,2.623,0.39111,0.76349,0.015509,0.01445,0.70417,253.65
0.50649,1.7087,5.9674,2.3533,3.7612,0.00028255,2.6236,0.39114,0.76349,0.015511,0.01445,0.70417,253.65
0.50648,1.7079,5.9707,2.3518,3.7653,0.0012972,2.627,0.39127,0.7637,0.015584,0.01445,0.7042,253.65
0.50648,1.7093,5.9721,2.3534,3.7669,0.0020407,2.6285,0.39124,0.76364,0.015563,0.01445,0.70423,253.65
0.50647,1.7106,5.9737,2.3546,3.7689,0.0025629,2.6305,0.3912,0.76362,0.015556,0.01445,0.70426,253.65
0.50647,1.7106,5.9738,2.3546,3.7691,0.0025629,2.6305,0.3912,0.76361,0.015556,0.01445,0.70426,253.65
0.50646,1.7117,5.9746,2.3556,3.77,0.0028422,2.6317,0.39114,0.76359,0.015548,0.01445,0.70428,253.65
0.50646,1.7117,5.9747,2.3556,3.7702,0.0028422,2.6318,0.39114,0.76358,0.015548,0.01445,0.70428,253.65
0.50645,1.7132,5.975,2.3567,3.7706,0.0026735,2.6325,0.391,0.76349,0.015506,0.01445,0.70429,253.65
0.50645,1.7125,5.9769,2.356,3.7729,0.0029528,2.6342,0.39108,0.76356,0.01554,0.01445,0.7043,253.65
0.50644,1.7151,5.9799,2.3565,3.7764,0.0025878,2.6381,0.39087,0.76348,0.015503,0.01445,0.70437,253.65
0.50644,1.7128,5.9801,2.3517,3.7767,6.9644e-05,2.6384,0.39091,0.76347,0.015507,0.01445,0.70437,253.65
0.50643,1.7128,5.9801,2.3519,3.7768,2.1571e-05,2.6385,0.39092,0.76347,0.015507,0.01445,0.70437,253.65
0.50643,1.7128,5.9801,2.3519,3.7768,0.00014642,2.6386,0.39093,0.76347,0.015507,0.01445,0.70437,253.65
0.50642,1.7126,5.9801,2.3518,3.7769,2.5541e-05,2.6386,0.39093,0.76347,0.015508,0.01445,0.70437,253.66
0.50642,1.7126,5.9801,2.3518,3.7769,4.7234e-05,2.6386,0.39093,0.76347,0.015508,0.01445,0.70437,253.66
0.50641,1.7126,5.9802,2.3518,3.7769,1.1451e-05,2.6386,0.39093,0.76347,0.015508,0.01445,0.70437,253.66
0.50641,1.7126,5.9802,2.3518,3.7769,4.8847e-05,2.6386,0.39093,0.76347,0.015508,0.01445,0.70437,253.66
0.5064,1.7115,5.9825,2.3509,3.7797,0.00035905,2.6406,0.39104,0.76355,0.015545,0.01445,0.70437,253.66
0.5064,1.7124,5.9837,2.3513,3.781,0.00082983,2.6422,0.39101,0.76357,0.015535,0.01445,0.70439,253.66
0.50639,1.7132,5.9854,2.3525,3.7832,0.0010604,2.644,0.39099,0.76351,0.015567,0.01445,0.70441,253.66
0.50639,1.7132,5.9845,2.3515,3.7816,0.00099748,2.6428,0.39097,0.76357,0.015509,0.01445,0.70442,253.66
0.50638,1.7128,5.9861,2.3506,3.784,0.0003963,2.6448,0.39095,0.76357,0.01555,0.01445,0.70443,253.66
0.50638,1.7128,5.9863,2.3506,3.7843,0.00039621,2.645,0.39095,0.76356,0.01555,0.01445,0.70443,253.66
0.50637,1.7128,5.9863,2.3506,3.7843,0.00039621,2.645,0.39095,0.76356,0.01555,0.01445,0.70443,253.66
0.50637,1.713,5.9876,2.3511,3.786,0.00030211,2.6466,0.39105,0.76347,0.015521,0.01445,0.70444,253.66
0.50636,1.7131,5.9886,2.3504,3.7871,0.00039401,2.6475,0.39097,0.76357,0.015546,0.01445,0.70445,253.66
0.50636,1.7154,5.9928,2.3524,3.7927,0.00039986,2.6527,0.39087,0.76342,0.015524,0.01445,0.70449,253.67
0.50635,1.7143,5.9933,2.351,3.7931,0.00097843,2.653,0.39093,0.76359,0.015552,0.01445,0.70449,253.67
0.50635,1.7143,5.9935,2.351,3.7934,0.00097843,2.6532,0.39093,0.76359,0.015552,0.01445,0.70449,253.67
0.50634,1.7135,5.9944,2.349,3.7944,4.3564e-05,2.6544,0.39094,0.76359,0.015561,0.01445,0.7045,253.67
0.50634,1.7141,5.9945,2.3502,3.7945,0.0002104,2.6543,0.39095,0.76353,0.015548,0.01445,0.70451,253.67
0.50633,1.7145,5.9949,2.3498,3.795,0.00016043,2.6547,0.39086,0.76355,0.015547,0.01445,0.70451,253.67
0.50633,1.7142,5.9952,2.3499,3.7953,0.00015912,2.655,0.39092,0.76354,0.015551,0.01445,0.70452,253.67
0.50632,1.7143,5.9962,2.3494,3.7965,0.0001206,2.656,0.39091,0.76355,0.015556,0.01445,0.70453,253.67
0.50632,1.7145,5.9965,2.3496,3.7969,0.00011974,2.6563,0.3909,0.76354,0.015552,0.01445,0.70453,253.67
0.50631,1.7156,6.002,2.3483,3.8038,5.9868e-06,2.6627,0.39083,0.76357,0.015561,0.01445,0.7046,253.67
0.50631,1.7156,6.0019,2.3487,3.8036,5.9356e-06,2.6625,0.39085,0.76354,0.015557,0.01445,0.7046,253.67
0.5063,1.7156,6.0019,2.3488,3.8036,5.8965e-06,2.6624,0.39085,0.76354,0.015556,0.01445,0.7046,253.67
0.5063,1.7154,6.0019,2.3487,3.8036,5.7683e-06,2.6624,0.39086,0.76354,0.015559,0.01445,0.7046,253.68
0.50629,1.7155,6.002,2.3488,3.8036,5.735e-06,2.6624,0.39085,0.76354,0.015556,0.01445,0.7046,253.68
0.50629,1.7155,6.0021,2.3488,3.8037,5.693e-06,2.6625,0.39085,0.76354,0.015557,0.01445,0.7046,253.68
0.50628,1.7154,6.0024,2.3487,3.8041,5.292e-06,2.6629,0.39085,0.76354,0.01556,0.01445,0.7046,253.68
0.50628,1.7155,6.0025,2.3488,3.8042,5.2465e-06,2.6629,0.39085,0.76354,0.015558,0.01445,0.7046,253.68
0.50627,1.7155,6.0032,2.3485,3.8051,4.0004e-06,2.6636,0.39084,0.76355,0.015559,0.01445,0.70461,253.68
0.50627,1.7155,6.0033,2.3488,3.8052,3.9669e-06,2.6637,0.39085,0.76354,0.015559,0.01445,0.70461,253.68
0.50626,1.7156,6.0035,2.3488,3.8054,3.7498e-06,2.6639,0.39084,0.76354,0.01556,0.01445,0.70461,253.68
0.50626,1.7155,6.0036,2.3488,3.8054,3.7406e-06,2.664,0.39085,0.76353,0.01556,0.01445,0.70461,253.68
0.50625,1.7156,6.0042,2.3488,3.8063,3.1585e-06,2.6646,0.39084,0.76353,0.015558,0.01445,0.70462,253.68
0.50625,1.7155,6.0044,2.3488,3.8064,3.1429e-06,2.6648,0.39085,0.76354,0.015561,0.01445,0.70461,253.68
0.50624,1.7156,6.0044,2.3489,3.8064,3.1264e-06,2.6648,0.39084,0.76353,0.01556,0.01445,0.70462,253.69
0.50624,1.7156,6.0046,2.3489,3.8066,3.109e-06,2.6649,0.39085,0.76353,0.015561,0.01445,0.70462,253.69
0.50623,1.7156,6.0048,2.3489,3.8069,3.0012e-06,2.6652,0.39084,0.76353,0.01556,0.01445,0.70462,253.69
0.50623,1.7155,6.005,2.3489,3.807,2.9938e-06,2.6653,0.39085,0.76353,0.015562,0.01445,0.70462,253.69
0.50622,1.7157,6.0052,2.349,3.8073,2.9208e-06,2.6655,0.39084,0.76353,0.01556,0.01445,0.70462,253.69
0.50622,1.7155,6.0055,2.3489,3.8076,2.9057e-06,2.6658,0.39085,0.76353,0.015563,0.01445,0.70462,253.69
0.50621,1.7156,6.0055,2.349,3.8076,2.8904e-06,2.6658,0.39085,0.76353,0.015562,0.01445,0.70462,253.69
0.50621,1.7156,6.0061,2.349,3.8083,2.8182e-06,2.6664,0.39085,0.76353,0.015563,0.01445,0.70462,253.69
0.5062,1.7156,6.0064,2.3489,3.8087,2.7522e-06,2.6667,0.39085,0.76353,0.015564,0.01445,0.70463,253.69
0.5062,1.7157,6.0066,2.349,3.8089,2.6899e-06,2.667,0.39084,0.76352,0.015562,0.01445,0.70463,253.69
0.50619,1.7156,6.0069,2.349,3.8092,2.6754e-06,2.6672,0.39085,0.76353,0.015565,0.01445,0.70463,253.69
0.50619,1.7156,6.007,2.349,3.8093,2.6616e-06,2.6672,0.39084,0.76353,0.015564,0.01445,0.70463,253.7
0.50618,1.7155,6.0073,2.3489,3.8097,2.6095e-06,2.6676,0.39085,0.76353,0.015566,0.01445,0.70463,253.7
0.50618,1.7156,6.0074,2.3491,3.8098,2.5967e-06,2.6677,0.39084,0.76353,0.015564,0.01445,0.70463,253.7
0.50617,1.7156,6.0075,2.349,3.8099,2.5826e-06,2.6678,0.39085,0.76353,0.015565,0.01445,0.70463,253.7
0.50617,1.7157,6.0078,2.3491,3.8103,2.5321e-06,2.6681,0.39084,0.76352,0.015563,0.01445,0.70463,253.7
0.50616,1.7156,6.0082,2.3491,3.8107,2.5184e-06,2.6684,0.39085,0.76353,0.015567,0.01445,0.70463,253.7
0.50616,1.7157,6.0087,2.3491,3.8113,2.4457e-06,2.669,0.39084,0.76353,0.015566,0.01445,0.70464,253.7
0.50615,1.7156,6.0089,2.349,3.8116,2.3967e-06,2.6692,0.39085,0.76353,0.015568,0.01445,0.70464,253.7
0.50615,1.7157,6.0091,2.3491,3.8117,2.3847e-06,2.6693,0.39084,0.76353,0.015566,0.01445,0.70464,253.7
0.50614,1.7156,6.0094,2.349,3.8121,2.335e-06,2.6697,0.39085,0.76354,0.015571,0.01445,0.70464,253.7
0.50614,1.7158,6.0096,2.3491,3.8123,2.2902e-06,2.6699,0.39083,0.76352,0.015566,0.01445,0.70464,253.7
0.50613,1.7157,6.01,2.3491,3.8128,2.2778e-06,2.6702,0.39084,0.76353,0.015569,0.01445,0.70465,253.71
0.50613,1.7157,6.0102,2.3491,3.813,2.2158e-06,2.6705,0.39084,0.76353,0.015568,0.01445,0.70465,253.71
0.50612,1.7159,6.0111,2.3492,3.8142,2.022e-06,2.6714,0.39084,0.76352,0.015569,0.01445,0.70465,253.71
0.50612,1.7159,6.0112,2.3492,3.8142,2.0096e-06,2.6715,0.39084,0.76353,0.015569,0.01445,0.70465,253.71
0.50611,1.7157,6.0112,2.349,3.8143,1.5323e-06,2.6715,0.39085,0.76353,0.015567,0.01445,0.70466,253.71
0.50611,1.7158,6.0114,2.3491,3.8144,1.5243e-06,2.6717,0.39084,0.76353,0.01557,0.01445,0.70466,253.71
0.5061,1.7158,6.0115,2.3491,3.8145,1.5243e-06,2.6718,0.39084,0.76353,0.01557,0.01445,0.70466,253.71
0.5061,1.7159,6.0118,2.3493,3.8148,1.4913e-06,2.672,0.39084,0.76351,0.01557,0.01445,0.70466,253.71
0.50609,1.7158,6.0119,2.3492,3.8149,1.4875e-06,2.6722,0.39084,0.76352,0.015571,0.01445,0.70466,253.71
0.50609,1.7158,6.0123,2.3492,3.8154,1.4396e-06,2.6726,0.39084,0.76352,0.015572,0.01445,0.70466,253.71
0.50608,1.7159,6.0126,2.3493,3.8157,1.4076e-06,2.6728,0.39083,0.76352,0.015571,0.01445,0.70466,253.71
0.50608,1.7158,6.0127,2.3492,3.8158,1.404e-06,2.673,0.39084,0.76352,0.015572,0.01445,0.70466,253.71
0.50607,1.7159,6.013,2.3493,3.8162,1.3713e-06,2.6732,0.39083,0.76352,0.015571,0.01445,0.70466,253.72
0.50607,1.7158,6.0132,2.3492,3.8165,1.3639e-06,2.6735,0.39084,0.76352,0.015573,0.01445,0.70467,253.72
0.50606,1.7159,6.0137,2.3492,3.817,1.3278e-06,2.6739,0.39084,0.76352,0.015573,0.01445,0.70467,253.72
0.50606,1.7158,6.0139,2.3492,3.8173,1.3006e-06,2.6741,0.39084,0.76353,0.015575,0.01445,0.70467,253.72
0.50605,1.7159,6.014,2.3493,3.8174,1.2884e-06,2.6742,0.39084,0.76352,0.015573,0.01445,0.70467,253.72
0.50605,1.7159,6.0153,2.3491,3.8189,1.1754e-06,2.6755,0.39084,0.76353,0.015576,0.01445,0.70468,253.72
0.50604,1.716,6.0154,2.3494,3.8191,1.1707e-06,2.6757,0.39084,0.76352,0.015573,0.01445,0.70468,253.72
0.50604,1.716,6.0154,2.3493,3.8191,1.1652e-06,2.6757,0.39083,0.76352,0.015575,0.01445,0.70468,253.72
0.50603,1.716,6.0156,2.3494,3.8193,1.141e-06,2.6758,0.39083,0.76351,0.015574,0.01445,0.70468,253.72
0.50603,1.716,6.0157,2.3493,3.8193,1.1351e-06,2.6759,0.39083,0.76352,0.015576,0.01445,0.70468,253.72
0.50602,1.716,6.0158,2.3494,3.8194,1.1115e-06,2.6759,0.39083,0.76351,0.015574,0.01445,0.70468,253.72
0.50602,1.7159,6.0159,2.3494,3.8195,1.1087e-06,2.6761,0.39084,0.76352,0.015577,0.01445,0.70468,253.73
0.50601,1.716,6.0162,2.3494,3.8199,1.1029e-06,2.6763,0.39083,0.76351,0.015575,0.01445,0.70468,253.73
0.50601,1.7159,6.0162,2.3494,3.8199,1.0971e-06,2.6764,0.39084,0.76352,0.015577,0.01445,0.70468,253.73
0.506,1.716,6.0167,2.3494,3.8205,1.07e-06,2.6769,0.39083,0.76351,0.015576,0.01445,0.70468,253.73
0.506,1.7159,6.017,2.3493,3.8208,1.0481e-06,2.6772,0.39084,0.76353,0.015581,0.01445,0.70469,253.73
0.50599,1.716,6.0173,2.3494,3.8212,1.0225e-06,2.6775,0.39084,0.76352,0.015579,0.01445,0.70469,253.73
0.50599,1.716,6.0175,2.3495,3.8214,1.0171e-06,2.6776,0.39083,0.76351,0.015577,0.01445,0.70469,253.73
0.50598,1.716,6.0178,2.3495,3.8218,1.0118e-06,2.678,0.39083,0.76351,0.015579,0.01445,0.70469,253.73
0.50598,1.7161,6.0183,2.3493,3.8223,9.2899e-07,2.6784,0.39083,0.76352,0.015579,0.01445,0.7047,253.73
0.50597,1.7162,6.0186,2.3494,3.8227,9.0955e-07,2.6788,0.39082,0.76352,0.015581,0.01445,0.7047,253.73
0.50597,1.7161,6.0187,2.3495,3.8227,9.052e-07,2.6788,0.39083,0.76351,0.01558,0.01445,0.7047,253.73
0.50596,1.716,6.0194,2.349,3.8238,8.305e-07,2.6796,0.39083,0.76353,0.015579,0.01445,0.7047,253.74
0.50596,1.7162,6.0196,2.3494,3.8239,8.2373e-07,2.6799,0.39083,0.76352,0.01558,0.01445,0.7047,253.74
0.50595,1.7162,6.0197,2.3495,3.824,8.1956e-07,2.6799,0.39083,0.76351,0.015581,0.01445,0.7047,253.74
0.50595,1.7162,6.02,2.3495,3.8243,7.9554e-07,2.6802,0.39083,0.76351,0.015581,0.01445,0.70471,253.74
0.50594,1.7162,6.0202,2.3495,3.8245,7.7621e-07,2.6803,0.39083,0.76351,0.015581,0.01445,0.70471,253.74
0.50594,1.7161,6.0204,2.3494,3.8248,7.6007e-07,2.6806,0.39083,0.76352,0.015584,0.01445,0.70471,253.74
0.50593,1.7162,6.0205,2.3495,3.8248,7.5218e-07,2.6807,0.39083,0.76351,0.015582,0.01445,0.70471,253.74
0.50593,1.7162,6.0212,2.3494,3.8258,6.8641e-07,2.6813,0.39082,0.76351,0.015582,0.01445,0.70471,253.74
0.50592,1.7162,6.0212,2.3495,3.8258,6.8356e-07,2.6814,0.39083,0.76351,0.015583,0.01445,0.70471,253.74
0.50592,1.7162,6.0213,2.3496,3.8258,6.8346e-07,2.6815,0.39083,0.76351,0.015583,0.01445,0.70471,253.74
0.50591,1.7163,6.0221,2.3496,3.8268,6.0102e-07,2.6822,0.39084,0.7635,0.015586,0.01445,0.70472,253.74
0.50591,1.7163,6.0222,2.3496,3.8269,5.9687e-07,2.6824,0.39083,0.76351,0.015583,0.01445,0.70472,253.75
0.5059,1.7162,6.0223,2.3495,3.8269,5.8455e-07,2.6824,0.39082,0.76352,0.015585,0.01445,0.70472,253.75
0.5059,1.7163,6.0223,2.3496,3.8269,5.8293e-07,2.6825,0.39082,0.76351,0.015584,0.01445,0.70472,253.75
0.50589,1.7162,6.0226,2.3495,3.8273,5.7047e-07,2.6828,0.39083,0.76352,0.015588,0.01445,0.70472,253.75
0.50589,1.7162,6.0228,2.3497,3.8275,5.6567e-07,2.6829,0.39083,0.76351,0.015585,0.01445,0.70472,253.75
0.50588,1.7162,6.0229,2.3496,3.8276,5.5379e-07,2.683,0.39082,0.76351,0.015584,0.01445,0.70472,253.75
0.50588,1.7162,6.0231,2.3497,3.8278,5.5224e-07,2.6832,0.39083,0.76351,0.015586,0.01445,0.70472,253.75
0.50587,1.7163,6.0234,2.3498,3.8281,5.4015e-07,2.6834,0.39082,0.7635,0.015584,0.01445,0.70472,253.75
0.50587,1.7162,6.0236,2.3497,3.8284,5.3727e-07,2.6837,0.39083,0.76351,0.015587,0.01445,0.70472,253.75
0.50586,1.7162,6.0237,2.3498,3.8284,5.3528e-07,2.6837,0.39083,0.76351,0.015586,0.01445,0.70472,253.75
0.50586,1.7161,6.024,2.3497,3.8289,5.2475e-07,2.6841,0.39084,0.76351,0.015589,0.01445,0.70473,253.75
0.50585,1.7162,6.0242,2.3498,3.829,5.222e-07,2.6842,0.39082,0.7635,0.015586,0.01445,0.70473,253.76
0.50585,1.7162,6.0244,2.3498,3.8293,5.1948e-07,2.6844,0.39083,0.7635,0.015588,0.01445,0.70473,253.76
0.50584,1.7161,6.025,2.3494,3.8299,4.7833e-07,2.6849,0.39083,0.76352,0.015585,0.01445,0.70473,253.76
0.50584,1.7163,6.0253,2.3498,3.8304,4.7697e-07,2.6854,0.39083,0.76351,0.015588,0.01445,0.70473,253.76
0.50583,1.7164,6.0256,2.3497,3.8307,4.3962e-07,2.6856,0.39082,0.7635,0.015591,0.01445,0.70474,253.76
0.50583,1.7163,6.0257,2.3498,3.8307,4.3685e-07,2.6857,0.39082,0.7635,0.015589,0.01445,0.70474,253.76
0.50582,1.7164,6.0267,2.3497,3.832,3.9967e-07,2.6868,0.39082,0.76351,0.01559,0.01445,0.70474,253.76
0.50582,1.7164,6.0266,2.3499,3.8319,3.9097e-07,2.6867,0.39082,0.7635,0.01559,0.01445,0.70474,253.76
0.50581,1.7163,6.0267,2.3496,3.832,3.8313e-07,2.6868,0.39083,0.76351,0.015592,0.01445,0.70474,253.76
0.50581,1.7164,6.0269,2.3498,3.8322,3.7957e-07,2.6869,0.39082,0.7635,0.015591,0.01445,0.70474,253.76
0.5058,1.7164,6.0271,2.3499,3.8324,3.7164e-07,2.6871,0.39082,0.7635,0.015589,0.01445,0.70475,253.76
0.5058,1.7163,6.0272,2.3499,3.8325,3.6969e-07,2.6872,0.39082,0.7635,0.015592,0.01445,0.70475,253.77
0.50579,1.7164,6.0274,2.3499,3.8328,3.6112e-07,2.6875,0.39082,0.7635,0.01559,0.01445,0.70475,253.77
0.50579,1.7163,6.0279,2.3499,3.8333,3.5385e-07,2.6879,0.39083,0.7635,0.015596,0.01445,0.70475,253.77
0.50578,1.7164,6.0279,2.35,3.8333,3.5241e-07,2.6878,0.39082,0.7635,0.015591,0.01445,0.70475,253.77
0.50578,1.7163,6.0282,2.35,3.8337,3.5057e-07,2.6882,0.39082,0.7635,0.015592,0.01445,0.70475,253.77
0.50577,1.7163,6.0286,2.3498,3.8341,3.2048e-07,2.6885,0.39083,0.7635,0.015593,0.01445,0.70475,253.77
0.50577,1.7164,6.0286,2.3499,3.8341,3.1891e-07,2.6886,0.39082,0.7635,0.015593,0.01445,0.70475,253.77
0.50576,1.7164,6.029,2.3499,3.8346,3.0943e-07,2.689,0.39082,0.7635,0.015594,0.01445,0.70475,253.77
0.50576,1.7165,6.0295,2.3499,3.8351,2.8363e-07,2.6894,0.39081,0.7635,0.015591,0.01445,0.70476,253.77
0.50576,1.7164,6.0296,2.3499,3.8353,2.8202e-07,2.6896,0.39082,0.7635,0.015595,0.01445,0.70476,253.77
0.50575,1.7164,6.0297,2.35,3.8353,2.8062e-07,2.6896,0.39082,0.7635,0.015594,0.01445,0.70476,253.77
0.50575,1.7164,6.0299,2.35,3.8356,2.731e-07,2.6899,0.39082,0.7635,0.015595,0.01445,0.70476,253.77
0.50574,1.7164,6.0302,2.35,3.8359,2.6566e-07,2.6901,0.39082,0.7635,0.015595,0.01445,0.70476,253.78
0.50574,1.7164,6.0304,2.35,3.8362,2.5957e-07,2.6903,0.39083,0.7635,0.015597,0.01445,0.70476,253.78
0.50573,1.7164,6.0305,2.3501,3.8362,2.5834e-07,2.6903,0.39082,0.76349,0.015595,0.01445,0.70476,253.78
0.50573,1.7163,6.0308,2.35,3.8366,2.533e-07,2.6907,0.39084,0.7635,0.015599,0.01445,0.70476,253.78
0.50572,1.7164,6.031,2.3501,3.8368,2.5088e-07,2.6908,0.39083,0.7635,0.015597,0.01445,0.70476,253.78
0.50572,1.7164,6.0311,2.3502,3.8368,2.5e-07,2.6909,0.39082,0.76349,0.015596,0.01445,0.70476,253.78
0.50571,1.7163,6.0313,2.3501,3.8372,2.4525e-07,2.6912,0.39084,0.7635,0.015599,0.01445,0.70476,253.78
0.50571,1.7163,6.0314,2.3502,3.8373,2.4309e-07,2.6913,0.39083,0.76349,0.015598,0.01445,0.70476,253.78
0.5057,1.7164,6.0316,2.3502,3.8375,2.3974e-07,2.6914,0.39082,0.76349,0.015596,0.01445,0.70476,253.78
0.5057,1.7163,6.0317,2.3502,3.8376,2.3909e-07,2.6915,0.39083,0.7635,0.015598,0.01445,0.70476,253.78
0.50569,1.7163,6.0321,2.3503,3.838,2.3404e-07,2.6919,0.39083,0.76349,0.015597,0.01445,0.70477,253.78
0.50569,1.7163,6.0326,2.3503,3.8386,2.2964e-07,2.6923,0.39083,0.7635,0.015603,0.01445,0.70477,253.79
0.50568,1.7163,6.0326,2.3503,3.8386,2.2793e-07,2.6924,0.39083,0.76349,0.015599,0.01445,0.70477,253.79
0.50568,1.7163,6.0327,2.3503,3.8387,2.2378e-07,2.6924,0.39083,0.76349,0.015598,0.01445,0.70477,253.79
0.50567,1.7162,6.0329,2.3504,3.839,2.1958e-07,2.6926,0.39084,0.76349,0.015602,0.01445,0.70477,253.79
0.50567,1.7163,6.0329,2.3504,3.8389,2.189e-07,2.6926,0.39083,0.76349,0.015599,0.01445,0.70477,253.79
0.50566,1.7162,6.033,2.3504,3.839,2.1765e-07,2.6927,0.39083,0.76349,0.0156,0.01445,0.70477,253.79
0.50566,1.7163,6.0333,2.3505,3.8393,2.1485e-07,2.6929,0.39083,0.76349,0.015598,0.01445,0.70477,253.79
0.50565,1.7162,6.0334,2.3504,3.8395,2.1427e-07,2.6931,0.39084,0.76349,0.015601,0.01445,0.70477,253.79
0.50565,1.7162,6.0337,2.3506,3.8398,2.0988e-07,2.6934,0.39083,0.76349,0.015599,0.01445,0.70477,253.79
0.50564,1.7162,6.0339,2.3505,3.84,2.0888e-07,2.6936,0.39084,0.76349,0.015601,0.01445,0.70477,253.79
0.50564,1.7162,6.0341,2.3505,3.8402,2.0535e-07,2.6937,0.39084,0.76349,0.015602,0.01445,0.70477,253.79
0.50563,1.7162,6.0342,2.3506,3.8403,2.0472e-07,2.6938,0.39084,0.76349,0.015601,0.01445,0.70477,253.8
0.50563,1.7161,6.0345,2.3506,3.8407,1.9945e-07,2.6941,0.39084,0.76349,0.015602,0.01445,0.70477,253.8
0.50562,1.716,6.0347,2.3505,3.8409,1.96e-07,2.6942,0.39085,0.76349,0.015604,0.01445,0.70477,253.8
0.50562,1.7161,6.0348,2.3506,3.841,1.9544e-07,2.6943,0.39084,0.76348,0.015602,0.01445,0.70477,253.8
0.50561,1.7161,6.0349,2.3506,3.8411,1.9452e-07,2.6944,0.39084,0.76349,0.015603,0.01445,0.70477,253.8
0.50561,1.7161,6.0351,2.3507,3.8413,1.9046e-07,2.6945,0.39084,0.76348,0.015601,0.01445,0.70477,253.8
0.5056,1.716,6.0354,2.3506,3.8417,1.8955e-07,2.6948,0.39084,0.76349,0.015605,0.01445,0.70477,253.8
0.5056,1.716,6.0355,2.3507,3.8418,1.8662e-07,2.6949,0.39085,0.76348,0.015603,0.01445,0.70477,253.8
0.50559,1.716,6.0358,2.3507,3.8422,1.8284e-07,2.6952,0.39085,0.76349,0.015607,0.01445,0.70477,253.8
0.50559,1.716,6.036,2.3507,3.8423,1.8122e-07,2.6954,0.39085,0.76348,0.015605,0.01445,0.70477,253.8
0.50558,1.716,6.0364,2.3508,3.8428,1.7135e-07,2.6956,0.39086,0.76347,0.015607,0.01445,0.70477,253.8
0.50558,1.716,6.0364,2.3508,3.8428,1.6954e-07,2.6958,0.39085,0.76348,0.015606,0.01445,0.70477,253.81
0.50557,1.716,6.0365,2.3509,3.8428,1.6908e-07,2.6958,0.39085,0.76348,0.015605,0.01445,0.70477,253.81
0.50557,1.7159,6.0367,2.3508,3.8431,1.6714e-07,2.696,0.39086,0.76348,0.015606,0.01445,0.70477,253.81
0.50556,1.716,6.0368,2.3509,3.8431,1.6667e-07,2.6961,0.39085,0.76348,0.015605,0.01445,0.70477,253.81
0.50556,1.7158,6.0371,2.3508,3.8435,1.6325e-07,2.6964,0.39086,0.76349,0.01561,0.01445,0.70478,253.81
0.50555,1.7159,6.0373,2.3508,3.8438,1.6223e-07,2.6966,0.39086,0.76348,0.015608,0.01445,0.70478,253.81
0.50555,1.7159,6.0374,2.3509,3.8439,1.6178e-07,2.6966,0.39085,0.76348,0.015606,0.01445,0.70478,253.81
0.50554,1.7159,6.0375,2.3509,3.844,1.6135e-07,2.6967,0.39085,0.76348,0.015608,0.01445,0.70478,253.81
0.50554,1.7158,6.0377,2.3509,3.8442,1.5849e-07,2.6969,0.39086,0.76348,0.015609,0.01445,0.70478,253.81
0.50553,1.7159,6.0378,2.351,3.8442,1.5806e-07,2.6969,0.39085,0.76348,0.015607,0.01445,0.70478,253.81
0.50553,1.7158,6.0381,2.351,3.8447,1.5456e-07,2.6973,0.39086,0.76348,0.015609,0.01445,0.70478,253.81
0.50552,1.7158,6.0382,2.3511,3.8447,1.5413e-07,2.6973,0.39086,0.76348,0.015608,0.01445,0.70478,253.82
0.50552,1.7157,6.0384,2.351,3.845,1.5247e-07,2.6975,0.39087,0.76348,0.015611,0.01445,0.70478,253.82
0.50551,1.7158,6.0385,2.3511,3.845,1.5207e-07,2.6975,0.39086,0.76347,0.015608,0.01445,0.70478,253.82
0.50551,1.7157,6.0388,2.3511,3.8454,1.513e-07,2.6978,0.39086,0.76348,0.01561,0.01445,0.70478,253.82
0.5055,1.7155,6.0389,2.3507,3.8455,1.4475e-07,2.6979,0.39087,0.76349,0.015607,0.01445,0.70478,253.82
0.5055,1.7157,6.0393,2.3512,3.8459,1.4254e-07,2.6982,0.39086,0.76347,0.015609,0.01445,0.70478,253.82
0.50549,1.7157,6.0393,2.3511,3.846,1.4218e-07,2.6983,0.39086,0.76348,0.015611,0.01445,0.70478,253.82
0.50549,1.7156,6.0395,2.3511,3.8461,1.3987e-07,2.6984,0.39087,0.76348,0.015611,0.01445,0.70478,253.82
0.50548,1.7157,6.0395,2.3512,3.8462,1.395e-07,2.6985,0.39086,0.76347,0.01561,0.01445,0.70478,253.82
0.50548,1.7156,6.0399,2.3512,3.8465,1.3803e-07,2.6988,0.39087,0.76348,0.015614,0.01445,0.70478,253.82
0.50547,1.7156,6.04,2.3512,3.8467,1.3689e-07,2.6989,0.39087,0.76347,0.015612,0.01445,0.70478,253.82
0.50547,1.7156,6.0401,2.3513,3.8468,1.3494e-07,2.699,0.39087,0.76347,0.015611,0.01445,0.70478,253.83
0.50546,1.7156,6.0402,2.3513,3.8469,1.3428e-07,2.6991,0.39087,0.76347,0.015612,0.01445,0.70478,253.83
0.50546,1.7156,6.0406,2.3514,3.8474,1.2242e-07,2.6994,0.39087,0.76346,0.015611,0.01445,0.70478,253.83
0.50545,1.7155,6.0408,2.3513,3.8476,1.2211e-07,2.6996,0.39087,0.76347,0.015613,0.01445,0.70478,253.83
0.50545,1.7155,6.0409,2.3513,3.8477,1.2007e-07,2.6996,0.39087,0.76347,0.015614,0.01445,0.70478,253.83
0.50544,1.7155,6.0409,2.3514,3.8477,1.1935e-07,2.6997,0.39087,0.76347,0.015613,0.01445,0.70478,253.83
0.50544,1.7155,6.0417,2.3514,3.8485,1.0864e-07,2.7003,0.39087,0.76348,0.015613,0.01445,0.70478,253.83
0.50543,1.7155,6.0417,2.3515,3.8486,1.0779e-07,2.7005,0.39088,0.76347,0.015614,0.01445,0.70478,253.83
0.50543,1.7154,6.0411,2.3513,3.8479,9.818e-08,2.6997,0.39086,0.76348,0.015614,0.01445,0.70478,253.83
0.50542,1.7154,6.0414,2.3515,3.8481,9.7075e-08,2.7,0.39088,0.76347,0.015615,0.01445,0.70478,253.83
0.50542,1.7154,6.0415,2.3515,3.8483,9.7075e-08,2.7001,0.39088,0.76347,0.015615,0.01445,0.70478,253.83
0.50541,1.7154,6.0418,2.3515,3.8487,9.5033e-08,2.7004,0.39088,0.76347,0.015617,0.01445,0.70478,253.84
0.50541,1.7154,6.0419,2.3516,3.8487,9.4792e-08,2.7005,0.39088,0.76347,0.015615,0.01445,0.70478,253.84
0.5054,1.7154,6.042,2.3516,3.8488,9.4556e-08,2.7006,0.39088,0.76347,0.015616,0.01445,0.70478,253.84
0.5054,1.7154,6.043,2.3517,3.85,8.6198e-08,2.7015,0.39088,0.76346,0.015615,0.01445,0.70478,253.84
0.50539,1.7152,6.0428,2.3515,3.8498,8.4173e-08,2.7014,0.39088,0.76348,0.015618,0.01445,0.70478,253.84
0.50539,1.7153,6.0429,2.3517,3.8499,8.3959e-08,2.7015,0.39088,0.76346,0.015615,0.01445,0.70478,253.84
0.50538,1.7153,6.043,2.3517,3.85,8.3755e-08,2.7016,0.39089,0.76347,0.015617,0.01445,0.70478,253.84
0.50538,1.7153,6.0431,2.3518,3.85,8.2029e-08,2.7015,0.39089,0.76346,0.015617,0.01445,0.70478,253.84
0.50537,1.7152,6.0433,2.3517,3.8502,8.043e-08,2.7017,0.39089,0.76347,0.015618,0.01445,0.70478,253.84
0.50537,1.7152,6.0433,2.3518,3.8503,8.0231e-08,2.7018,0.39089,0.76346,0.015617,0.01445,0.70478,253.84
0.50536,1.7152,6.0435,2.3518,3.8504,7.9827e-08,2.7019,0.39089,0.76346,0.015618,0.01445,0.70478,253.84
0.50536,1.7152,6.0437,2.3519,3.8506,7.8083e-08,2.702,0.39089,0.76346,0.015617,0.01445,0.70478,253.85
0.50535,1.7152,6.0438,2.3519,3.8507,7.7582e-08,2.7021,0.39089,0.76346,0.015619,0.01445,0.70478,253.85
0.50535,1.7151,6.044,2.3519,3.8509,7.5971e-08,2.7023,0.39089,0.76346,0.015618,0.01445,0.70478,253.85
0.50534,1.7151,6.0441,2.3519,3.8511,7.5787e-08,2.7024,0.39089,0.76346,0.01562,0.01445,0.70478,253.85
0.50534,1.7151,6.0442,2.352,3.8512,7.4253e-08,2.7025,0.39089,0.76345,0.015618,0.01445,0.70478,253.85
0.50533,1.7151,6.0444,2.3519,3.8514,7.4075e-08,2.7027,0.3909,0.76346,0.015621,0.01445,0.70478,253.85
0.50533,1.7151,6.0446,2.352,3.8517,7.3751e-08,2.7028,0.3909,0.76346,0.01562,0.01445,0.70478,253.85
0.50532,1.715,6.0447,2.352,3.8517,7.3369e-08,2.7029,0.3909,0.76346,0.01562,0.01445,0.70478,253.85
0.50532,1.7149,6.0452,2.352,3.8525,6.6243e-08,2.7034,0.39091,0.76346,0.015619,0.01445,0.70478,253.85
0.50531,1.715,6.0453,2.352,3.8525,6.5951e-08,2.7035,0.3909,0.76346,0.015621,0.01445,0.70478,253.85
0.50531,1.715,6.0454,2.3522,3.8526,6.5299e-08,2.7036,0.39091,0.76345,0.015622,0.01445,0.70478,253.86
0.5053,1.715,6.0455,2.3521,3.8526,6.4993e-08,2.7036,0.3909,0.76346,0.015621,0.01445,0.70478,253.86
0.5053,1.7149,6.0456,2.3521,3.8528,6.3621e-08,2.7037,0.39091,0.76346,0.015623,0.01445,0.70478,253.86
0.50529,1.7149,6.0457,2.3522,3.8528,6.3467e-08,2.7038,0.3909,0.76346,0.015621,0.01445,0.70478,253.86
0.50529,1.7149,6.0458,2.3522,3.853,6.3311e-08,2.7039,0.39091,0.76346,0.015622,0.01445,0.70478,253.86
0.50528,1.7149,6.046,2.3522,3.8532,6.1936e-08,2.7041,0.39091,0.76345,0.015622,0.01445,0.70478,253.86
0.50528,1.7148,6.0464,2.3522,3.8535,6.0319e-08,2.7043,0.39091,0.76346,0.015626,0.01445,0.70478,253.86
0.50527,1.7148,6.0464,2.3523,3.8536,6.0105e-08,2.7044,0.39091,0.76345,0.015623,0.01445,0.70478,253.86
0.50527,1.7148,6.0465,2.3523,3.8537,5.9809e-08,2.7045,0.39091,0.76346,0.015624,0.01445,0.70478,253.86
0.50526,1.7148,6.0467,2.3524,3.8538,5.8614e-08,2.7046,0.39091,0.76345,0.015623,0.01445,0.70478,253.86
0.50526,1.7148,6.0468,2.3523,3.854,5.8474e-08,2.7047,0.39091,0.76345,0.015625,0.01445,0.70478,253.86
0.50525,1.7148,6.047,2.3524,3.8542,5.7138e-08,2.7048,0.39091,0.76345,0.015623,0.01445,0.70478,253.87
0.50525,1.7147,6.0471,2.3524,3.8543,5.685e-08,2.7049,0.39092,0.76345,0.015625,0.01445,0.70478,253.87
0.50524,1.7147,6.0473,2.3525,3.8545,5.5632e-08,2.7052,0.39091,0.76345,0.015624,0.01445,0.70478,253.87
0.50524,1.7147,6.0474,2.3525,3.8547,5.5498e-08,2.7053,0.39092,0.76345,0.015626,0.01445,0.70478,253.87
0.50523,1.7147,6.0477,2.3525,3.855,5.4297e-08,2.7055,0.39092,0.76345,0.015625,0.01445,0.70478,253.87
0.50523,1.7146,6.0478,2.3525,3.8551,5.4166e-08,2.7056,0.39092,0.76345,0.015626,0.01445,0.70478,253.87
0.50522,1.7147,6.0479,2.3526,3.8552,5.3219e-08,2.7057,0.39092,0.76344,0.015625,0.01445,0.70478,253.87
0.50522,1.7146,6.0482,2.3525,3.8555,5.2947e-08,2.7059,0.39092,0.76345,0.015627,0.01445,0.70478,253.87
0.50521,1.7146,6.0483,2.3526,3.8556,5.2337e-08,2.706,0.39092,0.76345,0.015626,0.01445,0.70478,253.87
0.50521,1.7145,6.0484,2.3526,3.8557,5.2079e-08,2.7061,0.39092,0.76345,0.015627,0.01445,0.70478,253.87
0.5052,1.7146,6.0486,2.3527,3.8559,5.1009e-08,2.7062,0.39092,0.76344,0.015626,0.01445,0.70478,253.87
0.5052,1.7145,6.0487,2.3526,3.856,5.0889e-08,2.7064,0.39093,0.76345,0.015628,0.01445,0.70478,253.88
0.5052,1.7145,6.0489,2.3527,3.8562,4.9879e-08,2.7065,0.39092,0.76344,0.015626,0.01445,0.70478,253.88
0.50519,1.7145,6.049,2.3527,3.8564,4.9761e-08,2.7067,0.39093,0.76345,0.015629,0.01445,0.70478,253.88
0.50519,1.7145,6.0493,2.3528,3.8567,4.9535e-08,2.7068,0.39093,0.76344,0.015629,0.01445,0.70478,253.88
0.50518,1.7144,6.0494,2.3528,3.8567,4.9282e-08,2.7069,0.39093,0.76345,0.015629,0.01445,0.70478,253.88
0.50518,1.7143,6.0498,2.3527,3.8574,4.4616e-08,2.7073,0.39094,0.76345,0.015628,0.01445,0.70478,253.88
0.50517,1.7144,6.0499,2.3528,3.8574,4.4407e-08,2.7074,0.39093,0.76345,0.01563,0.01445,0.70478,253.88
0.50517,1.7144,6.05,2.3529,3.8575,4.3985e-08,2.7075,0.39093,0.76344,0.015629,0.01445,0.70478,253.88
0.50516,1.7143,6.0501,2.3529,3.8575,4.3884e-08,2.7075,0.39094,0.76345,0.015631,0.01445,0.70478,253.88
0.50516,1.7143,6.0501,2.3529,3.8576,4.3117e-08,2.7076,0.39094,0.76344,0.015628,0.01445,0.70478,253.88
0.50515,1.7143,6.0504,2.3529,3.8579,4.2824e-08,2.7078,0.39094,0.76345,0.015632,0.01445,0.70478,253.88
0.50515,1.7143,6.0506,2.353,3.8581,4.2722e-08,2.708,0.39094,0.76344,0.015631,0.01445,0.70478,253.89
0.50514,1.7143,6.0507,2.353,3.8582,4.2515e-08,2.708,0.39094,0.76344,0.015632,0.01445,0.70478,253.89
0.50514,1.7142,6.0508,2.353,3.8583,4.2118e-08,2.7081,0.39094,0.76344,0.015631,0.01445,0.70478,253.89
0.50513,1.7142,6.0509,2.353,3.8584,4.1919e-08,2.7082,0.39094,0.76344,0.015632,0.01445,0.70478,253.89
0.50513,1.7142,6.0511,2.3531,3.8586,4.1528e-08,2.7084,0.39094,0.76344,0.015631,0.01445,0.70478,253.89
0.50512,1.7142,6.0512,2.3531,3.8588,4.1431e-08,2.7085,0.39094,0.76344,0.015633,0.01445,0.70478,253.89
0.50512,1.7142,6.0514,2.3532,3.8589,4.0612e-08,2.7086,0.39094,0.76343,0.015631,0.01445,0.70478,253.89
0.50511,1.7141,6.0518,2.3531,3.8594,4.0339e-08,2.709,0.39095,0.76344,0.015634,0.01445,0.70478,253.89
0.50511,1.7141,6.0518,2.3532,3.8594,4.0246e-08,2.709,0.39095,0.76344,0.015633,0.01445,0.70478,253.89
0.5051,1.714,6.052,2.3531,3.8596,3.9348e-08,2.7092,0.39096,0.76344,0.015636,0.01445,0.70478,253.89
0.5051,1.7141,6.0522,2.3532,3.8598,3.9254e-08,2.7093,0.39095,0.76344,0.015633,0.01445,0.70478,253.9
0.50509,1.714,6.0523,2.3532,3.8599,3.9063e-08,2.7094,0.39095,0.76344,0.015635,0.01445,0.70478,253.9
0.50509,1.7141,6.0525,2.3533,3.8602,3.8309e-08,2.7096,0.39095,0.76343,0.015634,0.01445,0.70478,253.9
0.50508,1.714,6.0526,2.3533,3.8602,3.822e-08,2.7097,0.39095,0.76344,0.015636,0.01445,0.70478,253.9
0.50508,1.714,6.0527,2.3533,3.8604,3.7447e-08,2.7098,0.39095,0.76343,0.015635,0.01445,0.70478,253.9
0.50507,1.714,6.0528,2.3533,3.8604,3.7267e-08,2.7099,0.39096,0.76344,0.015636,0.01445,0.70478,253.9
0.50507,1.714,6.053,2.3534,3.8607,3.651e-08,2.71,0.39096,0.76343,0.015635,0.01445,0.70478,253.9
0.50506,1.7139,6.0531,2.3534,3.8608,3.6268e-08,2.7101,0.39096,0.76344,0.015637,0.01445,0.70478,253.9
0.50506,1.7139,6.0533,2.3534,3.861,3.5438e-08,2.7103,0.39096,0.76343,0.015636,0.01445,0.70478,253.9
0.50505,1.7139,6.0534,2.3534,3.8611,3.5355e-08,2.7104,0.39096,0.76344,0.015637,0.01445,0.70478,253.9
0.50505,1.7139,6.0537,2.3535,3.8614,3.4619e-08,2.7106,0.39096,0.76343,0.015636,0.01445,0.70478,253.9
0.50504,1.7138,6.0538,2.3535,3.8615,3.4539e-08,2.7107,0.39096,0.76344,0.015638,0.01445,0.70478,253.91
0.50504,1.7139,6.054,2.3536,3.8617,3.3841e-08,2.7108,0.39096,0.76343,0.015636,0.01445,0.70478,253.91
0.50503,1.7138,6.0541,2.3535,3.8618,3.3763e-08,2.711,0.39096,0.76344,0.015639,0.01445,0.70478,253.91
0.50503,1.7138,6.0542,2.3536,3.862,3.3096e-08,2.7111,0.39096,0.76343,0.015636,0.01445,0.70478,253.91
0.50502,1.7137,6.0546,2.3536,3.8624,3.2876e-08,2.7113,0.39097,0.76343,0.01564,0.01445,0.70478,253.91
0.50502,1.7137,6.0547,2.3536,3.8624,3.2804e-08,2.7114,0.39097,0.76343,0.015639,0.01445,0.70478,253.91
0.50501,1.7136,6.0549,2.3535,3.8627,3.2083e-08,2.7116,0.39098,0.76344,0.015642,0.01445,0.70478,253.91
0.50501,1.7137,6.0549,2.3537,3.8627,3.1967e-08,2.7116,0.39097,0.76343,0.015639,0.01445,0.70478,253.91
0.505,1.7137,6.055,2.3537,3.8628,3.1805e-08,2.7117,0.39097,0.76343,0.01564,0.01445,0.70478,253.91
0.505,1.7137,6.0553,2.3538,3.8631,3.1165e-08,2.7119,0.39097,0.76343,0.015639,0.01445,0.70478,253.91
0.50499,1.7136,6.0554,2.3537,3.8632,3.1093e-08,2.7121,0.39097,0.76343,0.015641,0.01445,0.70478,253.92
0.50499,1.7137,6.0556,2.3538,3.8634,3.0479e-08,2.7122,0.39097,0.76342,0.01564,0.01445,0.70478,253.92
0.50498,1.7136,6.0557,2.3538,3.8636,3.0329e-08,2.7123,0.39098,0.76343,0.015642,0.01445,0.70478,253.92
0.50498,1.7136,6.0559,2.3539,3.8637,2.9724e-08,2.7124,0.39097,0.76342,0.015639,0.01445,0.70478,253.92
0.50497,1.7135,6.056,2.3538,3.8639,2.9656e-08,2.7125,0.39098,0.76343,0.015642,0.01445,0.70478,253.92
0.50497,1.7136,6.0561,2.3539,3.864,2.9513e-08,2.7127,0.39098,0.76343,0.015641,0.01445,0.70478,253.92
0.50496,1.7135,6.0563,2.3539,3.8642,2.9362e-08,2.7128,0.39098,0.76343,0.015642,0.01445,0.70478,253.92
0.50496,1.7135,6.0565,2.3539,3.8644,2.9068e-08,2.713,0.39098,0.76342,0.015642,0.01445,0.70478,253.92
0.50495,1.7135,6.0566,2.3539,3.8645,2.8876e-08,2.7131,0.39098,0.76343,0.015643,0.01445,0.70478,253.92
0.50495,1.7135,6.0568,2.354,3.8648,2.8216e-08,2.7133,0.39098,0.76342,0.015643,0.01445,0.70478,253.92
0.50494,1.7134,6.0569,2.354,3.8649,2.8086e-08,2.7134,0.39098,0.76343,0.015644,0.01445,0.70478,253.92
0.50494,1.7134,6.0573,2.354,3.8652,2.7441e-08,2.7137,0.39099,0.76342,0.015644,0.01445,0.70478,253.93
0.50493,1.7134,6.0576,2.354,3.8656,2.6903e-08,2.7139,0.39099,0.76342,0.015646,0.01445,0.70478,253.93
0.50493,1.7133,6.0576,2.354,3.8656,2.6693e-08,2.7139,0.39099,0.76342,0.015645,0.01445,0.70478,253.93
0.50492,1.7133,6.0579,2.3539,3.866,2.4333e-08,2.7141,0.39099,0.76343,0.015645,0.01445,0.70478,253.93
0.50492,1.7133,6.058,2.3541,3.8661,2.4221e-08,2.7143,0.39099,0.76342,0.015645,0.01445,0.70478,253.93
0.50491,1.7133,6.0581,2.3541,3.8661,2.3961e-08,2.7143,0.39099,0.76342,0.015646,0.01445,0.70478,253.93
0.50491,1.7132,6.0582,2.3541,3.8662,2.374e-08,2.7144,0.39099,0.76342,0.015646,0.01445,0.70478,253.93
0.5049,1.7133,6.0584,2.3542,3.8665,2.3512e-08,2.7146,0.39099,0.76342,0.015647,0.01445,0.70478,253.93
0.5049,1.7132,6.0585,2.3542,3.8665,2.3456e-08,2.7146,0.39099,0.76342,0.015646,0.01445,0.70478,253.93
0.50489,1.7131,6.0587,2.3541,3.8667,2.3238e-08,2.7148,0.391,0.76343,0.015648,0.01445,0.70478,253.93
0.50489,1.7132,6.0587,2.3543,3.8667,2.3183e-08,2.7148,0.39099,0.76342,0.015646,0.01445,0.70478,253.94
0.50488,1.7132,6.0588,2.3543,3.8669,2.3055e-08,2.715,0.391,0.76342,0.015647,0.01445,0.70478,253.94
0.50488,1.7132,6.0591,2.3544,3.8671,2.2513e-08,2.7152,0.391,0.76341,0.015647,0.01445,0.70478,253.94
0.50487,1.7131,6.0592,2.3544,3.8673,2.2408e-08,2.7153,0.391,0.76342,0.015648,0.01445,0.70478,253.94
0.50487,1.7131,6.0594,2.3544,3.8676,2.1978e-08,2.7155,0.391,0.76341,0.015646,0.01445,0.70478,253.94
0.50486,1.7131,6.0598,2.3544,3.8679,2.1872e-08,2.7158,0.391,0.76342,0.015649,0.01445,0.70478,253.94
0.50486,1.713,6.0598,2.3544,3.868,2.1625e-08,2.7158,0.391,0.76342,0.015648,0.01445,0.70478,253.94
0.50485,1.713,6.0601,2.3544,3.8683,2.1228e-08,2.7161,0.391,0.76342,0.015651,0.01445,0.70478,253.94
0.50485,1.713,6.0602,2.3545,3.8685,2.1033e-08,2.7162,0.39101,0.76341,0.01565,0.01445,0.70478,253.94
0.50484,1.713,6.0603,2.3544,3.8685,2.0844e-08,2.7162,0.391,0.76342,0.01565,0.01445,0.70478,253.94
0.50484,1.713,6.0605,2.3546,3.8687,2.0613e-08,2.7164,0.39101,0.76341,0.015651,0.01445,0.70478,253.94
0.50483,1.713,6.0605,2.3546,3.8688,2.0566e-08,2.7164,0.39101,0.76341,0.01565,0.01445,0.70478,253.95
0.50483,1.7129,6.0608,2.3545,3.869,2.0148e-08,2.7166,0.39102,0.76342,0.015652,0.01445,0.70478,253.95
0.50482,1.7129,6.0608,2.3546,3.869,2.0102e-08,2.7167,0.39101,0.76341,0.01565,0.01445,0.70478,253.95
0.50482,1.7129,6.061,2.3546,3.8692,2.0054e-08,2.7168,0.39101,0.76341,0.015651,0.01445,0.70478,253.95
0.50481,1.7128,6.0617,2.3546,3.8701,1.8201e-08,2.7174,0.39102,0.76341,0.015653,0.01445,0.70478,253.95
0.50481,1.7128,6.0617,2.3546,3.8701,1.8201e-08,2.7174,0.39102,0.76341,0.015653,0.01445,0.70478,253.95
0.5048,1.7128,6.0618,2.3547,3.8702,1.8013e-08,2.7176,0.39102,0.76341,0.015653,0.01445,0.70478,253.95
0.5048,1.7128,6.0619,2.3548,3.8702,1.7929e-08,2.7176,0.39102,0.76341,0.015652,0.01445,0.70478,253.95
0.50479,1.7127,6.0621,2.3547,3.8705,1.76e-08,2.7178,0.39102,0.76341,0.015655,0.01445,0.70478,253.95
0.50479,1.7128,6.0622,2.3548,3.8705,1.7538e-08,2.7178,0.39102,0.76341,0.015653,0.01445,0.70478,253.95
0.50478,1.7127,6.0622,2.3548,3.8706,1.7497e-08,2.7179,0.39102,0.76341,0.015654,0.01445,0.70478,253.96
0.50478,1.7127,6.0624,2.3548,3.8707,1.7155e-08,2.718,0.39102,0.76341,0.015653,0.01445,0.70478,253.96
0.50477,1.7127,6.0625,2.3548,3.8708,1.7076e-08,2.7181,0.39102,0.76341,0.015654,0.01445,0.70478,253.96
0.50477,1.7127,6.0626,2.3549,3.871,1.6734e-08,2.7182,0.39102,0.7634,0.015653,0.01445,0.70478,253.96
0.50476,1.7127,6.0627,2.3549,3.8711,1.6654e-08,2.7183,0.39102,0.76341,0.015655,0.01445,0.70478,253.96
0.50476,1.7127,6.0629,2.355,3.8713,1.6335e-08,2.7185,0.39102,0.7634,0.015654,0.01445,0.70478,253.96
0.50475,1.7126,6.0632,2.3549,3.8716,1.6257e-08,2.7187,0.39103,0.76341,0.015656,0.01445,0.70478,253.96
0.50475,1.7126,6.0634,2.3549,3.8718,1.611e-08,2.7188,0.39103,0.76341,0.015655,0.01445,0.70478,253.96
0.50474,1.7125,6.0636,2.355,3.8721,1.6034e-08,2.719,0.39103,0.76341,0.015656,0.01445,0.70478,253.96
0.50474,1.7125,6.0636,2.355,3.8721,1.5892e-08,2.719,0.39103,0.76341,0.015656,0.01445,0.70478,253.96
0.50473,1.7125,6.0637,2.355,3.8722,1.5814e-08,2.7191,0.39103,0.76341,0.015657,0.01445,0.70478,253.96
0.50473,1.7125,6.0639,2.3551,3.8723,1.5684e-08,2.7193,0.39103,0.7634,0.015657,0.01445,0.70478,253.97
0.50472,1.7125,6.064,2.3551,3.8724,1.5607e-08,2.7194,0.39103,0.76341,0.015657,0.01445,0.70478,253.97
0.50472,1.7125,6.0642,2.3551,3.8727,1.5466e-08,2.7195,0.39104,0.7634,0.015657,0.01445,0.70478,253.97
0.50471,1.7125,6.0643,2.3552,3.8727,1.5366e-08,2.7196,0.39104,0.7634,0.015658,0.01445,0.70478,253.97
0.50471,1.7124,6.0645,2.3552,3.873,1.5068e-08,2.7198,0.39104,0.7634,0.015658,0.01445,0.70478,253.97
0.5047,1.7124,6.0646,2.3552,3.8731,1.4971e-08,2.7199,0.39104,0.7634,0.015659,0.01445,0.70478,253.97
0.5047,1.7124,6.0648,2.3553,3.8733,1.4672e-08,2.72,0.39104,0.7634,0.015658,0.01445,0.70478,253.97
0.50469,1.7124,6.0649,2.3553,3.8734,1.4576e-08,2.7202,0.39104,0.7634,0.015659,0.01445,0.70478,253.97
0.50469,1.7123,6.0656,2.3553,3.8743,1.3397e-08,2.7208,0.39105,0.7634,0.015659,0.01445,0.70478,253.97
0.50468,1.7123,6.0656,2.3553,3.8743,1.3299e-08,2.7208,0.39104,0.7634,0.01566,0.01445,0.70478,253.97
0.50468,1.7123,6.0656,2.3554,3.8742,1.3145e-08,2.7208,0.39104,0.7634,0.015659,0.01445,0.70478,253.98
0.50467,1.7123,6.0658,2.3554,3.8744,1.3115e-08,2.7209,0.39104,0.7634,0.01566,0.01445,0.70478,253.98
0.50467,1.7122,6.066,2.3553,3.8747,1.2074e-08,2.7211,0.39105,0.7634,0.01566,0.01445,0.70478,253.98
0.50466,1.7122,6.0661,2.3554,3.8748,1.1945e-08,2.7212,0.39105,0.7634,0.015661,0.01445,0.70478,253.98
0.50466,1.7122,6.0663,2.3554,3.8749,1.1838e-08,2.7213,0.39105,0.7634,0.015662,0.01445,0.70478,253.98
0.50465,1.7122,6.0663,2.3555,3.8749,1.1784e-08,2.7213,0.39105,0.7634,0.015661,0.01445,0.70478,253.98
0.50465,1.7122,6.0664,2.3555,3.875,1.1729e-08,2.7214,0.39105,0.7634,0.015662,0.01445,0.70478,253.98
0.50464,1.7122,6.0666,2.3555,3.8753,1.1504e-08,2.7216,0.39105,0.76339,0.015661,0.01445,0.70478,253.98
0.50464,1.7121,6.0667,2.3555,3.8754,1.1478e-08,2.7217,0.39105,0.7634,0.015663,0.01445,0.70478,253.98
0.50464,1.7122,6.0669,2.3556,3.8756,1.1269e-08,2.7219,0.39105,0.76339,0.015661,0.01445,0.70478,253.98
0.50463,1.7121,6.0671,2.3556,3.8757,1.1244e-08,2.722,0.39105,0.7634,0.015664,0.01445,0.70478,253.99
0.50463,1.7121,6.0671,2.3557,3.8758,1.1196e-08,2.722,0.39105,0.76339,0.015663,0.01445,0.70478,253.99
0.50462,1.7121,6.0675,2.3557,3.8763,1.0944e-08,2.7224,0.39105,0.76339,0.015663,0.01445,0.70478,253.99
0.50462,1.712,6.0676,2.3557,3.8763,1.092e-08,2.7225,0.39106,0.7634,0.015664,0.01445,0.70478,253.99
0.50461,1.712,6.0677,2.3557,3.8764,1.0733e-08,2.7225,0.39106,0.76339,0.015663,0.01445,0.70478,253.99
0.50461,1.712,6.0678,2.3557,3.8766,1.0709e-08,2.7227,0.39106,0.7634,0.015665,0.01445,0.70478,253.99
0.5046,1.712,6.068,2.3558,3.8767,1.0591e-08,2.7228,0.39106,0.76339,0.015664,0.01445,0.70478,253.99
0.5046,1.7119,6.0681,2.3558,3.8769,1.0568e-08,2.7229,0.39106,0.76339,0.015666,0.01445,0.70478,253.99
0.50459,1.712,6.0683,2.3559,3.8771,1.0449e-08,2.723,0.39106,0.76339,0.015664,0.01445,0.70478,253.99
0.50459,1.7119,6.0685,2.3558,3.8773,1.0425e-08,2.7232,0.39106,0.76339,0.015666,0.01445,0.70478,253.99
0.50458,1.7119,6.0686,2.3559,3.8775,1.031e-08,2.7233,0.39107,0.76339,0.015665,0.01445,0.70478,254
0.50458,1.7119,6.0688,2.3559,3.8776,1.0261e-08,2.7235,0.39107,0.76339,0.015667,0.01445,0.70478,254
0.50457,1.7119,6.069,2.356,3.8778,1.0071e-08,2.7236,0.39107,0.76338,0.015666,0.01445,0.70478,254
0.50457,1.7118,6.0691,2.3559,3.878,1.0024e-08,2.7238,0.39107,0.76339,0.015668,0.01445,0.70478,254
0.50456,1.7118,6.0693,2.356,3.8782,9.8454e-09,2.7239,0.39107,0.76338,0.015666,0.01445,0.70478,254
0.50456,1.7118,6.0695,2.356,3.8784,9.7992e-09,2.7241,0.39107,0.76339,0.015668,0.01445,0.70478,254
0.50455,1.7118,6.0696,2.3561,3.8784,9.7772e-09,2.7241,0.39107,0.76339,0.015668,0.01445,0.70478,254
0.50455,1.7117,6.0698,2.356,3.8787,9.6875e-09,2.7243,0.39108,0.76339,0.015669,0.01445,0.70478,254
0.50454,1.7117,6.0699,2.3561,3.8788,9.6422e-09,2.7244,0.39107,0.76339,0.015668,0.01445,0.70478,254
0.50454,1.7116,6.0702,2.356,3.8791,9.4536e-09,2.7247,0.39108,0.76339,0.015672,0.01445,0.70478,254
0.50453,1.7117,6.0703,2.3561,3.8792,9.379e-09,2.7248,0.39108,0.76339,0.01567,0.01445,0.70478,254
0.50453,1.7117,6.0705,2.3562,3.8795,9.34e-09,2.7249,0.39108,0.76338,0.015669,0.01445,0.70478,254.01
0.50452,1.7116,6.0706,2.3562,3.8795,9.3191e-09,2.725,0.39108,0.76339,0.01567,0.01445,0.70478,254.01
0.50452,1.7116,6.0707,2.3562,3.8797,9.1422e-09,2.7251,0.39108,0.76338,0.01567,0.01445,0.70478,254.01
0.50451,1.7116,6.0708,2.3562,3.8798,9.0854e-09,2.7252,0.39108,0.76339,0.015671,0.01445,0.70478,254.01
0.50451,1.7116,6.071,2.3563,3.88,8.907e-09,2.7254,0.39108,0.76338,0.01567,0.01445,0.70478,254.01
0.5045,1.7115,6.0711,2.3563,3.8801,8.868e-09,2.7255,0.39108,0.76339,0.015672,0.01445,0.70478,254.01
0.5045,1.7115,6.0714,2.3563,3.8805,8.6595e-09,2.7257,0.39109,0.76338,0.015672,0.01445,0.70478,254.01
0.50449,1.7115,6.0717,2.3564,3.8808,8.5817e-09,2.7259,0.39108,0.76338,0.015671,0.01445,0.70478,254.01
0.50449,1.7115,6.0718,2.3563,3.8808,8.563e-09,2.726,0.39109,0.76338,0.015673,0.01445,0.70478,254.01
0.50448,1.7115,6.0718,2.3564,3.8809,8.5443e-09,2.7261,0.39109,0.76338,0.015672,0.01445,0.70478,254.01
0.50448,1.7114,6.0721,2.3564,3.8812,8.375e-09,2.7263,0.39109,0.76338,0.015674,0.01445,0.70478,254.02
0.50447,1.7114,6.0722,2.3565,3.8812,8.3566e-09,2.7263,0.39109,0.76338,0.015673,0.01445,0.70478,254.02
0.50447,1.7114,6.0723,2.3565,3.8813,8.3127e-09,2.7264,0.39109,0.76338,0.015674,0.01445,0.70478,254.02
0.50446,1.7114,6.0728,2.3565,3.8821,7.572e-09,2.727,0.3911,0.76338,0.015673,0.01445,0.70478,254.02
0.50446,1.7114,6.073,2.3565,3.8822,7.5561e-09,2.7271,0.39109,0.76338,0.015674,0.01445,0.70478,254.02
0.50445,1.7113,6.073,2.3566,3.8821,7.4184e-09,2.727,0.3911,0.76338,0.015675,0.01445,0.70478,254.02
0.50445,1.7113,6.073,2.3565,3.8822,7.3572e-09,2.7271,0.39109,0.76339,0.015675,0.01445,0.70478,254.02
0.50444,1.7113,6.0732,2.3566,3.8823,7.3385e-09,2.7272,0.39109,0.76338,0.015675,0.01445,0.70478,254.02
0.50444,1.7112,6.0734,2.3565,3.8826,7.2002e-09,2.7274,0.39111,0.76338,0.015678,0.01445,0.70478,254.02
0.50443,1.7112,6.0735,2.3566,3.8826,7.1479e-09,2.7275,0.3911,0.76338,0.015676,0.01445,0.70478,254.02
0.50443,1.7112,6.0737,2.3567,3.8829,7.0004e-09,2.7276,0.3911,0.76338,0.015676,0.01445,0.70478,254.03
0.50442,1.7111,6.0738,2.3566,3.883,6.869e-09,2.7278,0.39111,0.76338,0.015678,0.01445,0.70478,254.03
0.50442,1.7112,6.0739,2.3567,3.883,6.8539e-09,2.7278,0.3911,0.76338,0.015676,0.01445,0.70478,254.03
0.50441,1.7112,6.074,2.3567,3.8832,6.8387e-09,2.7279,0.3911,0.76338,0.015677,0.01445,0.70478,254.03
0.50441,1.7111,6.0742,2.3568,3.8834,6.7039e-09,2.7281,0.39111,0.76337,0.015678,0.01445,0.70478,254.03
0.5044,1.7111,6.0744,2.3567,3.8837,6.5837e-09,2.7282,0.3911,0.76338,0.015676,0.01445,0.70478,254.03
0.5044,1.7111,6.0746,2.3568,3.8838,6.5531e-09,2.7284,0.39111,0.76338,0.015678,0.01445,0.70478,254.03
0.50439,1.7111,6.0747,2.3569,3.884,6.4291e-09,2.7285,0.39111,0.76337,0.015677,0.01445,0.70478,254.03
0.50439,1.7111,6.0748,2.3569,3.8841,6.4152e-09,2.7286,0.39111,0.76338,0.015679,0.01445,0.70478,254.03
0.50438,1.7111,6.0749,2.357,3.8842,6.3014e-09,2.7287,0.39111,0.76337,0.015677,0.01445,0.70478,254.03
0.50438,1.711,6.0752,2.3569,3.8845,6.2615e-09,2.729,0.39111,0.76337,0.01568,0.01445,0.70478,254.04
0.50437,1.711,6.0753,2.357,3.8846,6.1993e-09,2.729,0.39111,0.76337,0.015678,0.01445,0.70478,254.04
0.50437,1.711,6.0754,2.3569,3.8847,6.1858e-09,2.7292,0.39111,0.76337,0.01568,0.01445,0.70478,254.04
0.50436,1.711,6.0756,2.3571,3.8849,6.0683e-09,2.7293,0.39111,0.76336,0.015679,0.01445,0.70478,254.04
0.50436,1.7109,6.0759,2.357,3.8853,6.0552e-09,2.7295,0.39112,0.76337,0.015681,0.01445,0.70478,254.04
0.50435,1.7109,6.0759,2.357,3.8853,6.001e-09,2.7295,0.39112,0.76337,0.015679,0.01445,0.70478,254.04
0.50435,1.7109,6.0762,2.357,3.8856,5.9631e-09,2.7298,0.39112,0.76337,0.015682,0.01445,0.70478,254.04
0.50434,1.7109,6.0764,2.3571,3.8858,5.936e-09,2.7299,0.39112,0.76337,0.015681,0.01445,0.70478,254.04
0.50434,1.7109,6.0764,2.3571,3.8858,5.9086e-09,2.73,0.39112,0.76337,0.015682,0.01445,0.70478,254.04
0.50433,1.7108,6.0766,2.3572,3.886,5.7965e-09,2.7301,0.39112,0.76337,0.015682,0.01445,0.70478,254.04
0.50433,1.7108,6.0769,2.3571,3.8864,5.6888e-09,2.7304,0.39112,0.76338,0.015685,0.01445,0.70478,254.05
0.50432,1.7108,6.0769,2.3572,3.8863,5.6761e-09,2.7304,0.39112,0.76337,0.015682,0.01445,0.70478,254.05
0.50432,1.7108,6.0772,2.3572,3.8867,5.6408e-09,2.7306,0.39112,0.76337,0.015683,0.01445,0.70478,254.05
0.50431,1.7107,6.0774,2.3572,3.8868,5.5924e-09,2.7308,0.39113,0.76337,0.015683,0.01445,0.70478,254.05
0.50431,1.7107,6.0775,2.3573,3.887,5.4911e-09,2.7309,0.39112,0.76336,0.015685,0.01445,0.70478,254.05
0.5043,1.7107,6.0776,2.3573,3.887,5.4794e-09,2.731,0.39113,0.76336,0.015684,0.01445,0.70478,254.05
0.5043,1.7106,6.0778,2.3572,3.8873,5.4332e-09,2.7311,0.39113,0.76337,0.015685,0.01445,0.70478,254.05
0.50429,1.7107,6.0779,2.3574,3.8874,5.4215e-09,2.7312,0.39113,0.76336,0.015684,0.01445,0.70478,254.05
0.50429,1.7106,6.0782,2.3573,3.8877,5.3179e-09,2.7315,0.39114,0.76337,0.015688,0.01445,0.70478,254.05
0.50428,1.7106,6.0784,2.3574,3.8879,5.2824e-09,2.7316,0.39113,0.76336,0.015686,0.01445,0.70478,254.05
0.50428,1.7106,6.0785,2.3574,3.888,5.2377e-09,2.7317,0.39113,0.76337,0.015686,0.01445,0.70478,254.06
0.50427,1.7106,6.0785,2.3575,3.888,5.2262e-09,2.7318,0.39113,0.76336,0.015686,0.01445,0.70478,254.06
0.50427,1.7105,6.0788,2.3575,3.8883,5.1149e-09,2.732,0.39114,0.76336,0.015688,0.01445,0.70478,254.06
0.50426,1.7106,6.0788,2.3575,3.8884,5.1038e-09,2.732,0.39113,0.76336,0.015686,0.01445,0.70478,254.06
0.50426,1.7105,6.079,2.3575,3.8885,5.0808e-09,2.7321,0.39114,0.76336,0.015687,0.01445,0.70478,254.06
0.50425,1.7105,6.0791,2.3576,3.8887,4.9834e-09,2.7323,0.39114,0.76336,0.015686,0.01445,0.70478,254.06
0.50425,1.7105,6.0792,2.3576,3.8888,4.9579e-09,2.7324,0.39114,0.76336,0.015688,0.01445,0.70478,254.06
0.50424,1.7105,6.0795,2.3577,3.889,4.8669e-09,2.7325,0.39114,0.76335,0.015687,0.01445,0.70478,254.06
0.50424,1.7104,6.0796,2.3576,3.8891,4.8565e-09,2.7327,0.39114,0.76336,0.015689,0.01445,0.70478,254.06
0.50423,1.7104,6.0799,2.3577,3.8895,4.805e-09,2.7329,0.39114,0.76335,0.015688,0.01445,0.70478,254.06
0.50423,1.7104,6.08,2.3577,3.8896,4.7835e-09,2.733,0.39114,0.76336,0.015689,0.01445,0.70478,254.07
0.50422,1.7104,6.0801,2.3578,3.8897,4.7339e-09,2.7331,0.39115,0.76335,0.015688,0.01445,0.70478,254.07
0.50422,1.7103,6.0803,2.3577,3.8899,4.7238e-09,2.7333,0.39115,0.76336,0.01569,0.01445,0.70478,254.07
0.50421,1.7103,6.0804,2.3578,3.8901,4.6221e-09,2.7334,0.39115,0.76335,0.015689,0.01445,0.70478,254.07
0.50421,1.7103,6.0806,2.3578,3.8903,4.6021e-09,2.7335,0.39115,0.76336,0.015691,0.01445,0.70478,254.07
0.5042,1.7103,6.0808,2.3578,3.8905,4.5172e-09,2.7337,0.39115,0.76335,0.01569,0.01445,0.70478,254.07
0.5042,1.7103,6.0809,2.3578,3.8906,4.5076e-09,2.7338,0.39115,0.76336,0.015691,0.01445,0.70478,254.07
0.50419,1.7102,6.0811,2.3579,3.8908,4.4679e-09,2.7339,0.39115,0.76335,0.015691,0.01445,0.70478,254.07
0.50419,1.7102,6.0812,2.3579,3.8909,4.4476e-09,2.734,0.39115,0.76336,0.015692,0.01445,0.70478,254.07
0.50418,1.7102,6.0814,2.358,3.8911,4.3645e-09,2.7342,0.39116,0.76335,0.015691,0.01445,0.70478,254.07
0.50418,1.7102,6.0815,2.358,3.8912,4.346e-09,2.7343,0.39116,0.76336,0.015693,0.01445,0.70478,254.08
0.50417,1.7101,6.0818,2.358,3.8916,4.2512e-09,2.7345,0.39116,0.76335,0.015693,0.01445,0.70478,254.08
0.50417,1.7101,6.0819,2.358,3.8917,4.2136e-09,2.7346,0.39116,0.76335,0.015693,0.01445,0.70478,254.08
0.50416,1.7101,6.082,2.358,3.8918,4.1942e-09,2.7347,0.39116,0.76335,0.015693,0.01445,0.70478,254.08
0.50416,1.7101,6.0822,2.3581,3.892,4.1597e-09,2.7349,0.39116,0.76335,0.015693,0.01445,0.70478,254.08
0.50415,1.7101,6.0823,2.3581,3.8921,4.1346e-09,2.735,0.39116,0.76335,0.015694,0.01445,0.70478,254.08
0.50415,1.7101,6.0825,2.3581,3.8923,4.0568e-09,2.7352,0.39116,0.76335,0.015694,0.01445,0.70478,254.08
0.50414,1.71,6.0826,2.3581,3.8925,4.0482e-09,2.7353,0.39116,0.76335,0.015695,0.01445,0.70478,254.08
0.50414,1.71,6.0829,2.3582,3.8927,3.9736e-09,2.7354,0.39117,0.76335,0.015694,0.01445,0.70478,254.08
0.50413,1.71,6.083,2.3582,3.8928,3.9652e-09,2.7356,0.39117,0.76335,0.015695,0.01445,0.70478,254.08
0.50413,1.71,6.0831,2.3582,3.893,3.8929e-09,2.7357,0.39117,0.76335,0.015696,0.01445,0.70478,254.09
0.50412,1.7099,6.0834,2.3581,3.8933,3.822e-09,2.7359,0.39117,0.76336,0.015697,0.01445,0.70478,254.09
0.50412,1.7099,6.0835,2.3583,3.8934,3.8139e-09,2.736,0.39117,0.76335,0.015696,0.01445,0.70478,254.09
0.50411,1.7099,6.0836,2.3583,3.8935,3.7951e-09,2.7361,0.39117,0.76335,0.015697,0.01445,0.70478,254.09
0.50411,1.7099,6.0838,2.3583,3.8938,3.7242e-09,2.7363,0.39117,0.76334,0.015696,0.01445,0.70478,254.09
0.5041,1.7099,6.084,2.3583,3.8939,3.7092e-09,2.7364,0.39117,0.76335,0.015697,0.01445,0.70478,254.09
0.5041,1.7098,6.0842,2.3584,3.8941,3.6398e-09,2.7366,0.39118,0.76334,0.015697,0.01445,0.70478,254.09
0.50409,1.7098,6.0843,2.3584,3.8942,3.6322e-09,2.7367,0.39117,0.76335,0.015698,0.01445,0.70478,254.09
0.50409,1.7098,6.0845,2.3584,3.8945,3.5631e-09,2.7368,0.39118,0.76334,0.015698,0.01445,0.70478,254.09
0.50408,1.7097,6.0848,2.3583,3.8948,3.4831e-09,2.7371,0.39117,0.76335,0.0157,0.01445,0.70478,254.09
0.50408,1.7097,6.0848,2.3585,3.8949,3.4761e-09,2.7372,0.39118,0.76334,0.015699,0.01445,0.70478,254.1
0.50407,1.7097,6.0849,2.3585,3.8949,3.4607e-09,2.7372,0.39118,0.76335,0.015699,0.01445,0.70478,254.1
0.50407,1.7097,6.0851,2.3585,3.8951,3.3974e-09,2.7373,0.39118,0.76334,0.015699,0.01445,0.70478,254.1
0.50407,1.7097,6.0852,2.3585,3.8952,3.3818e-09,2.7374,0.39118,0.76334,0.0157,0.01445,0.70478,254.1
0.50406,1.7097,6.0854,2.3586,3.8954,3.3196e-09,2.7376,0.39118,0.76334,0.0157,0.01445,0.70478,254.1
0.50406,1.7097,6.0855,2.3586,3.8955,3.2997e-09,2.7377,0.39118,0.76334,0.015701,0.01445,0.70478,254.1
0.50405,1.7096,6.0857,2.3586,3.8958,3.2389e-09,2.7379,0.39119,0.76334,0.0157,0.01445,0.70478,254.1
0.50405,1.7096,6.0858,2.3587,3.8958,3.2201e-09,2.738,0.39119,0.76334,0.015701,0.01445,0.70478,254.1
0.50404,1.7096,6.086,2.3587,3.8961,3.1936e-09,2.7381,0.39119,0.76334,0.015701,0.01445,0.70478,254.1
0.50404,1.7096,6.0861,2.3587,3.8962,3.175e-09,2.7383,0.39119,0.76334,0.015702,0.01445,0.70478,254.1
0.50403,1.7096,6.0863,2.3588,3.8964,3.1183e-09,2.7384,0.39119,0.76334,0.015701,0.01445,0.70478,254.11
0.50403,1.7095,6.0864,2.3588,3.8965,3.1053e-09,2.7385,0.39119,0.76334,0.015703,0.01445,0.70478,254.11
0.50402,1.7095,6.0866,2.3588,3.8967,3.073e-09,2.7386,0.39119,0.76334,0.015702,0.01445,0.70478,254.11
0.50402,1.7095,6.0867,2.3588,3.8968,3.0591e-09,2.7388,0.39119,0.76334,0.015703,0.01445,0.70478,254.11
0.50401,1.7095,6.0869,2.3589,3.897,3.0269e-09,2.7389,0.39119,0.76333,0.015703,0.01445,0.70478,254.11
0.50401,1.7095,6.087,2.3589,3.8971,3.0132e-09,2.739,0.39119,0.76334,0.015704,0.01445,0.70478,254.11
0.504,1.7094,6.0873,2.3589,3.8974,2.9481e-09,2.7392,0.3912,0.76333,0.015704,0.01445,0.70478,254.11
0.504,1.7094,6.0874,2.3589,3.8976,2.9356e-09,2.7393,0.3912,0.76334,0.015704,0.01445,0.70478,254.11
0.50399,1.7094,6.0876,2.3589,3.8978,2.8799e-09,2.7395,0.3912,0.76333,0.015704,0.01445,0.70478,254.11
0.50399,1.7094,6.0877,2.359,3.8979,2.8679e-09,2.7396,0.3912,0.76334,0.015705,0.01445,0.70478,254.11
0.50398,1.7093,6.088,2.359,3.8982,2.8071e-09,2.7398,0.3912,0.76333,0.015704,0.01445,0.70478,254.12
0.50398,1.7093,6.0881,2.359,3.8983,2.8013e-09,2.7399,0.3912,0.76334,0.015706,0.01445,0.70478,254.12
0.50397,1.7093,6.0883,2.3591,3.8985,2.7429e-09,2.7401,0.3912,0.76333,0.015705,0.01445,0.70478,254.12
0.50397,1.7093,6.0884,2.3591,3.8986,2.7313e-09,2.7401,0.3912,0.76334,0.015707,0.01445,0.70478,254.12
0.50396,1.7092,6.0887,2.3591,3.899,2.675e-09,2.7405,0.39121,0.76333,0.015707,0.01445,0.70478,254.12
0.50396,1.7092,6.0889,2.359,3.8993,2.4447e-09,2.7406,0.39121,0.76333,0.015707,0.01445,0.70478,254.12
0.50395,1.7092,6.089,2.3591,3.8993,2.4226e-09,2.7407,0.3912,0.76334,0.015708,0.01445,0.70478,254.12
0.50395,1.7092,6.0891,2.3592,3.8994,2.4179e-09,2.7407,0.39121,0.76333,0.015707,0.01445,0.70478,254.12
0.50394,1.7091,6.0894,2.3591,3.8997,2.398e-09,2.741,0.39121,0.76334,0.015709,0.01445,0.70478,254.12
0.50394,1.7091,6.0894,2.3592,3.8997,2.3931e-09,2.7411,0.39121,0.76333,0.015708,0.01445,0.70478,254.12
0.50393,1.7091,6.0895,2.3592,3.8999,2.3827e-09,2.7411,0.39121,0.76333,0.015709,0.01445,0.70478,254.13
0.50393,1.7091,6.0897,2.3593,3.9001,2.339e-09,2.7413,0.39121,0.76333,0.015708,0.01445,0.70478,254.13
0.50392,1.7091,6.0898,2.3593,3.9002,2.3291e-09,2.7414,0.39121,0.76333,0.01571,0.01445,0.70478,254.13
0.50392,1.7091,6.09,2.3594,3.9004,2.3054e-09,2.7415,0.39121,0.76332,0.015708,0.01445,0.70478,254.13
0.50391,1.709,6.0901,2.3593,3.9005,2.2952e-09,2.7417,0.39122,0.76333,0.01571,0.01445,0.70478,254.13
0.50391,1.7091,6.0903,2.3595,3.9008,2.2549e-09,2.7418,0.39122,0.76332,0.015709,0.01445,0.70478,254.13
0.5039,1.709,6.0904,2.3594,3.9008,2.245e-09,2.7419,0.39122,0.76333,0.015711,0.01445,0.70478,254.13
0.5039,1.709,6.0905,2.3595,3.9009,2.2351e-09,2.742,0.39122,0.76333,0.01571,0.01445,0.70478,254.13
0.50389,1.7089,6.0909,2.3594,3.9013,2.1938e-09,2.7423,0.39123,0.76333,0.015714,0.01445,0.70478,254.13
0.50389,1.709,6.0909,2.3595,3.9013,2.1892e-09,2.7423,0.39122,0.76333,0.015711,0.01445,0.70478,254.14
0.50388,1.7089,6.091,2.3595,3.9014,2.1846e-09,2.7424,0.39122,0.76333,0.015712,0.01445,0.70478,254.14
0.50388,1.7089,6.0913,2.3596,3.9017,2.1427e-09,2.7426,0.39123,0.76332,0.015713,0.01445,0.70478,254.14
0.50387,1.7089,6.0914,2.3595,3.9019,2.0962e-09,2.7427,0.39122,0.76333,0.015712,0.01445,0.70478,254.14
0.50387,1.7088,6.0915,2.3596,3.902,2.0871e-09,2.7429,0.39123,0.76333,0.015713,0.01445,0.70478,254.14
0.50386,1.7089,6.0921,2.3597,3.9027,2.0005e-09,2.7434,0.39123,0.76331,0.015715,0.01445,0.70478,254.14
0.50386,1.7088,6.0922,2.3596,3.9028,1.9738e-09,2.7435,0.39123,0.76332,0.015714,0.01445,0.70478,254.14
0.50385,1.7088,6.0923,2.3597,3.9029,1.9656e-09,2.7435,0.39123,0.76332,0.015714,0.01445,0.70478,254.14
0.50385,1.7087,6.0925,2.3596,3.9031,1.9497e-09,2.7437,0.39124,0.76333,0.015716,0.01445,0.70478,254.14
0.50384,1.7087,6.0926,2.3597,3.9031,1.9383e-09,2.7437,0.39123,0.76332,0.015715,0.01445,0.70478,254.14
0.50384,1.7087,6.0926,2.3597,3.9032,1.9212e-09,2.7438,0.39123,0.76332,0.015715,0.01445,0.70478,254.15
0.50383,1.7087,6.0927,2.3597,3.9033,1.9129e-09,2.7439,0.39123,0.76332,0.015716,0.01445,0.70478,254.15
0.50383,1.7087,6.0929,2.3598,3.9035,1.8981e-09,2.744,0.39124,0.76332,0.015715,0.01445,0.70478,254.15
0.50382,1.7087,6.093,2.3598,3.9036,1.8897e-09,2.7441,0.39124,0.76332,0.015716,0.01445,0.70478,254.15
0.50382,1.7086,6.0933,2.3599,3.9039,1.875e-09,2.7443,0.39124,0.76332,0.015716,0.01445,0.70478,254.15
0.50381,1.7086,6.0934,2.3598,3.904,1.867e-09,2.7444,0.39124,0.76332,0.015717,0.01445,0.70478,254.15
0.50381,1.7086,6.0935,2.3599,3.9041,1.8484e-09,2.7445,0.39124,0.76332,0.015716,0.01445,0.70478,254.15
0.5038,1.7086,6.0936,2.3599,3.9042,1.8404e-09,2.7447,0.39124,0.76332,0.015718,0.01445,0.70478,254.15
0.5038,1.7086,6.0938,2.36,3.9044,1.8216e-09,2.7448,0.39124,0.76332,0.015717,0.01445,0.70478,254.15
0.50379,1.7085,6.0939,2.36,3.9046,1.8179e-09,2.7449,0.39124,0.76332,0.015718,0.01445,0.70478,254.15
0.50379,1.7085,6.0941,2.36,3.9048,1.7844e-09,2.7451,0.39125,0.76332,0.015718,0.01445,0.70478,254.16
0.50378,1.7085,6.0943,2.36,3.9049,1.774e-09,2.7452,0.39125,0.76332,0.015719,0.01445,0.70478,254.16
0.50378,1.7085,6.0945,2.3601,3.9053,1.7545e-09,2.7454,0.39125,0.76331,0.015719,0.01445,0.70478,254.16
0.50377,1.7084,6.0946,2.3601,3.9053,1.7471e-09,2.7455,0.39125,0.76332,0.01572,0.01445,0.70478,254.16
0.50377,1.7084,6.0948,2.3601,3.9055,1.7166e-09,2.7456,0.39125,0.76331,0.015719,0.01445,0.70478,254.16
0.50376,1.7084,6.0949,2.3601,3.9056,1.7096e-09,2.7457,0.39125,0.76332,0.01572,0.01445,0.70478,254.16
0.50376,1.7084,6.0951,2.3602,3.9058,1.692e-09,2.7459,0.39125,0.76331,0.015719,0.01445,0.70478,254.16
0.50375,1.7084,6.0952,2.3602,3.906,1.6885e-09,2.746,0.39125,0.76332,0.015721,0.01445,0.70478,254.16
0.50375,1.7083,6.0954,2.3602,3.9062,1.6577e-09,2.7462,0.39125,0.76331,0.015721,0.01445,0.70478,254.16
0.50374,1.7083,6.0957,2.3601,3.9066,1.6284e-09,2.7464,0.39125,0.76333,0.015723,0.01445,0.70478,254.17
0.50374,1.7083,6.0958,2.3603,3.9066,1.625e-09,2.7465,0.39125,0.76331,0.015721,0.01445,0.70478,254.17
0.50373,1.7083,6.0959,2.3603,3.9067,1.6217e-09,2.7466,0.39126,0.76331,0.015722,0.01445,0.70478,254.17
0.50373,1.7083,6.0961,2.3603,3.9069,1.6091e-09,2.7468,0.39126,0.76331,0.015722,0.01445,0.70478,254.17
0.50372,1.7082,6.0962,2.3603,3.9071,1.6005e-09,2.7469,0.39126,0.76331,0.015723,0.01445,0.70478,254.17
0.50372,1.7082,6.0964,2.3603,3.9073,1.5708e-09,2.747,0.39126,0.76331,0.015723,0.01445,0.70478,254.17
0.50371,1.7082,6.0967,2.3603,3.9076,1.5379e-09,2.7473,0.39125,0.76332,0.015726,0.01445,0.70478,254.17
0.50371,1.7082,6.0967,2.3604,3.9076,1.5344e-09,2.7473,0.39126,0.76331,0.015723,0.01445,0.70478,254.17
0.5037,1.7082,6.0968,2.3604,3.9077,1.5279e-09,2.7474,0.39126,0.76331,0.015724,0.01445,0.70478,254.17
0.5037,1.7081,6.0971,2.3605,3.908,1.5006e-09,2.7476,0.39127,0.76331,0.015723,0.01445,0.70478,254.17
0.50369,1.7081,6.0972,2.3605,3.9081,1.4976e-09,2.7477,0.39127,0.76331,0.015725,0.01445,0.70478,254.18
0.50369,1.7081,6.0974,2.3606,3.9082,1.4815e-09,2.7478,0.39127,0.76331,0.015724,0.01445,0.70478,254.18
0.50368,1.7081,6.0975,2.3606,3.9084,1.4786e-09,2.748,0.39127,0.76331,0.015725,0.01445,0.70478,254.18
0.50368,1.708,6.0977,2.3605,3.9087,1.4509e-09,2.7481,0.39127,0.76331,0.015726,0.01445,0.70478,254.18
0.50367,1.7081,6.0979,2.3606,3.9088,1.4177e-09,2.7483,0.39126,0.76331,0.015727,0.01445,0.70478,254.18
0.50367,1.708,6.098,2.3606,3.9089,1.4148e-09,2.7483,0.39127,0.76331,0.015726,0.01445,0.70478,254.18
0.50366,1.7079,6.0982,2.3606,3.9092,1.3883e-09,2.7485,0.39128,0.76331,0.015727,0.01445,0.70478,254.18
0.50366,1.708,6.0983,2.3607,3.9093,1.3632e-09,2.7487,0.39127,0.7633,0.015726,0.01445,0.70478,254.18
0.50365,1.7079,6.0984,2.3607,3.9094,1.3605e-09,2.7488,0.39127,0.76331,0.015728,0.01445,0.70478,254.18
0.50365,1.7079,6.0986,2.3608,3.9096,1.3379e-09,2.7489,0.39128,0.7633,0.015726,0.01445,0.70478,254.18
0.50364,1.7079,6.0987,2.3608,3.9097,1.3353e-09,2.749,0.39128,0.76331,0.015728,0.01445,0.70478,254.19
0.50364,1.7079,6.099,2.3608,3.91,1.331e-09,2.7492,0.39128,0.7633,0.015728,0.01445,0.70478,254.19
0.50363,1.7079,6.0991,2.3608,3.9102,1.3283e-09,2.7493,0.39128,0.76331,0.015729,0.01445,0.70478,254.19
0.50363,1.7078,6.0993,2.3608,3.9104,1.3047e-09,2.7495,0.39128,0.7633,0.015728,0.01445,0.70478,254.19
0.50362,1.7078,6.0995,2.3608,3.9105,1.3021e-09,2.7496,0.39128,0.7633,0.01573,0.01445,0.70478,254.19
0.50362,1.7078,6.0996,2.3609,3.9107,1.2757e-09,2.7498,0.39128,0.7633,0.01573,0.01445,0.70478,254.19
0.50361,1.7078,6.0998,2.3609,3.9109,1.2706e-09,2.7499,0.39128,0.7633,0.01573,0.01445,0.70478,254.19
0.50361,1.7077,6.0999,2.3609,3.9111,1.2477e-09,2.75,0.39129,0.7633,0.01573,0.01445,0.70478,254.19
0.5036,1.7077,6.1001,2.3609,3.9113,1.2224e-09,2.7502,0.39128,0.76331,0.015732,0.01445,0.70478,254.19
0.5036,1.7077,6.1003,2.361,3.9114,1.2199e-09,2.7503,0.39128,0.7633,0.015731,0.01445,0.70478,254.2
0.50359,1.7077,6.1004,2.361,3.9115,1.2147e-09,2.7504,0.39129,0.7633,0.015732,0.01445,0.70478,254.2
0.50359,1.7077,6.1006,2.3611,3.9118,1.1933e-09,2.7506,0.39129,0.7633,0.015731,0.01445,0.70478,254.2
0.50358,1.7076,6.1007,2.361,3.9118,1.1883e-09,2.7507,0.39129,0.7633,0.015732,0.01445,0.70478,254.2
0.50358,1.7076,6.1009,2.3611,3.9121,1.1792e-09,2.7509,0.39129,0.76329,0.015732,0.01445,0.70478,254.2
0.50357,1.7076,6.101,2.3611,3.9122,1.1743e-09,2.751,0.39129,0.7633,0.015733,0.01445,0.70478,254.2
0.50357,1.7076,6.1012,2.3612,3.9124,1.1532e-09,2.7511,0.39129,0.76329,0.015732,0.01445,0.70478,254.2
0.50356,1.7076,6.1013,2.3611,3.9125,1.151e-09,2.7512,0.39129,0.7633,0.015734,0.01445,0.70478,254.2
0.50356,1.7076,6.1016,2.3612,3.9128,1.1414e-09,2.7514,0.3913,0.76329,0.015732,0.01445,0.70478,254.2
0.50355,1.7075,6.1017,2.3612,3.9129,1.1366e-09,2.7515,0.3913,0.7633,0.015735,0.01445,0.70478,254.2
0.50355,1.7075,6.1018,2.3613,3.9131,1.1185e-09,2.7516,0.3913,0.76329,0.015733,0.01445,0.70478,254.21
0.50354,1.7075,6.1021,2.3612,3.9134,1.1138e-09,2.7519,0.3913,0.7633,0.015736,0.01445,0.70478,254.21
0.50354,1.7075,6.1022,2.3613,3.9134,1.1129e-09,2.7519,0.3913,0.76329,0.015735,0.01445,0.70478,254.21
0.50353,1.7074,6.1024,2.3612,3.9136,1.1042e-09,2.7521,0.39131,0.7633,0.015737,0.01445,0.70478,254.21
0.50353,1.7074,6.1024,2.3614,3.9137,1.102e-09,2.7521,0.3913,0.76329,0.015735,0.01445,0.70478,254.21
0.50352,1.7074,6.1026,2.3614,3.9139,1.0999e-09,2.7522,0.3913,0.76329,0.015736,0.01445,0.70478,254.21
0.50352,1.7074,6.1028,2.3614,3.9141,1.0796e-09,2.7525,0.39131,0.76329,0.015736,0.01445,0.70478,254.21
0.50351,1.7073,6.1031,2.3613,3.9144,1.0554e-09,2.7527,0.3913,0.7633,0.015739,0.01445,0.70478,254.21
0.50351,1.7073,6.1031,2.3615,3.9145,1.0533e-09,2.7527,0.39131,0.76329,0.015737,0.01445,0.70478,254.21
0.50351,1.7073,6.1032,2.3615,3.9146,1.0513e-09,2.7528,0.39131,0.76329,0.015738,0.01445,0.70478,254.22
0.5035,1.7073,6.1035,2.3615,3.9148,1.0328e-09,2.753,0.39131,0.76329,0.015737,0.01445,0.70478,254.22
0.5035,1.7073,6.1036,2.3615,3.9149,1.0308e-09,2.7531,0.39131,0.76329,0.015739,0.01445,0.70478,254.22
0.50349,1.7072,6.1038,2.3616,3.9151,1.0223e-09,2.7533,0.39131,0.76329,0.015738,0.01445,0.70478,254.22
0.50349,1.7072,6.1039,2.3616,3.9152,1.018e-09,2.7534,0.39131,0.76329,0.015739,0.01445,0.70478,254.22
0.50348,1.7072,6.1041,2.3617,3.9156,1.0079e-09,2.7536,0.39131,0.76328,0.015739,0.01445,0.70478,254.22
0.50348,1.7072,6.1042,2.3616,3.9156,1.0059e-09,2.7537,0.39131,0.76329,0.01574,0.01445,0.70478,254.22
0.50347,1.7072,6.1044,2.3617,3.9158,9.8958e-10,2.7538,0.39132,0.76328,0.015739,0.01445,0.70478,254.22
0.50347,1.7071,6.1045,2.3617,3.916,9.8544e-10,2.7539,0.39132,0.76329,0.015741,0.01445,0.70478,254.22
0.50346,1.7071,6.1048,2.3618,3.9162,9.7582e-10,2.7541,0.39132,0.76328,0.01574,0.01445,0.70478,254.22
0.50346,1.7071,6.1049,2.3617,3.9163,9.7179e-10,2.7543,0.39132,0.76329,0.015742,0.01445,0.70478,254.23
0.50345,1.7071,6.105,2.3618,3.9165,9.5611e-10,2.7543,0.39132,0.76328,0.01574,0.01445,0.70478,254.23
0.50345,1.707,6.1051,2.3618,3.9166,9.5426e-10,2.7545,0.39132,0.76329,0.015742,0.01445,0.70478,254.23
0.50344,1.7071,6.1054,2.3619,3.9169,9.4477e-10,2.7547,0.39132,0.76328,0.015742,0.01445,0.70478,254.23
0.50344,1.707,6.1055,2.3618,3.917,9.4088e-10,2.7547,0.39132,0.76329,0.015743,0.01445,0.70478,254.23
0.50344,1.707,6.1055,2.3619,3.9169,9.4284e-10,2.7548,0.39132,0.76329,0.015742,0.01445,0.70478,254.23
0.50343,1.7069,6.1058,2.3619,3.9173,9.2285e-10,2.755,0.39133,0.76328,0.015743,0.01445,0.70478,254.23
0.50343,1.707,6.1059,2.3619,3.9175,9.2106e-10,2.7552,0.39133,0.76328,0.015743,0.01445,0.70478,254.23
0.50342,1.7069,6.1062,2.3618,3.9178,9.0522e-10,2.7554,0.39133,0.76329,0.015745,0.01445,0.70478,254.23
0.50342,1.7069,6.1063,2.3619,3.9178,8.9974e-10,2.7554,0.39133,0.76329,0.015744,0.01445,0.70478,254.23
0.50341,1.7069,6.1063,2.362,3.9179,8.9248e-10,2.7554,0.39133,0.76328,0.015743,0.01445,0.70478,254.24
0.50341,1.7069,6.1064,2.362,3.918,8.9075e-10,2.7556,0.39133,0.76329,0.015745,0.01445,0.70478,254.24
0.5034,1.7069,6.1066,2.3621,3.9182,8.7601e-10,2.7557,0.39133,0.76328,0.015744,0.01445,0.70478,254.24
0.5034,1.7068,6.1067,2.362,3.9183,8.7427e-10,2.7558,0.39133,0.76328,0.015746,0.01445,0.70478,254.24
0.50339,1.7068,6.1069,2.3621,3.9185,8.5965e-10,2.756,0.39133,0.76328,0.015745,0.01445,0.70478,254.24
0.50339,1.7068,6.107,2.3621,3.9186,8.5605e-10,2.7561,0.39133,0.76328,0.015746,0.01445,0.70478,254.24
0.50338,1.7068,6.1073,2.3622,3.919,8.4758e-10,2.7563,0.39134,0.76328,0.015746,0.01445,0.70478,254.24
0.50338,1.7067,6.1074,2.3621,3.9191,8.4414e-10,2.7564,0.39134,0.76328,0.015747,0.01445,0.70478,254.24
0.50337,1.7067,6.1076,2.3622,3.9193,8.3011e-10,2.7566,0.39134,0.76328,0.015746,0.01445,0.70478,254.24
0.50337,1.7067,6.1078,2.3622,3.9194,8.2671e-10,2.7567,0.39134,0.76328,0.015748,0.01445,0.70478,254.24
0.50336,1.7067,6.108,2.3623,3.9197,8.1875e-10,2.7569,0.39134,0.76327,0.015747,0.01445,0.70478,254.25
0.50336,1.7067,6.1081,2.3622,3.9198,8.1542e-10,2.757,0.39134,0.76328,0.015749,0.01445,0.70478,254.25
0.50335,1.7067,6.1083,2.3623,3.92,8.0257e-10,2.7571,0.39134,0.76327,0.015747,0.01445,0.70478,254.25
0.50335,1.7066,6.1084,2.3623,3.9202,7.9927e-10,2.7573,0.39134,0.76328,0.015749,0.01445,0.70478,254.25
0.50334,1.7066,6.1085,2.3624,3.9202,7.9638e-10,2.7573,0.39134,0.76328,0.015749,0.01445,0.70478,254.25
0.50334,1.7065,6.1087,2.3623,3.9204,7.9012e-10,2.7575,0.39135,0.76328,0.01575,0.01445,0.70478,254.25
0.50333,1.7066,6.1089,2.3625,3.9206,7.7608e-10,2.7576,0.39134,0.76327,0.015749,0.01445,0.70478,254.25
0.50333,1.7065,6.109,2.3624,3.9207,7.7458e-10,2.7578,0.39135,0.76328,0.01575,0.01445,0.70478,254.25
0.50332,1.7065,6.1092,2.3625,3.921,7.5973e-10,2.7579,0.39135,0.76327,0.01575,0.01445,0.70478,254.25
0.50332,1.7065,6.1093,2.3624,3.9211,7.566e-10,2.758,0.39135,0.76328,0.015751,0.01445,0.70478,254.26
0.50331,1.7065,6.1094,2.3625,3.9212,7.4926e-10,2.7581,0.39135,0.76327,0.01575,0.01445,0.70478,254.26
0.50331,1.7065,6.1096,2.3625,3.9214,7.461e-10,2.7582,0.39135,0.76328,0.015752,0.01445,0.70478,254.26
0.5033,1.7064,6.1098,2.3626,3.9216,7.3164e-10,2.7584,0.39135,0.76327,0.015751,0.01445,0.70478,254.26
0.5033,1.7064,6.1099,2.3626,3.9218,7.3023e-10,2.7586,0.39135,0.76327,0.015752,0.01445,0.70478,254.26
0.50329,1.7064,6.1102,2.3626,3.922,7.1757e-10,2.7587,0.39136,0.76327,0.015752,0.01445,0.70478,254.26
0.50329,1.7064,6.1103,2.3626,3.9221,7.1485e-10,2.7588,0.39136,0.76327,0.015753,0.01445,0.70478,254.26
0.50328,1.7064,6.1104,2.3627,3.9223,7.0913e-10,2.759,0.39136,0.76327,0.015752,0.01445,0.70478,254.26
0.50328,1.7063,6.1106,2.3627,3.9224,7.0778e-10,2.7591,0.39136,0.76327,0.015754,0.01445,0.70478,254.26
0.50327,1.7063,6.1108,2.3627,3.9227,6.9403e-10,2.7593,0.39136,0.76327,0.015753,0.01445,0.70478,254.26
0.50327,1.7063,6.111,2.3627,3.9229,6.9273e-10,2.7594,0.39136,0.76327,0.015754,0.01445,0.70478,254.27
0.50326,1.7062,6.1111,2.3627,3.9231,6.807e-10,2.7595,0.39137,0.76327,0.015755,0.01445,0.70478,254.27
0.50326,1.7063,6.1113,2.3628,3.9233,6.692e-10,2.7597,0.39136,0.76327,0.015756,0.01445,0.70478,254.27
0.50325,1.7062,6.1114,2.3628,3.9233,6.6794e-10,2.7598,0.39136,0.76327,0.015755,0.01445,0.70478,254.27
0.50325,1.7062,6.1115,2.3628,3.9235,6.6287e-10,2.7599,0.39137,0.76327,0.015756,0.01445,0.70478,254.27
0.50324,1.7062,6.1118,2.3629,3.9238,6.5095e-10,2.7601,0.39136,0.76326,0.015756,0.01445,0.70478,254.27
0.50324,1.7062,6.1119,2.3629,3.9238,6.4973e-10,2.7602,0.39137,0.76327,0.015757,0.01445,0.70478,254.27
0.50323,1.7061,6.1121,2.3629,3.9241,6.371e-10,2.7604,0.39137,0.76326,0.015756,0.01445,0.70478,254.27
0.50323,1.7061,6.1122,2.3629,3.9242,6.3453e-10,2.7605,0.39137,0.76327,0.015757,0.01445,0.70478,254.27
0.50322,1.7061,6.1123,2.363,3.9244,6.2424e-10,2.7606,0.39137,0.76326,0.015757,0.01445,0.70478,254.28
0.50322,1.7061,6.1125,2.363,3.9245,6.2169e-10,2.7607,0.39137,0.76327,0.015758,0.01445,0.70478,254.28
0.50321,1.7061,6.1127,2.363,3.9247,6.1123e-10,2.7609,0.39138,0.76326,0.015757,0.01445,0.70478,254.28
0.50321,1.706,6.1128,2.363,3.9248,6.1008e-10,2.7609,0.39137,0.76327,0.015759,0.01445,0.70478,254.28
0.5032,1.706,6.113,2.3631,3.925,6.0522e-10,2.7611,0.39138,0.76326,0.015758,0.01445,0.70478,254.28
0.5032,1.706,6.1132,2.3631,3.9253,6.0409e-10,2.7613,0.39138,0.76326,0.015759,0.01445,0.70478,254.28
0.50319,1.7059,6.1133,2.3631,3.9255,5.9368e-10,2.7614,0.39138,0.76326,0.015759,0.01445,0.70478,254.28
0.50319,1.706,6.1136,2.3631,3.9257,5.8388e-10,2.7616,0.39137,0.76326,0.01576,0.01445,0.70478,254.28
0.50318,1.7059,6.1136,2.3632,3.9257,5.8279e-10,2.7617,0.39138,0.76326,0.01576,0.01445,0.70478,254.28
0.50318,1.7059,6.1138,2.3631,3.9259,5.784e-10,2.7618,0.39139,0.76326,0.015761,0.01445,0.70478,254.29
0.50317,1.7059,6.114,2.3633,3.9261,5.6833e-10,2.762,0.39138,0.76326,0.015761,0.01445,0.70478,254.29
0.50317,1.7059,6.1141,2.3632,3.9262,5.6727e-10,2.7621,0.39138,0.76326,0.015761,0.01445,0.70478,254.29
0.50316,1.7058,6.1143,2.3633,3.9264,5.5625e-10,2.7622,0.39139,0.76326,0.015761,0.01445,0.70478,254.29
0.50316,1.7058,6.1143,2.3633,3.9265,5.5412e-10,2.7623,0.39139,0.76326,0.015762,0.01445,0.70478,254.29
0.50315,1.7058,6.1146,2.3633,3.9268,5.447e-10,2.7625,0.39139,0.76326,0.015762,0.01445,0.70478,254.29
0.50315,1.7058,6.1147,2.3633,3.9268,5.4186e-10,2.7626,0.39139,0.76326,0.015763,0.01445,0.70478,254.29
0.50314,1.7058,6.1149,2.3634,3.9271,5.3794e-10,2.7628,0.39139,0.76325,0.015762,0.01445,0.70478,254.29
0.50314,1.7057,6.1151,2.3634,3.9273,5.3695e-10,2.7629,0.39139,0.76326,0.015764,0.01445,0.70478,254.29
0.50313,1.7057,6.1152,2.3634,3.9275,5.2777e-10,2.7631,0.39139,0.76326,0.015763,0.01445,0.70478,254.29
0.50313,1.7057,6.1153,2.3634,3.9276,5.2508e-10,2.7632,0.39139,0.76326,0.015764,0.01445,0.70478,254.3
0.50312,1.7057,6.1156,2.3635,3.9279,5.1589e-10,2.7634,0.3914,0.76326,0.015764,0.01445,0.70478,254.3
0.50312,1.7056,6.1159,2.3634,3.9282,5.0585e-10,2.7636,0.39139,0.76326,0.015766,0.01445,0.70478,254.3
0.50311,1.7056,6.1159,2.3635,3.9282,5.0547e-10,2.7636,0.3914,0.76326,0.015765,0.01445,0.70478,254.3
0.50311,1.7055,6.1161,2.3635,3.9285,4.9696e-10,2.7639,0.3914,0.76326,0.015768,0.01445,0.70478,254.3
0.5031,1.7056,6.1162,2.3636,3.9285,4.9402e-10,2.7639,0.3914,0.76326,0.015766,0.01445,0.70478,254.3
0.5031,1.7056,6.1163,2.3636,3.9286,4.8935e-10,2.764,0.3914,0.76325,0.015765,0.01445,0.70478,254.3
0.5031,1.7055,6.1164,2.3636,3.9287,4.8743e-10,2.7641,0.3914,0.76326,0.015767,0.01445,0.70478,254.3
0.50309,1.7055,6.1167,2.3637,3.929,4.7963e-10,2.7643,0.3914,0.76325,0.015766,0.01445,0.70478,254.3
0.50309,1.7055,6.1168,2.3637,3.9291,4.7875e-10,2.7643,0.3914,0.76325,0.015767,0.01445,0.70478,254.31
0.50308,1.7055,6.117,2.3637,3.9293,4.7065e-10,2.7645,0.39141,0.76325,0.015767,0.01445,0.70478,254.31
0.50308,1.7055,6.1172,2.3637,3.9296,4.6977e-10,2.7647,0.3914,0.76325,0.015768,0.01445,0.70478,254.31
0.50307,1.7054,6.1174,2.3637,3.9298,4.6167e-10,2.7649,0.39141,0.76325,0.015768,0.01445,0.70478,254.31
0.50307,1.7054,6.1176,2.3637,3.93,4.5301e-10,2.7651,0.39141,0.76325,0.015769,0.01445,0.70478,254.31
0.50306,1.7054,6.1176,2.3638,3.9301,4.496e-10,2.7651,0.39141,0.76325,0.015767,0.01445,0.70478,254.31
0.50306,1.7054,6.1178,2.3638,3.9302,4.4877e-10,2.7652,0.39141,0.76325,0.01577,0.01445,0.70478,254.31
0.50305,1.7054,6.1179,2.3639,3.9304,4.4444e-10,2.7654,0.39141,0.76324,0.015768,0.01445,0.70478,254.31
0.50305,1.7053,6.1181,2.3639,3.9305,4.4267e-10,2.7655,0.39141,0.76325,0.01577,0.01445,0.70478,254.31
0.50304,1.7053,6.1182,2.364,3.9306,4.3854e-10,2.7656,0.39141,0.76324,0.015769,0.01445,0.70478,254.32
0.50304,1.7053,6.1184,2.3639,3.9308,4.3773e-10,2.7657,0.39141,0.76325,0.015771,0.01445,0.70478,254.32
0.50303,1.7053,6.1186,2.364,3.9311,4.2923e-10,2.7659,0.39142,0.76325,0.01577,0.01445,0.70478,254.32
0.50303,1.7053,6.1186,2.364,3.9311,4.2846e-10,2.766,0.39142,0.76325,0.015772,0.01445,0.70478,254.32
0.50302,1.7052,6.119,2.364,3.9315,4.2038e-10,2.7662,0.39142,0.76325,0.015773,0.01445,0.70478,254.32
0.55364,2.2541,4.1303,3.6654,1.7384,0.67533,0.93425,0.39246,0.76418,0.015621,0.01445,0.68693,254.31
0.55364,2.2638,4.1199,3.6873,1.7248,0.69082,0.92193,0.39232,0.76462,0.015634,0.01445,0.68686,254.31
0.55365,2.2668,4.1099,3.6968,1.7119,0.69284,0.91157,0.39234,0.76425,0.015636,0.01445,0.68678,254.3
0.55365,2.2795,4.0697,3.7285,1.6587,0.71615,0.86717,0.39232,0.76486,0.015659,0.01445,0.68659,254.3
0.55366,2.285,4.0647,3.7442,1.6524,0.71842,0.86288,0.39237,0.76421,0.015655,0.01445,0.68652,254.3
0.55366,2.285,4.0647,3.7442,1.6524,0.71859,0.86292,0.39237,0.76423,0.015655,0.01445,0.68652,254.3
0.55367,2.285,4.0647,3.7442,1.6524,0.71876,0.86295,0.39237,0.76425,0.015655,0.01445,0.68652,254.3
0.55367,2.2851,4.0647,3.7442,1.6524,0.71895,0.86297,0.39237,0.76426,0.015655,0.01445,0.68652,254.3
0.55368,2.2886,4.0555,3.7529,1.6405,0.72424,0.85301,0.39238,0.76431,0.015659,0.01445,0.68646,254.3
0.55368,2.2886,4.0555,3.7531,1.6405,0.72452,0.85305,0.39238,0.76433,0.015659,0.01445,0.68646,254.3
0.55369,2.2921,4.0499,3.7615,1.6332,0.73148,0.84658,0.39236,0.7646,0.015662,0.01445,0.68643,254.31
0.5537,2.2941,4.0471,3.7672,1.6297,0.73166,0.84393,0.39235,0.7643,0.01566,0.01445,0.6864,254.31
0.5537,2.2941,4.0471,3.7672,1.6297,0.732,0.84406,0.39235,0.76434,0.01566,0.01445,0.6864,254.31
0.55371,2.2973,4.0422,3.775,1.6233,0.73726,0.83848,0.39237,0.76442,0.015663,0.01445,0.68637,254.31
0.55371,2.3713,4.0301,3.9366,1.6078,0.82367,0.82582,0.39195,0.76459,0.015673,0.01445,0.68628,254.31
0.55372,2.3714,4.0294,3.9455,1.6068,0.8268,0.82502,0.39244,0.76436,0.015673,0.01445,0.68621,254.31
0.55372,2.3714,4.0296,3.9455,1.6068,0.82705,0.82502,0.39244,0.76438,0.015673,0.01445,0.68621,254.31
0.55373,2.3714,4.0296,3.9455,1.6068,0.82726,0.82502,0.39244,0.76441,0.015673,0.01445,0.68621,254.31
0.55373,2.3714,4.0296,3.9455,1.6069,0.82746,0.82502,0.39244,0.76443,0.015673,0.01445,0.68621,254.32
0.55374,2.3795,4.0277,3.963,1.6044,0.83625,0.82286,0.39235,0.76438,0.015672,0.01445,0.68619,254.32
0.55374,2.3795,4.0277,3.9631,1.6045,0.83644,0.82287,0.39235,0.7644,0.015672,0.01445,0.68619,254.32
