0.59037,2.0545,5.0024,3.3471,2.6321,0.50594,1.6647,0.39416,0.76419,0.014514,0.01445,0.69573,251.73
0.60853,2.1822,4.9619,3.418,2.6982,0.56198,1.7302,0.39179,0.76504,0.016382,0.01445,0.69438,252.09
0.58681,2.0922,5.0317,3.4735,2.647,0.57022,1.6746,0.39493,0.76418,0.014632,0.01445,0.69606,252.78
0.58326,2.1627,5.0754,3.5789,2.6681,0.64956,1.6945,0.39387,0.76533,0.015351,0.01445,0.69803,253.82
0.6122,2.214,4.9585,3.454,2.7141,0.57605,1.7425,0.39157,0.7644,0.015508,0.01445,0.69407,252.78
0.61586,2.2539,4.9627,3.5174,2.7435,0.60518,1.767,0.39046,0.76439,0.01509,0.01445,0.69332,254.08
0.58271,2.1874,5.1021,3.6123,2.6966,0.66578,1.7203,0.39341,0.76459,0.015268,0.01445,0.69854,253.99
0.58217,2.1966,5.1323,3.6179,2.7289,0.66945,1.7487,0.39339,0.76411,0.015345,0.01445,0.69907,254.17
0.61644,2.2434,4.9117,3.5391,2.6866,0.60418,1.7196,0.39212,0.76351,0.015356,0.01445,0.69236,254.22
0.58211,2.1979,5.1397,3.6066,2.7377,0.6691,1.7557,0.39277,0.76472,0.015375,0.01445,0.69925,254.18
0.58206,2.2085,5.1684,3.6111,2.7736,0.66863,1.7884,0.39239,0.76412,0.015357,0.01445,0.69962,254.19
0.582,2.2087,5.1757,3.6109,2.7815,0.67342,1.7927,0.39254,0.76453,0.0154,0.01445,0.69972,254.21
0.58194,2.2035,5.1964,3.5826,2.8073,0.65792,1.8155,0.39207,0.76426,0.015435,0.01445,0.7,254.23
0.58188,2.2013,5.2005,3.5793,2.8121,0.65847,1.8193,0.39236,0.76442,0.015446,0.01445,0.70006,254.25
0.58183,2.1977,5.2084,3.5669,2.8204,0.65253,1.8263,0.39221,0.76444,0.015455,0.01445,0.70016,254.27
0.58177,2.1908,5.2118,3.5535,2.8246,0.64499,1.8296,0.39243,0.76432,0.015477,0.01445,0.70019,254.29
0.58171,2.1885,5.2138,3.5463,2.8266,0.64253,1.831,0.39227,0.76449,0.015472,0.01445,0.70023,254.32
0.6165,2.2623,4.898,3.5915,2.6721,0.62856,1.7036,0.39092,0.76406,0.015401,0.01445,0.69182,254.19
0.61656,2.2432,4.817,3.5958,2.5733,0.62245,1.6223,0.39268,0.76337,0.015501,0.01445,0.6909,254.16
0.61662,2.2427,4.7945,3.5861,2.5454,0.61494,1.5988,0.39163,0.7633,0.015491,0.01445,0.69077,254.16
0.61668,2.2434,4.7813,3.5818,2.529,0.61578,1.5847,0.39113,0.76376,0.015495,0.01445,0.69071,254.18
0.61674,2.2348,4.767,3.5745,2.5115,0.60945,1.57,0.39185,0.76332,0.015496,0.01445,0.69056,254.2
0.6168,2.2368,4.7538,3.5703,2.4952,0.61108,1.5561,0.39117,0.76386,0.015503,0.01445,0.69052,254.22
0.61686,2.228,4.7422,3.5621,2.4811,0.60371,1.5445,0.3919,0.76339,0.015502,0.01445,0.69039,254.24
0.61693,2.2303,4.7281,3.5677,2.4644,0.6072,1.53,0.39155,0.76361,0.015488,0.01445,0.69024,254.26
0.61699,2.2228,4.6845,3.5593,2.4099,0.60422,1.4844,0.3918,0.76372,0.0155,0.01445,0.68994,254.27
0.61705,2.224,4.679,3.5584,2.403,0.60197,1.4791,0.39151,0.76354,0.015495,0.01445,0.68992,254.3
0.61711,2.2161,4.6456,3.5507,2.3619,0.59968,1.4449,0.392,0.76369,0.015523,0.01445,0.68967,254.32
0.5817,2.1582,5.2168,3.4808,2.8302,0.60646,1.8347,0.39252,0.76428,0.015482,0.01445,0.70026,254.32
0.61712,2.2008,4.6429,3.5128,2.3587,0.57892,1.4426,0.39172,0.76365,0.015507,0.01445,0.68968,254.32
