0.97763,2.0417,4.9522,3.1804,2.6225,0.42237,1.689,0.39207,0.76385,0.014478,0.01445,0.69556,250.65
0.9744,1.9823,5.0018,3.0336,2.6816,0.34355,1.7618,0.392,0.76374,0.014574,0.01445,0.69611,251.02
0.97116,1.982,5.0118,3.0257,2.6943,0.3354,1.7973,0.39187,0.76354,0.014565,0.01445,0.69625,251.63
0.96792,2.0143,5.0381,3.0862,2.7235,0.36697,1.8464,0.39166,0.7635,0.014961,0.01445,0.6966,252.47
0.96468,1.7839,5.0866,2.5622,2.7839,0.08811,1.9237,0.39195,0.76342,0.015258,0.01445,0.69718,253.49
0.98411,2.0062,4.9191,3.1098,2.5818,0.39173,1.6084,0.39231,0.76401,0.01452,0.01445,0.69531,250.65
0.98734,2.0363,4.9368,3.1731,2.6084,0.42568,1.6079,0.39219,0.76393,0.014572,0.01445,0.69532,251.02
0.99058,2.0438,4.9669,3.2066,2.6461,0.4481,1.6112,0.39247,0.76442,0.014629,0.01445,0.69516,251.64
0.99382,2.0843,4.9986,3.3185,2.6881,0.51538,1.619,0.39362,0.76531,0.014825,0.01445,0.69502,252.52
0.99706,2.1427,5.0216,3.4421,2.7204,0.57572,1.6213,0.39256,0.76473,0.014985,0.01445,0.69492,253.58
0.96394,1.7785,5.0919,2.5504,2.7901,0.082803,1.9346,0.39199,0.76362,0.015364,0.01445,0.6972,253.76
0.9632,1.7751,5.0974,2.5405,2.797,0.074896,1.9467,0.3919,0.76336,0.015416,0.01445,0.69726,254.04
0.99783,2.1641,5.0175,3.4927,2.7155,0.60092,1.6107,0.3926,0.76451,0.015219,0.01445,0.69485,253.85
0.99859,2.1801,4.8796,3.5367,2.5401,0.62836,1.4637,0.39278,0.76454,0.015376,0.01445,0.69426,254.08
0.96311,1.7721,5.0984,2.5327,2.798,0.071154,1.9482,0.39189,0.76338,0.015429,0.01445,0.69729,254.07
0.96303,1.7693,5.0991,2.526,2.7988,0.067667,1.9496,0.39189,0.76338,0.015436,0.01445,0.6973,254.1
0.96294,1.7667,5.0997,2.5198,2.7996,0.064311,1.9511,0.39189,0.76337,0.015446,0.01445,0.69731,254.13
0.96286,1.7642,5.1004,2.5139,2.8004,0.061122,1.9525,0.39189,0.76337,0.015455,0.01445,0.69732,254.17
0.96277,1.7618,5.1011,2.5083,2.8012,0.058102,1.9539,0.39189,0.76336,0.015465,0.01445,0.69734,254.2
0.96269,1.7595,5.1017,2.5029,2.802,0.055262,1.9553,0.39189,0.76336,0.015474,0.01445,0.69735,254.23
0.9626,1.7574,5.1023,2.4978,2.8027,0.05252,1.9566,0.39189,0.76336,0.015483,0.01445,0.69735,254.27
0.96252,1.7491,5.104,2.4782,2.8049,0.041468,1.9596,0.39188,0.76328,0.015502,0.01445,0.69738,254.3
0.99868,2.1892,4.8035,3.5592,2.4438,0.64152,1.3857,0.39263,0.76453,0.015432,0.01445,0.69391,254.1
0.99877,2.192,4.8,3.565,2.4399,0.64441,1.3821,0.3926,0.76451,0.015439,0.01445,0.69389,254.14
0.99886,2.2052,4.7911,3.5949,2.4281,0.66077,1.3717,0.39254,0.76456,0.015461,0.01445,0.69384,254.17
0.99894,2.2055,4.7909,3.5968,2.4289,0.66205,1.3715,0.39266,0.76456,0.015461,0.01445,0.69383,254.2
0.99903,2.2086,4.7912,3.6034,2.429,0.66497,1.3711,0.39258,0.76452,0.015471,0.01445,0.69382,254.24
0.99912,2.2173,4.7851,3.6236,2.4206,0.67595,1.3635,0.39258,0.76452,0.015496,0.01445,0.69379,254.27
0.99921,2.2213,4.7835,3.6332,2.4189,0.68127,1.3614,0.39258,0.76457,0.015508,0.01445,0.69376,254.31
0.9625,1.7144,5.1059,2.3987,2.807,1.0352e-05,1.9615,0.39186,0.76329,0.015496,0.01445,0.69746,254.3
0.96247,1.7139,5.1063,2.3983,2.8074,4.2411e-06,1.962,0.39193,0.76329,0.015508,0.01445,0.69747,254.31
0.99923,2.2463,4.7821,3.6895,2.417,0.71088,1.3595,0.39255,0.76454,0.01551,0.01445,0.69373,254.32
0.96247,1.7139,5.1063,2.3983,2.8074,7.8866e-06,1.962,0.39194,0.76329,0.015508,0.01445,0.69747,254.31
0.96247,1.7139,5.1063,2.3983,2.8074,4.8854e-05,1.962,0.39194,0.76329,0.015508,0.01445,0.69747,254.32
0.96246,1.714,5.1067,2.3982,2.8078,4.7699e-05,1.9624,0.39192,0.7633,0.01551,0.01445,0.69747,254.32
0.96246,1.7141,5.1073,2.3978,2.8084,3.637e-05,1.9629,0.39191,0.7633,0.015512,0.01445,0.69749,254.32
0.96246,1.7141,5.1072,2.3979,2.8083,3.5811e-05,1.9628,0.39192,0.7633,0.015512,0.01445,0.69748,254.32
0.96246,1.7141,5.107,2.3979,2.808,3.129e-05,1.9626,0.39192,0.7633,0.015512,0.01445,0.69748,254.32
0.99923,2.2563,4.7812,3.7122,2.4159,0.7228,1.3585,0.39253,0.76454,0.015509,0.01445,0.69372,254.32
0.99923,2.3142,4.7791,3.843,2.4131,0.79167,1.356,0.39244,0.76454,0.015512,0.01445,0.69365,254.32
0.99924,2.3288,4.7785,3.8759,2.4124,0.80898,1.3553,0.39242,0.76455,0.015512,0.01445,0.69363,254.32
0.99924,2.3343,4.7783,3.8883,2.412,0.81547,1.355,0.39241,0.76454,0.015512,0.01445,0.69362,254.32
0.99924,2.3427,4.7778,3.9074,2.4113,0.82552,1.3544,0.3924,0.76454,0.015513,0.01445,0.69361,254.32
