0.97077,2.0464,4.9567,3.1983,2.6272,0.43957,1.6893,0.39259,0.76454,0.014171,0.01445,0.69556,250.69
0.96755,2.0615,4.9827,3.2382,2.6602,0.45881,1.7381,0.39266,0.76478,0.014617,0.01445,0.69552,251.09
0.96434,2.0798,5.0132,3.2767,2.697,0.4753,1.7901,0.39276,0.76434,0.014385,0.01445,0.69573,251.77
0.96112,2.097,5.0411,3.3109,2.7323,0.49011,1.8433,0.39225,0.76437,0.014946,0.01445,0.69578,252.66
0.95791,2.1096,5.0981,3.31,2.7968,0.49321,1.9234,0.39207,0.76411,0.015276,0.01445,0.69665,253.78
0.97719,2.0601,4.9591,3.2309,2.633,0.45469,1.6501,0.39235,0.76419,0.014515,0.01445,0.69541,250.67
0.98041,2.0681,4.8411,3.2562,2.4852,0.46972,1.5096,0.39233,0.76409,0.014575,0.01445,0.69482,251.05
0.98362,2.0985,4.8683,3.3357,2.5218,0.51571,1.5148,0.39284,0.76464,0.014808,0.01445,0.69473,251.73
0.98684,2.1482,4.8942,3.4469,2.5567,0.57601,1.5198,0.39267,0.76488,0.014781,0.01445,0.6947,252.68
0.99005,2.2196,4.6349,3.6227,2.2299,0.66991,1.2361,0.3925,0.76439,0.015292,0.01445,0.69336,253.73
0.95717,2.1111,5.1426,3.3132,2.8542,0.4925,1.9753,0.3918,0.76422,0.015379,0.01445,0.69672,254.06
0.99081,2.228,4.633,3.6444,2.2283,0.68188,1.2292,0.39256,0.76448,0.015352,0.01445,0.69329,254.02
0.95709,2.0917,5.2247,3.2597,2.9571,0.45919,2.0611,0.39152,0.76364,0.015387,0.01445,0.69715,254.07
0.957,2.0447,5.2444,3.1509,2.9824,0.40202,2.0834,0.39158,0.76364,0.015401,0.01445,0.69733,254.1
0.95692,2.0013,5.2494,3.0525,2.9884,0.34959,2.0893,0.3916,0.76355,0.015409,0.01445,0.69741,254.13
0.95683,1.987,5.2524,3.0196,2.9921,0.33246,2.0929,0.3916,0.76357,0.015429,0.01445,0.69744,254.16
0.95675,1.984,5.2525,3.0132,2.9922,0.32882,2.0937,0.39161,0.76354,0.015421,0.01445,0.69744,254.19
0.95666,1.9725,5.2546,2.9862,2.9946,0.3141,2.0967,0.39157,0.76348,0.015444,0.01445,0.69747,254.23
0.95658,1.9249,5.259,2.878,2.9998,0.25799,2.1015,0.39171,0.76347,0.015418,0.01445,0.69759,254.26
0.95649,1.873,5.2611,2.7622,3.0032,0.19751,2.1057,0.39181,0.76359,0.01546,0.01445,0.69764,254.29
0.95641,1.753,5.2676,2.4915,3.0111,0.054635,2.1133,0.39195,0.76348,0.015472,0.01445,0.69782,254.31
0.9909,2.2961,4.6058,3.798,2.1935,0.76316,1.2005,0.39243,0.76444,0.015395,0.01445,0.69311,254.06
0.99099,2.2974,4.6051,3.8011,2.193,0.76489,1.1996,0.39244,0.76447,0.015397,0.01445,0.6931,254.09
0.99107,2.2991,4.6043,3.8053,2.1921,0.76647,1.1987,0.39243,0.76443,0.015406,0.01445,0.69308,254.13
0.99116,2.3006,4.5985,3.8093,2.1843,0.76926,1.1912,0.39244,0.76445,0.015427,0.01445,0.69306,254.16
0.99125,2.3023,4.5971,3.8134,2.1827,0.77097,1.1898,0.39244,0.76442,0.01543,0.01445,0.69304,254.2
0.99134,2.3022,4.5963,3.8135,2.1821,0.77164,1.1884,0.39246,0.76449,0.015441,0.01445,0.69303,254.23
0.99142,2.3033,4.597,3.8165,2.1829,0.77329,1.1882,0.39246,0.76449,0.015442,0.01445,0.69302,254.27
0.99151,2.3055,4.5959,3.8209,2.1815,0.77481,1.1872,0.39243,0.76444,0.015456,0.01445,0.69301,254.3
0.95639,1.7428,5.2671,2.4685,3.0106,0.042099,2.1133,0.39196,0.76344,0.015463,0.01445,0.69783,254.32
0.99153,2.3056,4.5884,3.8232,2.1717,0.77662,1.178,0.39251,0.76439,0.015475,0.01445,0.69298,254.31
0.95639,1.7071,5.2688,2.39,3.0126,7.676e-05,2.1151,0.39208,0.76334,0.015475,0.01445,0.69785,254.32
0.95639,1.707,5.2688,2.3883,3.0128,0.00022669,2.1151,0.39203,0.76346,0.015472,0.01445,0.69787,254.32
0.95638,1.707,5.2688,2.3877,3.0125,5.4356e-06,2.1149,0.39201,0.76344,0.015472,0.01445,0.69789,254.32
0.95638,1.707,5.2689,2.3877,3.0125,5.2707e-06,2.1149,0.39201,0.76344,0.015472,0.01445,0.69789,254.32
0.95638,1.707,5.2689,2.3877,3.0125,4.9343e-06,2.1149,0.39201,0.76344,0.015473,0.01445,0.69789,254.32
0.95638,1.707,5.2689,2.3876,3.0126,4.7086e-06,2.115,0.392,0.76344,0.015473,0.01445,0.69789,254.32
0.99153,2.3067,4.5883,3.8242,2.1716,0.77766,1.1782,0.39245,0.76447,0.015475,0.01445,0.69299,254.31
0.99153,2.3398,4.585,3.8989,2.1675,0.81672,1.1749,0.39238,0.76445,0.015473,0.01445,0.69294,254.31
0.99154,2.3534,4.5845,3.9297,2.1669,0.83305,1.1743,0.39237,0.76447,0.015479,0.01445,0.69292,254.31
0.99154,2.3545,4.5843,3.9321,2.1666,0.83414,1.1741,0.39237,0.76444,0.015477,0.01445,0.69291,254.31
0.99154,2.358,4.5841,3.9399,2.1664,0.83835,1.1739,0.39236,0.76446,0.015477,0.01445,0.69291,254.32
0.99154,2.3605,4.5838,3.9456,2.1659,0.84132,1.1735,0.39236,0.76445,0.015476,0.01445,0.69291,254.32
0.99155,2.3663,4.5831,3.9592,2.1651,0.84846,1.1727,0.39236,0.76446,0.015477,0.01445,0.69289,254.32
0.99155,2.3669,4.5831,3.9604,2.165,0.84907,1.1727,0.39235,0.76445,0.015477,0.01445,0.69289,254.32
0.99155,2.3687,4.5829,3.9644,2.1648,0.85122,1.1725,0.39235,0.76445,0.015477,0.01445,0.69289,254.32
