0.62322,2.0543,4.9929,3.3528,2.6311,0.5114,1.6616,0.39432,0.76474,0.014495,0.01445,0.69569,252.05
0.6424,2.1878,5.0068,3.4185,2.7458,0.56768,1.7681,0.39145,0.76589,0.01693,0.01445,0.69454,252.61
0.61947,2.1102,5.0183,3.5219,2.643,0.60279,1.668,0.39518,0.76504,0.01461,0.01445,0.69605,253.4
0.64627,2.2095,5.0358,3.4679,2.7964,0.58815,1.8111,0.39454,0.76435,0.016235,0.01445,0.69422,253.53
0.61889,2.1339,4.9824,3.5254,2.5923,0.60047,1.6336,0.39354,0.7637,0.015058,0.01445,0.69676,253.42
0.61831,2.1628,4.9539,3.5518,2.5424,0.64155,1.5928,0.3935,0.76553,0.015149,0.01445,0.69764,253.55
0.61773,2.1814,4.9565,3.5636,2.5405,0.64882,1.5947,0.39267,0.76502,0.015146,0.01445,0.69823,253.75
0.61715,2.2059,4.9604,3.5958,2.5365,0.67182,1.5933,0.39272,0.76469,0.015284,0.01445,0.6989,253.98
0.61656,2.2105,4.9638,3.6128,2.5382,0.67947,1.5942,0.39268,0.76465,0.015299,0.01445,0.69891,254.23
0.64688,2.2452,5.047,3.4919,2.8221,0.57656,1.8364,0.38893,0.76326,0.015783,0.01445,0.69396,253.52
0.64748,2.2446,5.0773,3.5262,2.86,0.59927,1.862,0.39057,0.76397,0.015683,0.01445,0.69365,253.71
0.64809,2.2401,5.0808,3.5277,2.8666,0.59735,1.8683,0.39164,0.76351,0.015573,0.01445,0.69349,253.94
0.6487,2.2412,5.0803,3.5251,2.869,0.5927,1.8705,0.39108,0.7634,0.015455,0.01445,0.69334,254.18
0.6165,2.2111,4.9555,3.6117,2.5277,0.67892,1.5857,0.39245,0.76466,0.015358,0.01445,0.69892,254.26
0.61644,2.2051,4.9281,3.5948,2.4928,0.67007,1.5582,0.39243,0.76448,0.015481,0.01445,0.69891,254.28
0.61638,2.2043,4.9297,3.5938,2.4931,0.6707,1.5584,0.39247,0.76459,0.015424,0.01445,0.69894,254.31
0.64876,2.2313,5.0648,3.5118,2.8563,0.57759,1.8593,0.39025,0.76327,0.015292,0.01445,0.69287,254.18
0.64883,2.2203,5.057,3.5131,2.8452,0.57909,1.8487,0.39182,0.76326,0.015356,0.01445,0.69265,254.2
0.64889,2.2215,5.0508,3.5052,2.8378,0.57476,1.8421,0.39073,0.76351,0.01537,0.01445,0.6926,254.22
0.64896,2.2117,5.0446,3.4964,2.8309,0.56815,1.8361,0.39154,0.76323,0.015387,0.01445,0.69246,254.24
0.64902,2.2047,5.0357,3.4818,2.8204,0.55863,1.8272,0.39127,0.76318,0.0154,0.01445,0.69234,254.27
0.64908,2.1933,5.0161,3.4572,2.7991,0.54708,1.8084,0.39088,0.76362,0.01544,0.01445,0.6921,254.29
0.64915,2.186,5.016,3.4468,2.7989,0.5394,1.8085,0.39132,0.76328,0.015432,0.01445,0.69206,254.32
0.61637,2.1995,4.9227,3.5778,2.4844,0.6637,1.5514,0.39235,0.76466,0.015376,0.01445,0.69899,254.31
0.61637,2.1965,4.921,3.5742,2.4817,0.6613,1.5492,0.39249,0.76459,0.015403,0.01445,0.69897,254.31
0.61636,2.1629,4.9189,3.4983,2.4787,0.622,1.5468,0.39252,0.76466,0.015416,0.01445,0.69901,254.31
0.61636,2.1629,4.9189,3.4984,2.4787,0.62206,1.5468,0.39252,0.76466,0.015416,0.01445,0.69901,254.32
0.61635,2.1537,4.9188,3.4774,2.4786,0.61079,1.5468,0.39252,0.76462,0.015414,0.01445,0.69902,254.32
0.64916,2.1753,5.0084,3.4236,2.7907,0.52415,1.8015,0.39094,0.76317,0.015421,0.01445,0.69194,254.32
