0.85727,2.1111,4.9601,3.4097,2.7521,0.56532,1.746,0.39826,0.76548,0.014208,0.01445,0.69524,253.29
0.88365,2.104,5.2106,3.3364,2.8268,0.50725,1.8471,0.39238,0.76464,0.015708,0.01445,0.6962,252.74
0.85653,2.1013,4.8875,3.3444,2.6791,0.50519,1.6893,0.39333,0.76357,0.015281,0.01445,0.69469,253.06
0.8558,2.1004,4.8402,3.2984,2.6196,0.50055,1.6411,0.3917,0.76535,0.014908,0.01445,0.69514,253.28
0.85506,2.1008,4.8303,3.3151,2.6122,0.49857,1.6335,0.39236,0.76391,0.015001,0.01445,0.69498,253.53
0.85433,2.1031,4.7823,3.3138,2.5587,0.51068,1.5893,0.39211,0.7654,0.015443,0.01445,0.69489,253.77
0.85359,2.1113,4.7589,3.3322,2.5358,0.51623,1.5692,0.39196,0.76483,0.01541,0.01445,0.69474,254.03
0.88441,2.1223,5.2577,3.3851,2.8787,0.52555,1.8914,0.39307,0.76365,0.015475,0.01445,0.69635,252.92
0.88517,2.1429,5.2978,3.4183,2.9241,0.54283,1.9299,0.39224,0.76378,0.015309,0.01445,0.69656,253.13
0.88592,2.1512,5.3276,3.4415,2.9541,0.55468,1.9553,0.39255,0.76377,0.015293,0.01445,0.69664,253.39
0.88668,2.1647,5.3581,3.4659,2.9856,0.56669,1.9827,0.39236,0.76364,0.015243,0.01445,0.69681,253.66
0.88744,2.1384,5.4051,3.3837,3.0366,0.5264,2.0281,0.39159,0.76388,0.015333,0.01445,0.6973,253.94
0.8882,2.143,5.4297,3.4019,3.0602,0.53507,2.0473,0.39198,0.76378,0.015349,0.01445,0.69732,254.24
0.85351,2.1149,4.6736,3.3638,2.4224,0.52646,1.48,0.39297,0.76395,0.015429,0.01445,0.69423,253.99
0.85342,2.108,4.6124,3.3472,2.343,0.51978,1.4161,0.3928,0.76406,0.015358,0.01445,0.69398,253.97
0.85334,2.1078,4.5932,3.339,2.3186,0.51923,1.3957,0.39223,0.7645,0.015401,0.01445,0.69396,253.99
0.85325,2.107,4.5307,3.3495,2.2387,0.52232,1.3323,0.39279,0.76412,0.015404,0.01445,0.69356,254
0.85317,2.1064,4.5127,3.3417,2.2175,0.52076,1.3147,0.39245,0.76435,0.015414,0.01445,0.69352,254.02
0.85309,2.1071,4.4633,3.342,2.1536,0.52208,1.2631,0.39223,0.76439,0.015461,0.01445,0.6933,254.04
0.853,2.1063,4.4434,3.3535,2.1278,0.52635,1.243,0.39295,0.76415,0.01537,0.01445,0.69311,254.07
0.85292,2.1057,4.4346,3.3454,2.1186,0.52416,1.2351,0.39254,0.7644,0.015418,0.01445,0.69309,254.1
0.85283,2.1076,4.4117,3.3465,2.0901,0.52431,1.212,0.3922,0.76436,0.01549,0.01445,0.69298,254.13
0.85275,2.1077,4.4099,3.3507,2.0887,0.52707,1.2106,0.39249,0.76436,0.015465,0.01445,0.69295,254.17
0.85267,2.1077,4.3991,3.3469,2.0754,0.52613,1.1999,0.39224,0.76451,0.01546,0.01445,0.69292,254.2
0.85258,2.1083,4.3976,3.3524,2.0743,0.52829,1.199,0.39245,0.76441,0.015465,0.01445,0.69288,254.23
0.8525,2.1087,4.3872,3.3548,2.0613,0.52846,1.1883,0.3924,0.76432,0.015503,0.01445,0.6928,254.26
0.85241,2.1088,4.3866,3.3553,2.0615,0.52987,1.1882,0.39247,0.76441,0.015493,0.01445,0.6928,254.3
0.88829,2.1459,5.4432,3.4057,3.0765,0.53462,2.0612,0.39177,0.76353,0.015389,0.01445,0.69736,254.27
0.88837,2.1391,5.4559,3.3877,3.0906,0.52605,2.0734,0.39177,0.76359,0.015499,0.01445,0.69747,254.3
0.8524,2.1096,4.3773,3.3566,2.0496,0.53013,1.179,0.39238,0.76438,0.01551,0.01445,0.69275,254.3
0.85239,2.1096,4.3773,3.3577,2.0499,0.53091,1.1791,0.39248,0.76439,0.015501,0.01445,0.69275,254.31
0.85238,2.1096,4.3773,3.3577,2.0499,0.53098,1.1792,0.39248,0.76439,0.015501,0.01445,0.69275,254.31
0.85238,2.1109,4.3752,3.3605,2.0473,0.53243,1.1771,0.39247,0.76439,0.015502,0.01445,0.69273,254.31
0.85237,2.1116,4.374,3.3622,2.046,0.53342,1.1761,0.39247,0.7644,0.015502,0.01445,0.69272,254.32
0.85236,2.112,4.373,3.3628,2.0449,0.53377,1.1752,0.39245,0.76441,0.015503,0.01445,0.69272,254.32
0.88838,2.1184,5.4635,3.3363,3.1013,0.49621,2.0831,0.39149,0.76333,0.015433,0.01445,0.69752,254.3
0.88839,2.11,5.4634,3.3201,3.1004,0.49046,2.0818,0.39174,0.76358,0.015468,0.01445,0.69754,254.3
0.8884,2.0192,5.4849,3.1061,3.1283,0.37671,2.1061,0.39152,0.76338,0.015425,0.01445,0.69781,254.3
0.8884,2.0133,5.4824,3.0989,3.1242,0.37428,2.1023,0.3919,0.7635,0.01547,0.01445,0.69779,254.3
0.88841,1.9399,5.4735,2.9295,3.1137,0.28717,2.0939,0.39167,0.76381,0.015521,0.01445,0.69782,254.3
0.88842,1.9366,5.4752,2.9278,3.1161,0.28314,2.0961,0.392,0.76341,0.015501,0.01445,0.69779,254.3
0.88843,1.9214,5.4781,2.8931,3.1188,0.26556,2.0984,0.39195,0.76349,0.015489,0.01445,0.69784,254.31
0.88844,1.8668,5.4788,2.7766,3.1198,0.2025,2.0994,0.39239,0.76328,0.015476,0.01445,0.69784,254.31
0.88845,1.8668,5.4788,2.7766,3.1198,0.20264,2.0995,0.39239,0.7633,0.015476,0.01445,0.69784,254.31
0.88846,1.8668,5.4789,2.7766,3.1198,0.20297,2.0996,0.39239,0.76334,0.015476,0.01445,0.69784,254.31
0.88847,1.8649,5.4791,2.7692,3.1199,0.2005,2.0994,0.39219,0.76351,0.015481,0.01445,0.69787,254.32
0.88847,1.8308,5.4795,2.685,3.1208,0.15398,2.101,0.3918,0.76327,0.015498,0.01445,0.69794,254.32
