0.93907,2.0409,4.9573,3.2011,2.6315,0.45304,1.6555,0.39251,0.76448,0.014462,0.01445,0.69516,250.65
0.93596,2.039,4.9454,3.2304,2.6222,0.4825,1.6305,0.39307,0.76504,0.014558,0.01445,0.69444,251.05
0.93285,2.0619,4.9455,3.2686,2.6188,0.5322,1.6116,0.39302,0.76596,0.014687,0.01445,0.69477,251.72
0.92974,2.0461,4.951,3.2947,2.6362,0.55626,1.6056,0.39418,0.76664,0.015212,0.01445,0.69358,252.64
0.92663,2.0823,4.9804,3.3872,2.6743,0.63183,1.6195,0.39462,0.7681,0.015082,0.01445,0.69351,253.8
0.94529,2.0757,4.9496,3.2525,2.6175,0.45555,1.6764,0.39229,0.76487,0.014445,0.01445,0.69569,250.69
0.9484,2.1462,4.9596,3.4078,2.6294,0.51147,1.7022,0.39225,0.76357,0.014283,0.01445,0.69574,251.13
0.95151,2.1933,4.9841,3.4633,2.6541,0.52517,1.7417,0.39089,0.7626,0.014679,0.01445,0.69665,251.77
0.95462,2.1438,5.0087,3.317,2.679,0.43441,1.781,0.39042,0.76193,0.014965,0.01445,0.69752,252.67
0.95773,2.1255,5.016,3.2399,2.6841,0.38033,1.8051,0.38987,0.76136,0.015311,0.01445,0.69828,253.8
0.92592,2.0858,4.9736,3.3999,2.6683,0.6329,1.6106,0.3941,0.76709,0.015392,0.01445,0.69323,254.07
0.95847,2.1234,5.0251,3.2382,2.6955,0.3757,1.8181,0.38993,0.76154,0.01533,0.01445,0.69826,254.1
0.92584,2.4206,4.9035,4.1553,2.5789,1.029,1.5367,0.39342,0.7667,0.015386,0.01445,0.69263,254.06
0.92576,2.4321,4.9015,4.1852,2.5765,1.0458,1.5341,0.39358,0.76678,0.015375,0.01445,0.69259,254.09
0.92567,2.4938,4.8993,4.3241,2.5731,1.1216,1.5306,0.3936,0.76698,0.015362,0.01445,0.69256,254.12
0.92559,2.5935,4.8982,4.5505,2.5722,1.2391,1.5292,0.3934,0.7668,0.015377,0.01445,0.69242,254.15
0.92551,2.6435,4.896,4.6651,2.5695,1.3009,1.5262,0.39341,0.76694,0.015398,0.01445,0.69235,254.18
0.92543,2.7482,4.8936,4.9035,2.5667,1.426,1.5232,0.3933,0.76687,0.015411,0.01445,0.69221,254.21
0.92535,2.7636,4.8937,4.9377,2.5666,1.4447,1.5227,0.39326,0.7669,0.015405,0.01445,0.6922,254.24
0.92526,2.7799,4.8927,4.9754,2.5657,1.4646,1.5215,0.39323,0.76687,0.015423,0.01445,0.69216,254.28
0.92518,2.795,4.8918,5.0096,2.5645,1.4832,1.5199,0.39321,0.76687,0.015425,0.01445,0.69214,254.31
0.95855,2.124,5.027,3.2399,2.6981,0.37391,1.8206,0.38993,0.76126,0.015333,0.01445,0.69826,254.14
0.95864,1.9938,5.0392,2.9422,2.7131,0.21917,1.8343,0.39005,0.76133,0.015379,0.01445,0.69859,254.14
0.95872,1.9936,5.0393,2.9426,2.7131,0.21773,1.8348,0.39008,0.76116,0.015373,0.01445,0.69858,254.17
0.95881,1.9832,5.0423,2.9186,2.7169,0.20485,1.8383,0.39007,0.76119,0.015389,0.01445,0.69861,254.2
0.95889,1.9109,5.0458,2.7551,2.7212,0.11908,1.8429,0.39019,0.76117,0.015408,0.01445,0.69876,254.22
0.95898,1.9112,5.0448,2.753,2.7202,0.11736,1.8427,0.39007,0.76113,0.015395,0.01445,0.69878,254.26
0.95906,1.8908,5.0467,2.7091,2.722,0.094386,1.8447,0.39024,0.76117,0.015429,0.01445,0.69882,254.29
0.92516,3.0314,4.8873,5.5441,2.5581,1.7661,1.5138,0.39305,0.76698,0.015438,0.01445,0.69193,254.31
0.92514,3.4282,4.8714,6.4394,2.538,2.2355,1.4965,0.39244,0.76671,0.015442,0.01445,0.6915,254.3
0.92511,3.5306,4.8668,6.6723,2.532,2.3589,1.491,0.39243,0.76677,0.015436,0.01445,0.69138,254.31
0.92509,3.5484,4.8665,6.7124,2.5317,2.3796,1.4907,0.39236,0.76672,0.015445,0.01445,0.69136,254.32
0.95908,1.8599,5.0472,2.6372,2.7228,0.05671,1.8457,0.39017,0.76116,0.015431,0.01445,0.69889,254.29
0.95911,1.8596,5.0471,2.6382,2.7226,0.0562,1.8457,0.39029,0.76102,0.015426,0.01445,0.69888,254.3
0.95913,1.8596,5.0476,2.6354,2.7232,0.055669,1.8464,0.39012,0.76118,0.015431,0.01445,0.6989,254.31
0.95915,1.8563,5.0496,2.6299,2.7255,0.051944,1.8483,0.39021,0.76107,0.015433,0.01445,0.6989,254.32
0.95915,1.8506,5.045,2.6121,2.7196,0.044515,1.8431,0.39003,0.76125,0.01544,0.01445,0.69896,254.31
0.95915,1.8399,5.0466,2.5918,2.7217,0.032226,1.8454,0.39022,0.76105,0.015439,0.01445,0.69894,254.31
0.95916,1.8333,5.0532,2.5775,2.7302,0.025168,1.8524,0.3903,0.76113,0.015453,0.01445,0.69897,254.31
0.95916,1.8258,5.0499,2.5603,2.7256,0.015753,1.8485,0.39022,0.76108,0.015437,0.01445,0.69897,254.31
0.95916,1.8256,5.0498,2.5604,2.7257,0.015519,1.8487,0.39027,0.76104,0.015437,0.01445,0.69896,254.31
0.95916,1.8253,5.0505,2.5571,2.7266,0.014608,1.8494,0.39014,0.76117,0.015443,0.01445,0.69898,254.31
0.95917,1.8133,5.05,2.5324,2.7263,8.0987e-05,1.8493,0.39027,0.76095,0.015431,0.01445,0.69897,254.31
0.95917,1.8133,5.05,2.5323,2.7263,1.8916e-05,1.8493,0.39027,0.76095,0.015431,0.01445,0.69897,254.31
0.95917,1.8126,5.0504,2.5299,2.7268,1.8853e-05,1.8498,0.39023,0.76112,0.01544,0.01445,0.69899,254.31
0.95917,1.8126,5.0505,2.5309,2.7269,2.9761e-05,1.8498,0.39029,0.76105,0.015438,0.01445,0.69898,254.31
0.95918,1.8127,5.0505,2.5308,2.7269,2.9679e-05,1.8499,0.39025,0.76106,0.015438,0.01445,0.69899,254.31
0.95918,1.8127,5.0506,2.5308,2.7269,2.9679e-05,1.8499,0.39025,0.76106,0.015438,0.01445,0.69899,254.32
0.95918,1.8126,5.0506,2.5311,2.727,2.9602e-05,1.8499,0.39029,0.76103,0.015439,0.01445,0.69898,254.32
0.95918,1.8127,5.0507,2.5307,2.727,2.9511e-05,1.8499,0.39025,0.76106,0.01544,0.01445,0.69899,254.32
0.95918,1.8127,5.0506,2.5311,2.7269,2.9304e-05,1.8498,0.39028,0.76103,0.01544,0.01445,0.69898,254.32
0.95919,1.8127,5.0506,2.5307,2.7269,2.9227e-05,1.8498,0.39025,0.76106,0.015441,0.01445,0.69899,254.32
0.95919,1.8127,5.0506,2.5309,2.7269,2.9151e-05,1.8499,0.39026,0.76106,0.015441,0.01445,0.69899,254.32
