0.99301,1.9162,4.9223,2.8926,2.5832,0.27084,1.6586,0.39222,0.76378,0.014467,0.01445,0.69574,250.62
0.98972,1.9114,4.9165,2.8754,2.5751,0.25805,1.6766,0.39216,0.76371,0.014543,0.01445,0.69586,250.92
0.98644,1.8957,4.918,2.8246,2.5742,0.23008,1.7018,0.39209,0.76368,0.014691,0.01445,0.69626,251.41
0.98315,1.8954,4.9133,2.8303,2.5714,0.22217,1.7246,0.39178,0.76342,0.014963,0.01445,0.69594,252.09
0.97986,1.916,4.9163,2.8706,2.5722,0.24739,1.7496,0.39235,0.76393,0.014795,0.01445,0.69627,252.97
0.97657,1.9204,4.8773,2.8545,2.5204,0.22996,1.7381,0.39164,0.76295,0.01545,0.01445,0.6966,253.93
0.99959,2.0429,4.9608,3.1835,2.6341,0.43589,1.6501,0.39203,0.76445,0.014634,0.01445,0.69555,250.63
1.0029,2.0304,5.0172,3.1705,2.7072,0.42744,1.6854,0.39236,0.76413,0.014557,0.01445,0.69548,250.91
1.0062,2.0536,5.0502,3.2303,2.7504,0.46145,1.6957,0.39239,0.76419,0.014698,0.01445,0.69539,251.39
1.0095,2.0455,5.0751,3.2194,2.7822,0.46015,1.6962,0.39265,0.76425,0.014871,0.01445,0.69538,252.05
1.0127,2.0737,5.1247,3.289,2.8469,0.5005,1.7231,0.39258,0.76451,0.015156,0.01445,0.69536,252.89
1.016,2.1083,5.1565,3.3718,2.8892,0.54761,1.7319,0.39253,0.76465,0.015391,0.01445,0.69527,253.88
0.97582,1.898,4.7966,2.808,2.4174,0.20847,1.657,0.39162,0.76321,0.015544,0.01445,0.69628,254.16
1.0168,2.1195,5.174,3.4018,2.9106,0.56381,1.7428,0.39268,0.76462,0.01552,0.01445,0.69528,254.12
0.97573,1.8895,4.7872,2.7888,2.406,0.198,1.6483,0.39159,0.76317,0.015544,0.01445,0.69624,254.19
0.97565,1.8555,4.7585,2.7097,2.3696,0.16125,1.6189,0.39156,0.76366,0.015625,0.01445,0.69622,254.21
0.97556,1.8132,4.7623,2.62,2.3742,0.10989,1.6234,0.39182,0.76319,0.015564,0.01445,0.69623,254.24
0.97547,1.8088,4.7627,2.6086,2.3748,0.10379,1.6246,0.39173,0.76319,0.015584,0.01445,0.69624,254.26
0.97539,1.7436,4.763,2.4611,2.3753,0.025739,1.6261,0.39185,0.7631,0.015572,0.01445,0.69634,254.29
0.9753,1.7236,4.7633,2.4165,2.3751,0.0028197,1.6267,0.3919,0.76315,0.015604,0.01445,0.69638,254.32
1.0169,2.1222,5.1761,3.4068,2.9135,0.56649,1.7446,0.39268,0.76461,0.015539,0.01445,0.6953,254.16
1.017,2.1254,5.1797,3.4151,2.9176,0.5715,1.7468,0.39271,0.76466,0.015554,0.01445,0.69531,254.19
1.0171,2.1269,5.18,3.4178,2.9182,0.57256,1.7472,0.3927,0.76463,0.015555,0.01445,0.6953,254.22
1.0172,2.1304,5.1814,3.4252,2.9199,0.57566,1.7482,0.39263,0.76457,0.015569,0.01445,0.6953,254.25
1.0172,2.1297,5.1822,3.4258,2.9215,0.57672,1.7484,0.39278,0.76461,0.015579,0.01445,0.69529,254.28
1.0173,2.131,5.1835,3.4269,2.923,0.57811,1.7486,0.39268,0.76467,0.015581,0.01445,0.6953,254.31
1.0173,2.1311,5.1842,3.4282,2.9235,0.57872,1.7488,0.39268,0.76467,0.015581,0.01445,0.6953,254.3
1.0173,2.139,5.1857,3.4456,2.9254,0.58734,1.7502,0.39266,0.7646,0.015596,0.01445,0.6953,254.31
1.0174,2.1397,5.1858,3.447,2.9256,0.58785,1.7503,0.39264,0.76458,0.015598,0.01445,0.6953,254.32
0.9753,1.7228,4.7635,2.4146,2.3754,0.0016953,1.627,0.39188,0.76314,0.015604,0.01445,0.69638,254.32
0.9753,1.7214,4.7635,2.4114,2.3754,5.5728e-06,1.6271,0.39189,0.76314,0.015603,0.01445,0.69638,254.32
0.97529,1.7214,4.7636,2.4113,2.3755,5.5361e-06,1.6271,0.39188,0.76314,0.015605,0.01445,0.69638,254.32
0.97529,1.7214,4.7636,2.4113,2.3755,5.4518e-06,1.6271,0.39189,0.76314,0.015605,0.01445,0.69638,254.32
