0.83063,2.1238,4.9579,3.4563,2.7341,0.58638,1.7331,0.3987,0.76487,0.014135,0.01445,0.69541,253.47
0.85619,2.1307,5.2051,3.4317,2.8359,0.55097,1.8512,0.3942,0.76423,0.016431,0.01445,0.69539,253.04
0.82992,2.1424,4.9007,3.4501,2.6711,0.56385,1.6816,0.39323,0.76377,0.014715,0.01445,0.69503,253.23
0.82921,2.1528,4.8358,3.435,2.5971,0.58118,1.6217,0.3923,0.76628,0.015241,0.01445,0.69534,253.4
0.82849,2.1543,4.8042,3.4511,2.5588,0.5683,1.5957,0.39249,0.7638,0.014986,0.01445,0.69507,253.61
0.82778,2.1536,4.7555,3.4319,2.5033,0.58168,1.5447,0.39177,0.76634,0.015432,0.01445,0.69513,253.87
0.82707,2.1619,4.7466,3.46,2.4973,0.58112,1.5408,0.39218,0.76432,0.015347,0.01445,0.69502,254.13
0.82636,2.1681,4.5164,3.4672,2.1962,0.59044,1.3022,0.39193,0.76416,0.015408,0.01445,0.69438,254.18
0.85692,2.1975,5.2381,3.4953,2.8778,0.57999,1.8944,0.39046,0.76341,0.015575,0.01445,0.69623,252.98
0.85766,2.2059,5.2906,3.5463,2.9312,0.60946,1.9333,0.39183,0.76377,0.015527,0.01445,0.69627,253.18
0.85839,2.2169,5.339,3.5735,2.9885,0.62275,1.9818,0.39221,0.76364,0.014982,0.01445,0.69643,253.41
0.85913,2.2351,5.3813,3.6016,3.0339,0.64144,2.02,0.39164,0.76414,0.01523,0.01445,0.69671,253.67
0.85986,2.2596,5.451,3.664,3.1185,0.66886,2.0898,0.39187,0.76381,0.015239,0.01445,0.69677,253.93
0.8606,2.2753,5.4999,3.7045,3.1747,0.68777,2.1369,0.39215,0.76366,0.015266,0.01445,0.69685,254.23
0.82628,2.1733,4.4478,3.4957,2.1118,0.613,1.2316,0.39277,0.76494,0.015474,0.01445,0.69381,254.16
0.8262,2.1734,4.38,3.4958,2.0249,0.60625,1.1631,0.39207,0.76433,0.015375,0.01445,0.69334,254.15
0.82612,2.1856,4.3281,3.5485,1.9586,0.64101,1.1073,0.39347,0.76493,0.015522,0.01445,0.69289,254.18
0.82603,2.1941,4.3071,3.5574,1.932,0.64242,1.0866,0.39254,0.76464,0.015441,0.01445,0.6928,254.2
0.82595,2.1951,4.2826,3.5601,1.8996,0.64263,1.0604,0.39236,0.7645,0.01547,0.01445,0.69267,254.23
0.82587,2.1951,4.2806,3.5632,1.8983,0.64579,1.0588,0.39262,0.76459,0.01546,0.01445,0.69265,254.26
0.82579,2.1956,4.2772,3.5628,1.8945,0.64606,1.0558,0.39251,0.76468,0.015466,0.01445,0.69264,254.29
0.86068,2.2803,5.5049,3.7026,3.1799,0.68588,2.1423,0.39133,0.76359,0.015297,0.01445,0.69694,254.26
0.86077,2.2672,5.5492,3.6687,3.2343,0.66974,2.1874,0.39147,0.7637,0.015445,0.01445,0.69722,254.28
0.86085,2.2617,5.5565,3.6549,3.2431,0.66074,2.1953,0.3914,0.76348,0.015423,0.01445,0.69726,254.31
0.82578,2.1984,4.2574,3.574,1.8687,0.65009,1.0359,0.39263,0.76449,0.015501,0.01445,0.69248,254.3
0.82577,2.1984,4.2574,3.574,1.869,0.65046,1.036,0.39264,0.76453,0.015501,0.01445,0.69248,254.3
0.82577,2.1987,4.2574,3.574,1.8693,0.65098,1.0361,0.39264,0.76457,0.015501,0.01445,0.69248,254.3
0.82576,2.2013,4.2564,3.5777,1.8684,0.65386,1.0351,0.39253,0.76466,0.015487,0.01445,0.69249,254.31
0.82575,2.2118,4.2495,3.6023,1.8592,0.66524,1.028,0.39249,0.76452,0.015478,0.01445,0.69243,254.31
0.82574,2.2118,4.2495,3.6023,1.8593,0.66539,1.0281,0.39249,0.76453,0.015478,0.01445,0.69243,254.31
0.82573,2.2118,4.2495,3.6023,1.8594,0.66557,1.0282,0.3925,0.76455,0.015478,0.01445,0.69243,254.32
0.82573,2.2118,4.2495,3.6023,1.8595,0.66576,1.0282,0.3925,0.76457,0.015478,0.01445,0.69243,254.32
0.86086,2.2473,5.568,3.6189,3.2567,0.63926,2.2078,0.39129,0.76318,0.015438,0.01445,0.69737,254.31
0.86087,2.2132,5.5781,3.5422,3.2692,0.6022,2.2176,0.3915,0.76347,0.015456,0.01445,0.69747,254.31
0.86088,2.1897,5.5839,3.4834,3.2779,0.56801,2.2256,0.39115,0.76317,0.01541,0.01445,0.69752,254.31
0.86088,2.1897,5.5839,3.4834,3.278,0.5685,2.2258,0.39117,0.76321,0.01541,0.01445,0.69752,254.31
0.86089,2.1798,5.5841,3.4644,3.2777,0.56072,2.2254,0.39148,0.76339,0.015447,0.01445,0.69754,254.31
0.8609,2.1683,5.5881,3.4348,3.2818,0.54508,2.2285,0.39126,0.76341,0.015483,0.01445,0.6976,254.32
0.86091,2.1683,5.5881,3.4348,3.2819,0.54526,2.2286,0.39127,0.76341,0.015483,0.01445,0.6976,254.32
0.86092,2.1403,5.5903,3.3772,3.2849,0.51326,2.2315,0.39165,0.76319,0.015459,0.01445,0.6976,254.32
