0.68641,2.0482,4.9666,3.3222,2.6389,0.49782,1.665,0.39424,0.76476,0.014499,0.01445,0.69571,252.65
0.70753,2.1905,5.0998,3.44,2.821,0.5842,1.8306,0.39191,0.76693,0.017691,0.01445,0.69473,253.46
0.68577,2.0593,4.8931,3.3001,2.5384,0.48711,1.5904,0.3929,0.76379,0.014853,0.01445,0.69631,252.66
0.68512,2.0598,4.8422,3.2737,2.4675,0.50115,1.5317,0.39269,0.76626,0.014874,0.01445,0.69683,252.83
0.68448,2.0604,4.8166,3.2916,2.4329,0.49233,1.5093,0.39331,0.76404,0.014851,0.01445,0.69668,253.05
0.68383,2.0612,4.7833,3.275,2.3877,0.505,1.469,0.3927,0.76625,0.015208,0.01445,0.69701,253.28
0.68319,2.0623,4.7727,3.2863,2.3723,0.49913,1.456,0.39315,0.76436,0.015052,0.01445,0.69702,253.52
0.6826,2.0629,4.718,3.2715,2.3012,0.5052,1.398,0.3925,0.76574,0.015246,0.01445,0.69716,253.73
0.68202,2.0825,4.6973,3.3242,2.2692,0.53098,1.3723,0.39311,0.76513,0.015213,0.01445,0.69722,253.97
0.68143,2.0831,4.6453,3.3189,2.2059,0.52188,1.3238,0.39234,0.76445,0.015271,0.01445,0.69705,254.21
0.70814,2.2115,5.1648,3.5016,2.9056,0.58816,1.9018,0.3915,0.76421,0.017157,0.01445,0.69457,253.21
0.70874,2.2126,5.213,3.5101,2.9686,0.58324,1.9533,0.39109,0.76362,0.016497,0.01445,0.69448,253.04
0.70935,2.2089,5.2637,3.5293,3.0334,0.58882,2.0057,0.39281,0.76319,0.015619,0.01445,0.69444,252.96
0.70996,2.216,5.3167,3.5187,3.1006,0.58688,2.0603,0.39107,0.76399,0.01515,0.01445,0.69476,253.11
0.71056,2.2251,5.3527,3.5443,3.1466,0.59728,2.0985,0.39142,0.76377,0.015142,0.01445,0.69473,253.34
0.71117,2.2266,5.3605,3.548,3.1561,0.59571,2.1077,0.39191,0.76316,0.015085,0.01445,0.69472,253.59
0.71178,2.2396,5.3968,3.567,3.2031,0.6045,2.1458,0.39103,0.76341,0.015124,0.01445,0.69474,253.84
0.71238,2.2459,5.4281,3.5855,3.2433,0.61242,2.1788,0.39137,0.76332,0.015147,0.01445,0.6947,254.11
0.68136,2.0862,4.5743,3.3366,2.1117,0.5381,1.2458,0.39296,0.76491,0.015311,0.01445,0.69675,254.19
0.6813,2.0918,4.5218,3.3416,2.0465,0.53856,1.1941,0.39242,0.7646,0.015365,0.01445,0.69654,254.2
0.68123,2.1076,4.4839,3.3794,1.9984,0.56324,1.1548,0.39253,0.76507,0.015367,0.01445,0.69637,254.22
0.68116,2.11,4.4786,3.3906,1.9899,0.56921,1.1471,0.3928,0.76499,0.015358,0.01445,0.69633,254.25
0.68109,2.1113,4.4739,3.3957,1.9841,0.57062,1.1423,0.39288,0.76482,0.015357,0.01445,0.69629,254.28
0.68103,2.1162,4.4534,3.4024,1.9585,0.57685,1.1211,0.39264,0.76508,0.015387,0.01445,0.69624,254.31
0.71245,2.2333,5.4488,3.5441,3.2734,0.58381,2.2057,0.39047,0.76282,0.015295,0.01445,0.69476,254.13
0.71252,2.223,5.4558,3.5332,3.28,0.58025,2.2101,0.3913,0.76294,0.015318,0.01445,0.69475,254.16
0.71259,2.2062,5.474,3.4896,3.3026,0.55893,2.2283,0.39088,0.76326,0.015313,0.01445,0.69486,254.18
0.71266,2.1998,5.477,3.4802,3.3064,0.55109,2.2319,0.39129,0.76285,0.015307,0.01445,0.69484,254.21
0.71273,2.185,5.4882,3.4435,3.3202,0.53299,2.2429,0.39099,0.76308,0.015333,0.01445,0.6949,254.24
0.7128,2.1795,5.4913,3.4337,3.3241,0.52596,2.2466,0.39126,0.76283,0.015329,0.01445,0.6949,254.27
0.71287,2.1501,5.5121,3.3667,3.3506,0.49084,2.2681,0.3911,0.76296,0.015351,0.01445,0.69498,254.3
0.68102,2.1162,4.4534,3.403,1.9585,0.57731,1.1214,0.3927,0.76508,0.015387,0.01445,0.69624,254.31
0.68102,2.1207,4.45,3.4173,1.9528,0.58403,1.1169,0.39289,0.76496,0.015373,0.01445,0.6962,254.32
0.68101,2.1518,4.4399,3.4861,1.9404,0.61791,1.1073,0.39267,0.76474,0.015384,0.01445,0.69611,254.32
0.71288,2.0559,5.5281,3.1569,3.3705,0.37683,2.2863,0.39128,0.76265,0.015376,0.01445,0.69512,254.29
0.71288,2.056,5.5282,3.1569,3.3705,0.37741,2.2863,0.39128,0.76271,0.015376,0.01445,0.69512,254.29
0.71289,2.056,5.5282,3.1569,3.3706,0.37759,2.2863,0.39128,0.76273,0.015376,0.01445,0.69512,254.29
0.7129,2.0515,5.5289,3.1435,3.3722,0.37337,2.2868,0.39116,0.76303,0.015378,0.01445,0.69515,254.3
0.7129,2.0338,5.5308,3.1085,3.3744,0.35254,2.2892,0.39149,0.76273,0.015351,0.01445,0.69515,254.3
0.71291,2.0299,5.5315,3.0969,3.3753,0.34958,2.289,0.39133,0.76307,0.015356,0.01445,0.69518,254.3
0.71292,2.0167,5.5374,3.0653,3.3822,0.32937,2.2956,0.39118,0.76269,0.015333,0.01445,0.69522,254.3
0.71293,2.0167,5.5374,3.0653,3.3824,0.33019,2.2958,0.39119,0.76278,0.015333,0.01445,0.69522,254.3
0.71293,1.9491,5.5407,2.9172,3.3865,0.25629,2.2986,0.39167,0.76318,0.015436,0.01445,0.6953,254.3
0.71294,1.95,5.5422,2.9166,3.3885,0.25259,2.3008,0.39142,0.7628,0.015392,0.01445,0.69531,254.3
0.71295,1.7465,5.542,2.4631,3.3887,0.014183,2.3027,0.39206,0.76274,0.015331,0.01445,0.69554,254.29
0.71295,1.736,5.542,2.4351,3.3886,0.00093534,2.3025,0.39179,0.76293,0.015344,0.01445,0.69557,254.29
0.71296,1.7372,5.542,2.4366,3.3886,0.001019,2.3026,0.39171,0.76284,0.015355,0.01445,0.69558,254.29
0.71297,1.7364,5.543,2.4341,3.3896,4.7927e-05,2.3035,0.39172,0.76286,0.015377,0.01445,0.69559,254.29
0.71297,1.7368,5.5435,2.4349,3.3905,4.8997e-05,2.304,0.39171,0.76282,0.015375,0.01445,0.6956,254.3
0.71298,1.7368,5.5435,2.4348,3.3905,3.2328e-06,2.3041,0.39171,0.76282,0.015375,0.01445,0.6956,254.3
0.71299,1.7368,5.5435,2.4348,3.3905,4.1212e-06,2.3041,0.39171,0.76282,0.015375,0.01445,0.6956,254.3
0.713,1.7368,5.5435,2.4348,3.3905,5.1615e-06,2.3041,0.39172,0.76282,0.015375,0.01445,0.6956,254.31
0.713,1.7368,5.5435,2.4348,3.3905,6.3882e-06,2.3041,0.39172,0.76282,0.015375,0.01445,0.6956,254.31
0.71301,1.7368,5.5435,2.4348,3.3905,7.84e-06,2.3041,0.39173,0.76282,0.015375,0.01445,0.6956,254.31
0.71302,1.7368,5.5435,2.4348,3.3905,9.5711e-06,2.3041,0.39173,0.76282,0.015375,0.01445,0.6956,254.31
0.71302,1.7368,5.5435,2.4348,3.3905,1.167e-05,2.3041,0.39173,0.76282,0.015375,0.01445,0.6956,254.32
