0.95714,2.0547,5.0043,3.1904,2.8232,0.43223,1.8111,0.39214,0.76483,0.01364,0.01445,0.69495,252.52
0.9866,2.0571,5.0552,3.271,2.6034,0.4846,1.6655,0.39455,0.76483,0.015445,0.01445,0.69643,252.33
0.95137,2.0681,5.0128,3.2598,2.9075,0.44565,1.8685,0.39363,0.76307,0.016653,0.01445,0.69393,253.86
0.99254,2.0977,5.115,3.3996,2.6185,0.54974,1.6837,0.39639,0.76431,0.015469,0.01445,0.69667,253.96
0.95055,2.0708,5.0652,3.2124,2.9749,0.43106,1.9217,0.39164,0.76353,0.015652,0.01445,0.69482,253.84
0.94974,2.0742,5.122,3.2202,3.0531,0.43243,1.9838,0.39161,0.76353,0.015515,0.01445,0.69496,254.06
0.94892,2.0667,5.1491,3.1937,3.099,0.41448,2.0212,0.39118,0.76327,0.015946,0.01445,0.69502,254.32
0.99339,2.1294,5.117,3.4314,2.6134,0.56346,1.6823,0.39374,0.76409,0.015509,0.01445,0.69695,254.14
0.99349,2.1407,5.1037,3.4341,2.5964,0.5682,1.6692,0.39239,0.76449,0.015538,0.01445,0.69706,254.14
0.99359,2.148,5.0448,3.4487,2.5228,0.57239,1.6116,0.39238,0.7639,0.015634,0.01445,0.69691,254.11
0.99368,2.1528,4.9938,3.4557,2.4583,0.58332,1.5576,0.39246,0.76439,0.01561,0.01445,0.69686,254.09
0.99378,2.1602,4.9333,3.4798,2.3829,0.59921,1.4942,0.39275,0.7646,0.015621,0.01445,0.69658,254.08
0.99388,2.171,4.89,3.4942,2.3326,0.60075,1.4556,0.39186,0.76407,0.015596,0.01445,0.69634,254.09
0.99398,2.1679,4.8842,3.4988,2.3232,0.60606,1.4472,0.39266,0.76427,0.015605,0.01445,0.6963,254.12
0.99407,2.1756,4.8606,3.5032,2.2936,0.61215,1.4223,0.39201,0.76459,0.015614,0.01445,0.69634,254.14
0.99417,2.1699,4.8557,3.5022,2.2868,0.60904,1.4167,0.39275,0.76418,0.015615,0.01445,0.69624,254.17
0.99427,2.1719,4.8452,3.5064,2.2717,0.61355,1.4041,0.39249,0.76452,0.015628,0.01445,0.69622,254.19
0.99437,2.1708,4.8266,3.5045,2.249,0.60851,1.3866,0.39225,0.76417,0.015628,0.01445,0.69607,254.22
0.99446,2.1698,4.8227,3.5063,2.2426,0.61229,1.3806,0.39254,0.76441,0.015635,0.01445,0.69606,254.25
0.99456,2.1697,4.8033,3.5064,2.2176,0.61432,1.3595,0.3926,0.76451,0.01565,0.01445,0.69602,254.27
0.99466,2.171,4.7969,3.5079,2.209,0.61411,1.3524,0.39242,0.7644,0.015655,0.01445,0.69599,254.3
0.94891,2.0616,5.1657,3.1872,3.1179,0.41215,2.0362,0.39156,0.76333,0.015792,0.01445,0.6951,254.31
0.9489,2.0579,5.1727,3.1763,3.1264,0.40624,2.0432,0.39145,0.76331,0.015713,0.01445,0.69516,254.31
0.94889,2.0531,5.1792,3.1649,3.1342,0.4005,2.0497,0.39145,0.76333,0.015659,0.01445,0.69521,254.31
0.94888,1.9967,5.2068,3.0406,3.1681,0.33596,2.0765,0.39165,0.76345,0.015637,0.01445,0.69537,254.31
0.94887,1.9351,5.2173,2.8992,3.1816,0.25892,2.0889,0.39157,0.7632,0.015605,0.01445,0.69548,254.3
0.94886,1.918,5.2182,2.8625,3.1826,0.24126,2.0889,0.3917,0.76334,0.015636,0.01445,0.69551,254.3
0.94885,1.7245,5.2264,2.4261,3.1929,0.012597,2.0984,0.39205,0.76334,0.015658,0.01445,0.69581,254.29
0.94885,1.723,5.228,2.4226,3.1948,0.009712,2.1003,0.39205,0.76323,0.01563,0.01445,0.69582,254.3
0.94884,1.7148,5.2278,2.4031,3.1948,0.00076992,2.1002,0.392,0.76337,0.015646,0.01445,0.69584,254.3
0.94883,1.7151,5.228,2.4047,3.1952,0.000769,2.1005,0.39205,0.76328,0.015643,0.01445,0.69584,254.3
0.94882,1.7145,5.2281,2.4033,3.1952,5.8053e-05,2.1005,0.39205,0.76328,0.015643,0.01445,0.69584,254.3
0.94881,1.7144,5.2281,2.4023,3.1954,0.0001073,2.1006,0.39201,0.76335,0.015651,0.01445,0.69584,254.31
0.9488,1.7146,5.2286,2.4034,3.196,0.00010795,2.1011,0.39204,0.76328,0.015645,0.01445,0.69584,254.31
0.94879,1.7145,5.2286,2.4032,3.1961,5.0114e-05,2.1012,0.39204,0.76328,0.015645,0.01445,0.69584,254.31
0.94878,1.7145,5.2286,2.4032,3.1961,5.0114e-05,2.1012,0.39204,0.76329,0.015645,0.01445,0.69584,254.32
0.94877,1.7144,5.2286,2.4023,3.1963,0.00012438,2.1013,0.39201,0.76335,0.015654,0.01445,0.69584,254.32
0.99467,2.1684,4.7674,3.5062,2.1723,0.61306,1.3218,0.39256,0.7643,0.015694,0.01445,0.69585,254.3
0.99468,2.1697,4.7664,3.506,2.1714,0.61447,1.3211,0.39241,0.76449,0.015685,0.01445,0.69586,254.31
0.99469,2.1686,4.7647,3.5057,2.1694,0.61311,1.3195,0.39254,0.76433,0.015678,0.01445,0.69584,254.31
0.9947,2.1686,4.7647,3.5057,2.1694,0.61325,1.3196,0.39254,0.76435,0.015678,0.01445,0.69584,254.31
0.99471,2.1688,4.7621,3.5054,2.166,0.61366,1.3169,0.39247,0.76442,0.015673,0.01445,0.69583,254.31
0.99472,2.1685,4.7568,3.5055,2.1596,0.61249,1.3115,0.39248,0.76428,0.015662,0.01445,0.6958,254.32
