0.98506,2.0362,4.9416,3.1667,2.6093,0.41454,1.6793,0.39212,0.76385,0.014462,0.01445,0.69557,250.64
0.9818,2.0432,4.9567,3.1499,2.6185,0.4082,1.7137,0.39171,0.7637,0.014471,0.01445,0.6964,250.99
0.97853,2.0465,4.9471,3.1652,2.6139,0.40728,1.7333,0.39153,0.76352,0.014816,0.01445,0.696,251.53
0.97527,1.9994,4.9364,3.056,2.5963,0.34777,1.7451,0.39174,0.76349,0.014936,0.01445,0.69621,252.28
0.97201,1.9787,4.944,2.9954,2.6052,0.31258,1.7806,0.39169,0.76331,0.015155,0.01445,0.69654,253.23
0.99158,2.0472,4.957,3.1892,2.6303,0.43922,1.6471,0.39198,0.76451,0.014671,0.01445,0.69558,250.64
0.99484,2.0437,4.9651,3.2014,2.6415,0.44317,1.6312,0.39237,0.7641,0.014568,0.01445,0.69527,250.97
0.99811,2.0614,4.9753,3.2487,2.6561,0.47125,1.6181,0.39244,0.76422,0.014715,0.01445,0.69513,251.51
1.0014,2.0893,4.9767,3.3157,2.659,0.5101,1.5951,0.39238,0.76432,0.014933,0.01445,0.69498,252.27
1.0046,2.1066,5.0039,3.366,2.6963,0.53883,1.5993,0.3925,0.76452,0.015199,0.01445,0.6948,253.21
0.97126,1.9771,4.9426,2.9951,2.602,0.31221,1.7828,0.3916,0.76341,0.015288,0.01445,0.69649,253.48
0.97052,1.9764,4.9419,2.9931,2.6012,0.30955,1.7879,0.3916,0.76331,0.015303,0.01445,0.6965,253.73
0.96977,1.9769,4.9373,2.9897,2.5949,0.308,1.7891,0.3915,0.76333,0.015427,0.01445,0.69655,253.99
0.96903,1.9053,4.9301,2.8262,2.5853,0.22102,1.7886,0.39158,0.76325,0.015524,0.01445,0.69669,254.25
1.0054,2.1442,4.9866,3.4528,2.6736,0.58637,1.5746,0.39259,0.76447,0.015285,0.01445,0.69471,253.45
1.0061,2.1488,4.9915,3.4656,2.6805,0.59412,1.5738,0.39261,0.76455,0.01534,0.01445,0.69467,253.71
1.0069,2.1779,4.9902,3.5321,2.6791,0.63005,1.5663,0.39259,0.76456,0.015448,0.01445,0.69461,253.98
1.0077,2.1875,4.9926,3.556,2.6837,0.64273,1.5643,0.3926,0.76459,0.015525,0.01445,0.69453,254.26
0.96894,1.7728,4.9343,2.5281,2.5905,0.064229,1.7942,0.39181,0.76321,0.015535,0.01445,0.69688,254.26
0.96886,1.7611,4.9348,2.5011,2.5913,0.049983,1.7958,0.39179,0.76324,0.01555,0.01445,0.69689,254.3
1.0078,2.1902,4.9937,3.5645,2.684,0.64793,1.563,0.39269,0.7646,0.015536,0.01445,0.69454,254.3
0.96884,1.7215,4.9343,2.413,2.5911,0.0040324,1.7958,0.39192,0.76328,0.015524,0.01445,0.69693,254.3
0.96881,1.7189,4.9355,2.4071,2.5923,6.6763e-06,1.797,0.3919,0.76315,0.015554,0.01445,0.69694,254.31
0.96879,1.7188,4.9356,2.4068,2.5923,0.00014387,1.7972,0.39189,0.76319,0.015555,0.01445,0.69695,254.32
1.0078,2.1921,4.9935,3.5672,2.6838,0.64907,1.5628,0.39262,0.76458,0.015539,0.01445,0.69455,254.31
1.0078,2.1986,4.9917,3.5814,2.6815,0.65682,1.5606,0.39259,0.76458,0.015551,0.01445,0.69454,254.32
0.96879,1.7187,4.9356,2.4065,2.5923,3.5968e-07,1.7972,0.39189,0.76319,0.015555,0.01445,0.69695,254.32
0.96879,1.7187,4.9356,2.4065,2.5923,3.8094e-05,1.7972,0.39189,0.76319,0.015555,0.01445,0.69695,254.32
0.96878,1.7187,4.9357,2.4062,2.5923,6.5382e-06,1.7973,0.39189,0.7632,0.015557,0.01445,0.69695,254.32
1.0078,2.1935,4.9934,3.5702,2.6836,0.65064,1.5627,0.3926,0.76457,0.015539,0.01445,0.69455,254.3
1.0078,2.2443,4.9876,3.6846,2.676,0.71111,1.5562,0.39252,0.76457,0.015552,0.01445,0.69448,254.3
1.0078,2.2583,4.9868,3.7164,2.675,0.72783,1.5554,0.39251,0.76458,0.015553,0.01445,0.69446,254.3
1.0078,2.2849,4.9855,3.7764,2.6733,0.75946,1.5538,0.39246,0.76458,0.015553,0.01445,0.69442,254.3
1.0078,2.2889,4.9854,3.7854,2.6732,0.7641,1.5537,0.39245,0.76457,0.015554,0.01445,0.69442,254.31
1.0078,2.2897,4.9853,3.7872,2.6731,0.76507,1.5536,0.39246,0.76458,0.015554,0.01445,0.69442,254.31
1.0078,2.2952,4.985,3.7996,2.6726,0.77159,1.5532,0.39245,0.76458,0.015554,0.01445,0.69441,254.31
1.0078,2.2979,4.9848,3.8059,2.6724,0.77491,1.553,0.39244,0.76458,0.015554,0.01445,0.69441,254.31
1.0078,2.3005,4.9847,3.8116,2.6722,0.77791,1.5528,0.39244,0.76458,0.015555,0.01445,0.6944,254.31
1.0078,2.3015,4.9846,3.8138,2.6722,0.77907,1.5527,0.39244,0.76457,0.015555,0.01445,0.6944,254.31
1.0078,2.3017,4.9846,3.8143,2.6722,0.77938,1.5527,0.39244,0.76458,0.015555,0.01445,0.6944,254.31
1.0078,2.3018,4.9846,3.8147,2.6722,0.7796,1.5527,0.39244,0.76458,0.015555,0.01445,0.6944,254.31
1.0078,2.3023,4.9847,3.8159,2.6723,0.78016,1.5527,0.39244,0.76458,0.015556,0.01445,0.6944,254.31
1.0078,2.3029,4.9845,3.8171,2.6721,0.78079,1.5526,0.39244,0.76458,0.015556,0.01445,0.6944,254.31
1.0078,2.3034,4.9846,3.8184,2.6722,0.78152,1.5526,0.39244,0.76458,0.015557,0.01445,0.6944,254.31
1.0078,2.3042,4.9846,3.8202,2.6722,0.78244,1.5526,0.39244,0.76458,0.015557,0.01445,0.6944,254.32
1.0078,2.3047,4.9845,3.8212,2.6721,0.78301,1.5525,0.39244,0.76458,0.015557,0.01445,0.69439,254.32
1.0078,2.3049,4.9845,3.8217,2.6721,0.78323,1.5525,0.39244,0.76458,0.015557,0.01445,0.69439,254.32
1.0078,2.3051,4.9845,3.8222,2.6721,0.7835,1.5524,0.39243,0.76458,0.015557,0.01445,0.69439,254.32
1.0078,2.3051,4.9845,3.8222,2.6721,0.78355,1.5524,0.39244,0.76458,0.015557,0.01445,0.69439,254.32
1.0079,2.3055,4.9845,3.8231,2.6721,0.784,1.5524,0.39244,0.76458,0.015558,0.01445,0.69439,254.32
