0.65523,2.047,4.983,3.3329,2.6368,0.50216,1.6647,0.39435,0.76486,0.014491,0.01445,0.69569,252.37
0.67539,2.1845,5.0438,3.4105,2.7759,0.56945,1.7921,0.39156,0.76681,0.017402,0.01445,0.69466,253.12
0.65128,2.081,5.0013,3.4521,2.6469,0.56178,1.669,0.3952,0.7645,0.014594,0.01445,0.69602,254.02
0.67946,2.2596,5.193,3.6151,2.9738,0.65824,1.9551,0.39503,0.76458,0.016796,0.01445,0.69418,254.09
0.65067,2.1029,4.9277,3.4434,2.541,0.57031,1.5896,0.39395,0.7646,0.0151,0.01445,0.69696,253.95
0.65006,2.105,4.8668,3.4051,2.4584,0.5596,1.526,0.39294,0.76457,0.015199,0.01445,0.69757,254.11
0.6801,2.3072,5.2097,3.649,3.0071,0.64814,1.9892,0.38882,0.76286,0.016294,0.01445,0.69409,254.05
0.68073,2.308,5.2324,3.6736,3.0307,0.67033,2.0053,0.39041,0.76366,0.016236,0.01445,0.69403,254.28
0.6495,2.1059,4.8183,3.391,2.3905,0.56039,1.4722,0.39276,0.76486,0.015356,0.01445,0.69788,254.31
0.64944,2.1068,4.7684,3.3811,2.3246,0.55674,1.4212,0.39278,0.76451,0.015275,0.01445,0.69796,254.31
0.6808,2.3137,5.2738,3.7084,3.0836,0.68361,2.0465,0.39085,0.76358,0.015981,0.01445,0.69386,254.23
0.68086,2.319,5.2835,3.7221,3.0971,0.68401,2.0581,0.39056,0.7631,0.015816,0.01445,0.6938,254.23
0.68093,2.2877,5.3183,3.676,3.1422,0.65377,2.0953,0.39147,0.76284,0.015355,0.01445,0.69372,254.22
0.681,2.2871,5.3173,3.6686,3.1413,0.65199,2.0923,0.39094,0.76308,0.015361,0.01445,0.69371,254.24
0.68106,2.2563,5.312,3.6035,3.135,0.61415,2.0873,0.39089,0.76286,0.015365,0.01445,0.69362,254.27
0.68113,2.2525,5.3106,3.5959,3.1337,0.61276,2.0858,0.39108,0.76307,0.015378,0.01445,0.69361,254.3
0.64943,2.1101,4.7278,3.3856,2.2692,0.5694,1.375,0.3928,0.76546,0.01551,0.01445,0.69796,254.3
0.64943,2.117,4.7199,3.4026,2.2598,0.57134,1.3683,0.39284,0.76457,0.01543,0.01445,0.69788,254.3
0.64942,2.1184,4.6841,3.3933,2.2158,0.57406,1.332,0.39235,0.76536,0.015304,0.01445,0.69786,254.29
0.64941,2.1183,4.6786,3.4057,2.2085,0.57472,1.3263,0.39291,0.76461,0.015344,0.01445,0.69772,254.29
0.64941,2.1183,4.6789,3.4057,2.2085,0.57498,1.3263,0.39291,0.76464,0.015344,0.01445,0.69772,254.3
0.6494,2.1183,4.679,3.406,2.2085,0.57534,1.3263,0.39291,0.76468,0.015345,0.01445,0.69772,254.3
0.6494,2.1183,4.6796,3.4067,2.2085,0.57601,1.3263,0.39291,0.76472,0.015345,0.01445,0.69772,254.3
0.64939,2.1208,4.6734,3.4096,2.2009,0.57805,1.3201,0.39268,0.76481,0.015373,0.01445,0.6977,254.3
0.64938,2.1208,4.6738,3.4099,2.2009,0.57826,1.3201,0.39269,0.76481,0.015373,0.01445,0.6977,254.31
0.64938,2.1211,4.6699,3.4118,2.1961,0.57872,1.3162,0.39273,0.76474,0.015378,0.01445,0.69768,254.31
0.64937,2.1267,4.6546,3.423,2.1772,0.58547,1.3007,0.39264,0.76481,0.015391,0.01445,0.69761,254.31
0.64936,2.1268,4.6545,3.4252,2.1769,0.58628,1.3006,0.39276,0.76476,0.015379,0.01445,0.6976,254.31
0.64936,2.1294,4.6531,3.431,2.1748,0.58933,1.2989,0.39273,0.76476,0.015378,0.01445,0.6976,254.32
0.68114,2.2206,5.3095,3.5244,3.1327,0.57441,2.0851,0.39105,0.76303,0.015368,0.01445,0.69362,254.3
0.68114,1.7346,5.2953,2.46,3.1158,0.0096026,2.0739,0.39282,0.76269,0.015239,0.01445,0.69379,254.26
0.68115,1.7423,5.2946,2.4595,3.1162,0.015298,2.0733,0.39183,0.76338,0.015293,0.01445,0.69389,254.26
0.68116,1.7326,5.297,2.4405,3.1192,0.00077894,2.0763,0.39204,0.7628,0.015285,0.01445,0.69389,254.26
0.68116,1.7319,5.297,2.4387,3.1192,0.00015874,2.0763,0.39203,0.76283,0.015287,0.01445,0.6939,254.26
0.68117,1.7319,5.2971,2.4387,3.1192,0.0003427,2.0763,0.39203,0.76285,0.015288,0.01445,0.6939,254.27
0.68118,1.7319,5.2972,2.4387,3.1195,0.00049398,2.0763,0.39203,0.76286,0.015288,0.01445,0.6939,254.27
0.68118,1.7316,5.2973,2.4373,3.1196,2.0219e-06,2.0764,0.392,0.76289,0.015293,0.01445,0.69391,254.27
0.68119,1.7316,5.2973,2.4373,3.1196,2.8e-06,2.0764,0.39201,0.76289,0.015293,0.01445,0.69391,254.27
0.6812,1.7316,5.2973,2.4373,3.1196,3.6783e-06,2.0764,0.39201,0.76289,0.015293,0.01445,0.69391,254.28
0.6812,1.7316,5.2973,2.4373,3.1196,4.7107e-06,2.0764,0.39202,0.76289,0.015293,0.01445,0.69391,254.28
0.68121,1.7316,5.2973,2.4373,3.1196,5.9452e-06,2.0764,0.39202,0.76289,0.015293,0.01445,0.69391,254.28
0.68122,1.7316,5.2973,2.4373,3.1196,7.4431e-06,2.0764,0.39202,0.76289,0.015293,0.01445,0.69391,254.29
0.68122,1.7316,5.2973,2.4373,3.1196,2.2062e-06,2.0764,0.39203,0.76289,0.015293,0.01445,0.69391,254.29
0.68123,1.7316,5.2973,2.4373,3.1196,4.5934e-06,2.0764,0.39203,0.76289,0.015293,0.01445,0.69391,254.29
0.68124,1.7319,5.2976,2.4376,3.12,0.00035012,2.0769,0.39204,0.76289,0.015294,0.01445,0.69391,254.3
0.68124,1.7324,5.2981,2.4344,3.1207,2.3672e-05,2.0774,0.39185,0.76307,0.015326,0.01445,0.69395,254.3
0.68125,1.7324,5.2981,2.4346,3.1208,0.00038759,2.0776,0.39188,0.76307,0.015326,0.01445,0.69395,254.3
0.68126,1.732,5.2981,2.4339,3.1208,9.6897e-07,2.0776,0.39188,0.76307,0.015326,0.01445,0.69395,254.3
0.68126,1.732,5.2981,2.4339,3.1208,1.0736e-06,2.0776,0.39189,0.76307,0.015326,0.01445,0.69395,254.31
0.68127,1.732,5.2981,2.4339,3.1208,1.3178e-06,2.0776,0.39189,0.76307,0.015326,0.01445,0.69395,254.31
0.68128,1.7321,5.2981,2.4339,3.1208,1.6883e-06,2.0776,0.3919,0.76307,0.015326,0.01445,0.69395,254.31
0.68128,1.7321,5.2981,2.4339,3.1208,2.1821e-06,2.0776,0.3919,0.76307,0.015326,0.01445,0.69395,254.32
0.68129,1.7321,5.2981,2.4339,3.1208,2.8015e-06,2.0776,0.3919,0.76307,0.015326,0.01445,0.69395,254.32
