1.0015,2.0359,4.9327,3.1692,2.5977,0.41784,1.6687,0.39233,0.76421,0.014372,0.01445,0.69552,250.62
0.99817,2.0018,4.8627,3.0782,2.5072,0.36437,1.6192,0.39204,0.76362,0.014545,0.01445,0.69559,250.87
0.99485,2.0011,4.8288,3.0701,2.4638,0.3566,1.6075,0.39192,0.76358,0.014676,0.01445,0.6956,251.29
0.99154,2.0032,4.8232,3.0574,2.4573,0.34412,1.6283,0.39145,0.76332,0.014754,0.01445,0.69582,251.89
0.98822,2.0137,4.7986,3.081,2.423,0.35127,1.6249,0.39172,0.763,0.015074,0.01445,0.69588,252.62
0.9849,2.0257,4.7198,3.0995,2.3236,0.36074,1.5674,0.39156,0.76326,0.015268,0.01445,0.69572,253.48
1.0081,2.0545,4.9889,3.2186,2.6694,0.44919,1.68,0.39226,0.76398,0.014471,0.01445,0.69551,250.61
1.0114,2.079,5.0182,3.2811,2.7097,0.48538,1.689,0.39234,0.76408,0.014434,0.01445,0.69538,250.86
1.0147,2.085,5.0943,3.2991,2.8052,0.4989,1.7433,0.39229,0.76434,0.014667,0.01445,0.69554,251.27
1.0181,2.1067,5.1666,3.3538,2.8971,0.5302,1.7943,0.3924,0.76431,0.014848,0.01445,0.69567,251.84
1.0214,2.1055,5.2216,3.3575,2.9669,0.53516,1.8266,0.39255,0.76429,0.015092,0.01445,0.69574,252.56
1.0247,2.1177,5.2927,3.39,3.0583,0.55587,1.8769,0.39255,0.76451,0.015347,0.01445,0.69584,253.42
0.98414,1.9833,4.6466,3.0059,2.2296,0.31294,1.4941,0.39156,0.76328,0.015432,0.01445,0.6955,253.68
0.98339,1.9761,4.6426,2.9925,2.2244,0.30423,1.4953,0.39167,0.76324,0.015446,0.01445,0.69546,253.9
0.98263,1.9763,4.641,2.9899,2.2222,0.30302,1.499,0.39149,0.76338,0.015595,0.01445,0.69547,254.13
1.0255,2.1228,5.3041,3.4034,3.0719,0.56409,1.8818,0.39257,0.76454,0.015411,0.01445,0.69584,253.64
1.0263,2.1291,5.3127,3.4169,3.084,0.57352,1.8855,0.39253,0.76471,0.015488,0.01445,0.69585,253.87
1.0271,2.1374,5.3344,3.4397,3.1115,0.58442,1.9022,0.39265,0.76455,0.015569,0.01445,0.69586,254.1
0.98254,1.9344,4.6096,2.8957,2.1815,0.25336,1.4666,0.39166,0.76322,0.015589,0.01445,0.69547,254.15
0.98246,1.9249,4.606,2.8726,2.1773,0.24077,1.4642,0.3916,0.76319,0.015592,0.01445,0.69547,254.17
0.98237,1.9143,4.6027,2.8493,2.1735,0.22899,1.4614,0.39166,0.76323,0.015607,0.01445,0.69548,254.2
0.98228,1.721,4.6014,2.4146,2.1718,1.2205e-06,1.4613,0.392,0.76309,0.015609,0.01445,0.69572,254.21
0.9822,1.721,4.6014,2.4146,2.1718,0.0003207,1.4617,0.39201,0.76312,0.015609,0.01445,0.69572,254.24
0.98211,1.7213,4.5997,2.4141,2.1694,1.2138e-05,1.4608,0.39194,0.76314,0.015632,0.01445,0.69574,254.26
0.98202,1.7213,4.5997,2.4141,2.1694,0.00030538,1.4611,0.39195,0.76316,0.015632,0.01445,0.69574,254.29
0.98193,1.7217,4.5978,2.4146,2.1671,0.00014179,1.4602,0.39194,0.76315,0.015653,0.01445,0.69574,254.32
1.0272,2.1394,5.3389,3.4429,3.1173,0.58655,1.9057,0.39257,0.76458,0.015581,0.01445,0.69588,254.14
1.0273,2.1398,5.3412,3.445,3.1198,0.58819,1.907,0.39263,0.76463,0.015592,0.01445,0.69589,254.17
1.0274,2.1416,5.3437,3.4488,3.123,0.58994,1.9089,0.3926,0.76459,0.015599,0.01445,0.69589,254.2
1.0275,2.1431,5.3456,3.452,3.1255,0.59145,1.9106,0.39261,0.76458,0.015615,0.01445,0.6959,254.23
1.0276,2.1438,5.3465,3.4542,3.1269,0.59235,1.9113,0.39266,0.76455,0.015621,0.01445,0.69589,254.25
1.0276,2.1512,5.3503,3.4703,3.1314,0.60147,1.9136,0.39257,0.76459,0.015637,0.01445,0.6959,254.28
1.0277,2.1524,5.3511,3.4733,3.1324,0.60345,1.9137,0.39258,0.76462,0.015653,0.01445,0.6959,254.31
1.0277,2.1533,5.3513,3.4752,3.1327,0.60408,1.914,0.39258,0.76457,0.015652,0.01445,0.6959,254.31
1.0277,2.1533,5.3513,3.4752,3.1327,0.60408,1.914,0.39258,0.76459,0.015652,0.01445,0.6959,254.31
1.0277,2.1526,5.3512,3.4739,3.1326,0.60344,1.914,0.39258,0.76458,0.015652,0.01445,0.6959,254.3
1.0277,2.1571,5.3509,3.4837,3.1321,0.60856,1.9138,0.39257,0.76458,0.01565,0.01445,0.69589,254.3
1.0277,2.1584,5.3508,3.4865,3.132,0.61009,1.9136,0.39256,0.76459,0.015649,0.01445,0.69589,254.3
1.0277,2.1593,5.3508,3.4886,3.132,0.61108,1.9136,0.39256,0.76458,0.015649,0.01445,0.69589,254.3
1.0277,2.1688,5.3511,3.5104,3.1322,0.6226,1.9136,0.39255,0.76458,0.015647,0.01445,0.69588,254.3
1.0277,2.1704,5.3507,3.5134,3.1318,0.6242,1.9133,0.39253,0.76459,0.015647,0.01445,0.69588,254.3
1.0277,2.1703,5.3507,3.5135,3.1318,0.62423,1.9134,0.39255,0.76458,0.015648,0.01445,0.69588,254.3
1.0277,2.1717,5.3507,3.5168,3.1318,0.62594,1.9134,0.39254,0.76458,0.015648,0.01445,0.69588,254.3
1.0277,2.1718,5.3507,3.5169,3.1318,0.62604,1.9133,0.39254,0.76459,0.015648,0.01445,0.69588,254.3
1.0277,2.1721,5.3507,3.5176,3.1319,0.62635,1.9133,0.39254,0.76458,0.015649,0.01445,0.69588,254.31
1.0277,2.173,5.3508,3.5196,3.1319,0.62746,1.9134,0.39254,0.76459,0.015649,0.01445,0.69587,254.31
1.0277,2.173,5.3508,3.5197,3.1319,0.62748,1.9134,0.39254,0.76459,0.015649,0.01445,0.69587,254.31
1.0277,2.1732,5.3508,3.52,3.1319,0.62766,1.9133,0.39254,0.76459,0.01565,0.01445,0.69587,254.31
1.0277,2.1733,5.3509,3.5204,3.132,0.62786,1.9134,0.39254,0.76459,0.01565,0.01445,0.69587,254.31
1.0277,2.1734,5.3509,3.5205,3.1321,0.62793,1.9134,0.39254,0.76459,0.01565,0.01445,0.69587,254.31
1.0277,2.1735,5.3509,3.5208,3.1321,0.6281,1.9134,0.39254,0.76459,0.015651,0.01445,0.69587,254.31
1.0277,2.1735,5.3509,3.5209,3.1321,0.62811,1.9134,0.39254,0.76459,0.015651,0.01445,0.69587,254.31
1.0277,2.1736,5.351,3.521,3.1322,0.62819,1.9134,0.39254,0.76459,0.015651,0.01445,0.69587,254.31
1.0277,2.1736,5.351,3.521,3.1322,0.62821,1.9135,0.39254,0.76459,0.015651,0.01445,0.69587,254.31
1.0277,2.1738,5.3511,3.5214,3.1324,0.62841,1.9136,0.39254,0.76459,0.015651,0.01445,0.69587,254.31
1.0278,2.1738,5.3512,3.5215,3.1324,0.62845,1.9136,0.39254,0.76459,0.015652,0.01445,0.69587,254.31
1.0278,2.1739,5.3512,3.5217,3.1325,0.62855,1.9136,0.39254,0.76459,0.015652,0.01445,0.69587,254.31
1.0278,2.1739,5.3512,3.5217,3.1325,0.62858,1.9136,0.39254,0.76459,0.015652,0.01445,0.69587,254.32
1.0278,2.174,5.3513,3.522,3.1326,0.62873,1.9137,0.39254,0.76459,0.015653,0.01445,0.69587,254.32
1.0278,2.174,5.3513,3.522,3.1326,0.62876,1.9137,0.39254,0.76459,0.015653,0.01445,0.69587,254.32
1.0278,2.1742,5.3513,3.5223,3.1326,0.62895,1.9137,0.39253,0.76459,0.015653,0.01445,0.69587,254.32
1.0278,2.1742,5.3514,3.5225,3.1327,0.62897,1.9137,0.39254,0.76458,0.015653,0.01445,0.69587,254.32
1.0278,2.1742,5.3514,3.5225,3.1328,0.62902,1.9137,0.39254,0.76459,0.015653,0.01445,0.69587,254.32
