1.0254,2.0335,4.9788,3.1413,2.7807,0.40742,1.777,0.39368,0.76382,0.01302,0.01445,0.69524,252.54
1.057,2.0545,5.0259,3.2434,2.5727,0.49155,1.6377,0.39388,0.76708,0.015056,0.01445,0.69691,251.98
1.0192,2.0736,5.3088,3.2055,3.2353,0.41668,2.1442,0.39091,0.76313,0.015188,0.01445,0.69568,252.48
1.013,2.0673,5.59,3.1916,3.6218,0.40373,2.4516,0.39185,0.76276,0.015447,0.01445,0.69657,253.58
1.0634,2.0974,5.0772,3.3941,2.5779,0.56136,1.6489,0.39651,0.76564,0.015135,0.01445,0.69705,253.34
1.0121,1.9803,5.6331,2.9874,3.6807,0.29685,2.4979,0.39145,0.76285,0.015518,0.01445,0.69686,253.75
1.0113,1.9717,5.6509,2.9587,3.7097,0.28532,2.5202,0.39123,0.76317,0.015628,0.01445,0.697,253.93
1.0104,1.9493,5.6892,2.9083,3.7631,0.25666,2.5629,0.39132,0.76301,0.015677,0.01445,0.69712,254.11
1.0095,1.9462,5.6907,2.8954,3.7722,0.24956,2.5682,0.3911,0.76289,0.015684,0.01445,0.69716,254.3
1.0643,2.1364,5.0594,3.4184,2.5556,0.5511,1.6386,0.39158,0.76373,0.015283,0.01445,0.697,253.41
1.0652,2.1365,5.0685,3.4389,2.5555,0.56601,1.639,0.39251,0.76419,0.015287,0.01445,0.69705,253.63
1.0661,2.1666,4.9772,3.4537,2.4347,0.59315,1.5402,0.39186,0.76458,0.015829,0.01445,0.69783,253.63
1.067,2.1568,4.9593,3.4848,2.4081,0.60372,1.5198,0.39438,0.76421,0.015529,0.01445,0.69726,253.79
1.068,2.1766,4.9585,3.5107,2.4009,0.61512,1.5143,0.39235,0.76442,0.01556,0.01445,0.69723,253.98
1.0689,2.1795,4.8715,3.5379,2.2946,0.62423,1.4284,0.39251,0.76424,0.015718,0.01445,0.69649,254.01
1.0698,2.2213,4.805,3.6003,2.2055,0.68238,1.3501,0.39252,0.76569,0.015345,0.01445,0.69706,254.12
1.0699,2.227,4.7267,3.6394,2.1184,0.6821,1.285,0.39233,0.76428,0.015519,0.01445,0.696,253.99
1.07,2.23,4.5462,3.6389,1.9072,0.69112,1.1051,0.39196,0.76456,0.015604,0.01445,0.6953,253.79
1.0701,2.229,4.5377,3.6561,1.8956,0.70173,1.0946,0.393,0.76465,0.015586,0.01445,0.69516,253.8
1.0702,2.2422,4.5083,3.6704,1.861,0.71531,1.0657,0.39222,0.76532,0.015555,0.01445,0.69515,253.8
1.0703,2.2362,4.5015,3.6715,1.8527,0.71052,1.0593,0.39304,0.76461,0.015552,0.01445,0.69498,253.82
1.0704,2.2451,4.4741,3.6839,1.8195,0.7248,1.0308,0.39236,0.76562,0.015552,0.01445,0.69491,253.82
1.0705,2.2398,4.4681,3.6849,1.8124,0.71765,1.0258,0.39311,0.76461,0.015551,0.01445,0.69475,253.84
1.0706,2.2437,4.4569,3.6941,1.7976,0.72579,1.013,0.39287,0.76506,0.015553,0.01445,0.6947,253.86
1.0707,2.2495,4.4327,3.7061,1.7695,0.72687,0.99138,0.39248,0.76463,0.015568,0.01445,0.69449,253.87
1.0709,2.2484,4.4031,3.7086,1.7337,0.73025,0.95999,0.39263,0.76472,0.015572,0.01445,0.69432,253.87
1.071,2.2541,4.3822,3.7275,1.708,0.74627,0.93771,0.39318,0.76521,0.015591,0.01445,0.69424,253.89
1.0711,2.2581,4.3788,3.7319,1.7038,0.74479,0.93473,0.39279,0.76481,0.015594,0.01445,0.69422,253.91
1.0712,2.2582,4.3598,3.737,1.6807,0.74739,0.91588,0.393,0.76476,0.015603,0.01445,0.69409,253.93
1.0713,2.2611,4.357,3.7382,1.677,0.74983,0.91293,0.39268,0.76499,0.015605,0.01445,0.69411,253.95
1.0714,2.2605,4.354,3.7399,1.6733,0.75016,0.91018,0.39301,0.76486,0.015608,0.01445,0.69408,253.97
1.0715,2.266,4.3454,3.7553,1.6615,0.75883,0.90092,0.39301,0.76498,0.015613,0.01445,0.69403,253.99
1.0716,2.2751,4.335,3.7649,1.6494,0.76309,0.89141,0.39245,0.76484,0.015636,0.01445,0.69403,254.01
1.0717,2.2729,4.3343,3.7715,1.6467,0.76791,0.88895,0.39304,0.76498,0.015638,0.01445,0.69399,254.04
1.0718,2.2759,4.3293,3.7759,1.6401,0.77032,0.8833,0.39279,0.76501,0.015644,0.01445,0.69397,254.06
1.0719,2.2775,4.3205,3.7824,1.6296,0.77223,0.87506,0.39304,0.76479,0.015662,0.01445,0.69389,254.08
1.072,2.2807,4.3191,3.7854,1.627,0.77605,0.87271,0.39274,0.76507,0.015664,0.01445,0.69392,254.1
1.0721,2.281,4.318,3.7909,1.6247,0.77824,0.87082,0.39298,0.76496,0.015667,0.01445,0.69389,254.12
1.0722,2.2925,4.2988,3.8155,1.6013,0.79332,0.85133,0.39282,0.76518,0.015681,0.01445,0.69381,254.14
1.0723,2.2936,4.2982,3.8209,1.5998,0.79455,0.85045,0.39301,0.76495,0.015686,0.01445,0.69378,254.17
1.0724,2.3035,4.2865,3.8427,1.5852,0.80688,0.83794,0.39285,0.76507,0.0157,0.01445,0.69371,254.19
1.0725,2.3036,4.2872,3.8438,1.5852,0.8076,0.838,0.39291,0.76506,0.0157,0.01445,0.69371,254.21
1.0726,2.3111,4.2828,3.8551,1.5797,0.81156,0.83436,0.39258,0.76486,0.015721,0.01445,0.69372,254.23
1.0727,2.3111,4.2832,3.8554,1.5797,0.81217,0.83441,0.39264,0.7649,0.015721,0.01445,0.69372,254.26
1.0729,2.3119,4.2838,3.8638,1.5787,0.8182,0.83299,0.39294,0.76506,0.015725,0.01445,0.69371,254.28
1.073,2.32,4.2743,3.8815,1.5666,0.82938,0.82282,0.39297,0.7652,0.015746,0.01445,0.69368,254.3
1.0095,1.9138,5.714,2.8253,3.8009,0.21164,2.5928,0.39127,0.76289,0.015748,0.01445,0.69723,254.3
1.0095,1.7389,5.7421,2.4446,3.8345,0.0070613,2.6232,0.392,0.76261,0.015718,0.01445,0.69738,254.29
1.0095,1.7414,5.741,2.4398,3.8338,0.010288,2.6213,0.39152,0.7632,0.015752,0.01445,0.69746,254.29
1.0095,1.7431,5.7379,2.4465,3.8298,0.01024,2.6183,0.39168,0.76274,0.015721,0.01445,0.69743,254.29
1.0095,1.7346,5.7371,2.4241,3.8291,0.0011024,2.6173,0.39154,0.76302,0.015751,0.01445,0.69747,254.29
1.0094,1.7349,5.735,2.4242,3.8265,0.0012774,2.615,0.39153,0.763,0.01576,0.01445,0.69748,254.29
1.0094,1.7344,5.7333,2.4238,3.8245,6.345e-05,2.6134,0.39159,0.76285,0.015744,0.01445,0.69748,254.3
1.0094,1.7341,5.7331,2.4216,3.8242,0.00026752,2.6132,0.39155,0.763,0.015764,0.01445,0.69751,254.3
1.0094,1.7346,5.7317,2.4218,3.8226,6.8729e-05,2.6118,0.39151,0.76293,0.01576,0.01445,0.69751,254.3
1.0094,1.7345,5.7312,2.4222,3.8221,6.8571e-05,2.6114,0.39156,0.7629,0.015758,0.01445,0.69751,254.3
1.0094,1.7344,5.7311,2.4215,3.822,8.0155e-05,2.6113,0.39153,0.76294,0.015763,0.01445,0.69751,254.3
1.0094,1.7345,5.7308,2.4218,3.8218,7.9716e-05,2.6111,0.39154,0.76291,0.015761,0.01445,0.69751,254.31
1.0094,1.7346,5.7308,2.4217,3.8218,7.7293e-05,2.6111,0.39154,0.76292,0.015763,0.01445,0.69751,254.31
1.0094,1.7346,5.7306,2.4215,3.8217,5.6946e-05,2.6109,0.39153,0.76292,0.015765,0.01445,0.69752,254.31
1.0094,1.7346,5.7306,2.4215,3.8218,5.3565e-05,2.6109,0.39153,0.76291,0.015765,0.01445,0.69752,254.31
1.0093,1.7346,5.7307,2.4214,3.822,5.3407e-05,2.6112,0.39153,0.76292,0.015767,0.01445,0.69752,254.32
1.0093,1.7346,5.7309,2.4214,3.8224,5.2509e-05,2.6114,0.39154,0.76292,0.015768,0.01445,0.69752,254.32
1.0093,1.7347,5.7311,2.4215,3.8227,5.0263e-05,2.6117,0.39153,0.76291,0.015768,0.01445,0.69752,254.32
1.073,2.3224,4.2731,3.8855,1.565,0.82932,0.82176,0.39282,0.76497,0.01575,0.01445,0.69367,254.31
1.073,2.4055,4.2608,4.0691,1.5504,0.92877,0.80875,0.39257,0.76523,0.015756,0.01445,0.69357,254.31
1.073,2.4055,4.2608,4.0693,1.5504,0.92891,0.80895,0.39259,0.76522,0.015756,0.01445,0.69357,254.32
1.073,2.4096,4.259,4.0832,1.5483,0.93362,0.80734,0.3928,0.76491,0.015757,0.01445,0.69351,254.32
1.0731,2.4146,4.258,4.0925,1.5468,0.94002,0.8061,0.39264,0.76512,0.015759,0.01445,0.69351,254.32
1.0731,2.7025,4.2511,4.7361,1.5392,1.2768,0.79972,0.39198,0.76493,0.015775,0.01445,0.69321,254.32
