0.77519,2.0593,4.9332,3.2797,2.6684,0.47764,1.6838,0.39334,0.76415,0.014539,0.01445,0.69571,253.09
0.79905,2.1797,5.2439,3.4981,2.9261,0.58864,1.9204,0.39254,0.76511,0.017234,0.01445,0.69501,253.36
0.77453,2.0642,4.8484,3.2675,2.5549,0.48984,1.5928,0.39275,0.7656,0.015019,0.01445,0.696,253.14
0.77386,2.0807,4.779,3.3069,2.4651,0.49932,1.5253,0.39299,0.76399,0.014724,0.01445,0.6958,253.29
0.7732,2.0824,4.7789,3.3127,2.4696,0.50539,1.5256,0.39297,0.76427,0.014735,0.01445,0.69582,253.59
0.77253,2.0866,4.7115,3.3054,2.387,0.5113,1.4576,0.39214,0.7652,0.015255,0.01445,0.69582,253.75
0.77187,2.0888,4.6442,3.3341,2.2977,0.51947,1.3896,0.39364,0.76406,0.014897,0.01445,0.6955,253.96
0.7712,2.0893,4.5931,3.3032,2.2428,0.52708,1.3403,0.39196,0.76686,0.015403,0.01445,0.69559,254.21
0.79974,2.1986,5.2927,3.5207,2.9889,0.58738,1.977,0.39175,0.76354,0.016612,0.01445,0.69535,253.2
0.80042,2.2062,5.3522,3.5313,3.0602,0.59145,2.0352,0.39144,0.76335,0.015693,0.01445,0.69574,253.09
0.80111,2.2103,5.4007,3.5477,3.1189,0.60279,2.0836,0.39245,0.76339,0.015006,0.01445,0.69597,253.26
0.80179,2.236,5.4689,3.5981,3.2021,0.62898,2.1519,0.39176,0.76379,0.015041,0.01445,0.6961,253.49
0.80248,2.2473,5.4946,3.6053,3.2325,0.62685,2.1802,0.39094,0.76313,0.015107,0.01445,0.69626,253.76
0.80316,2.2502,5.5267,3.6211,3.2668,0.63782,2.2079,0.39147,0.76344,0.015121,0.01445,0.69628,254.04
0.80385,2.2714,5.6044,3.671,3.361,0.66163,2.2857,0.39166,0.7634,0.015378,0.01445,0.69645,254.3
0.77112,2.0899,4.5108,3.3571,2.1322,0.53628,1.2556,0.39472,0.76426,0.015223,0.01445,0.6948,254.12
0.77105,2.1005,4.4941,3.3565,2.1127,0.54023,1.2381,0.39315,0.76477,0.015281,0.01445,0.69487,254.11
0.77097,2.103,4.4257,3.3467,2.0245,0.53652,1.1673,0.39228,0.76469,0.015315,0.01445,0.6947,254.07
0.7709,2.103,4.3643,3.3724,1.9414,0.55087,1.0996,0.39357,0.76455,0.015333,0.01445,0.69426,254.06
0.77082,2.1057,4.3494,3.3664,1.9247,0.55033,1.0862,0.39279,0.76493,0.015342,0.01445,0.69425,254.08
0.77074,2.1098,4.2889,3.3826,1.8468,0.55659,1.0241,0.3928,0.76467,0.015358,0.01445,0.69383,254.08
0.77067,2.1123,4.2497,3.3867,1.7962,0.56521,0.98195,0.39268,0.76531,0.015374,0.01445,0.69365,254.11
0.77059,2.1154,4.243,3.3967,1.7898,0.56737,0.97742,0.39285,0.76491,0.015373,0.01445,0.69357,254.14
0.77052,2.119,4.2177,3.4075,1.7573,0.57072,0.95195,0.39278,0.7647,0.015402,0.01445,0.69339,254.16
0.77044,2.125,4.1978,3.4224,1.7327,0.58052,0.9315,0.39288,0.76481,0.015394,0.01445,0.69327,254.19
0.77037,2.1251,4.1978,3.4231,1.7334,0.5811,0.93189,0.3929,0.76485,0.015394,0.01445,0.69327,254.22
0.77029,2.1335,4.1823,3.4424,1.7138,0.59223,0.91609,0.39284,0.76495,0.015453,0.01445,0.69319,254.26
0.77021,2.1362,4.1801,3.449,1.7116,0.59553,0.91417,0.39289,0.76489,0.015434,0.01445,0.69318,254.29
0.77014,2.1416,4.1713,3.4611,1.7003,0.60142,0.90531,0.39283,0.76484,0.01543,0.01445,0.69313,254.32
0.80393,2.2795,5.6525,3.684,3.4223,0.66572,2.3364,0.39139,0.76317,0.015374,0.01445,0.69664,254.32
0.80394,2.2638,5.6804,3.6253,3.46,0.63862,2.3687,0.39059,0.76352,0.015389,0.01445,0.69699,254.31
0.80395,2.2621,5.6897,3.6315,3.4692,0.64083,2.3756,0.39102,0.76336,0.015392,0.01445,0.69698,254.31
0.80395,2.2485,5.6948,3.6009,3.4753,0.62366,2.3812,0.39103,0.76325,0.015397,0.01445,0.69702,254.31
0.80396,2.2186,5.7066,3.5414,3.4899,0.58925,2.394,0.39157,0.76289,0.015419,0.01445,0.69705,254.31
0.80397,2.2169,5.7091,3.5263,3.4935,0.58463,2.3963,0.39089,0.76331,0.015419,0.01445,0.69713,254.32
0.80398,2.1879,5.7126,3.4705,3.4986,0.55189,2.4011,0.39156,0.76286,0.015403,0.01445,0.69711,254.32
0.80399,2.1825,5.7141,3.4514,3.5006,0.54567,2.4022,0.39115,0.76331,0.015412,0.01445,0.69716,254.32
0.80399,2.1808,5.7156,3.4492,3.5024,0.542,2.4039,0.39123,0.76301,0.015413,0.01445,0.69716,254.32
0.804,2.0757,5.726,3.2039,3.5162,0.41491,2.416,0.39094,0.76326,0.01541,0.01445,0.69737,254.31
0.80401,2.0697,5.728,3.1993,3.5187,0.40998,2.4183,0.39151,0.7629,0.015416,0.01445,0.69734,254.31
0.80402,2.047,5.7348,3.1445,3.5265,0.38378,2.4244,0.3913,0.76322,0.015431,0.01445,0.69743,254.31
0.80402,2.0295,5.736,3.1108,3.528,0.36209,2.4264,0.3916,0.76279,0.01541,0.01445,0.6974,254.31
0.80403,2.0295,5.736,3.1108,3.528,0.36297,2.4266,0.3916,0.76291,0.01541,0.01445,0.6974,254.32
0.80404,2.0135,5.7348,3.0636,3.5269,0.34289,2.4249,0.39105,0.76347,0.015446,0.01445,0.69748,254.32
