0.94082,2.0577,4.9728,3.2437,2.652,0.4847,1.6685,0.39312,0.76574,0.014021,0.01445,0.6952,250.69
0.93771,2.0701,4.9562,3.2841,2.6348,0.51962,1.6359,0.39309,0.76586,0.014592,0.01445,0.6948,250.94
0.93459,2.0909,4.9383,3.3474,2.6137,0.57335,1.5995,0.39363,0.76658,0.014513,0.01445,0.69449,251.43
0.93148,2.1058,4.9006,3.3957,2.5711,0.61392,1.5464,0.39358,0.76691,0.014929,0.01445,0.69394,252.07
0.92836,2.1074,4.6926,3.4413,2.3102,0.66032,1.3194,0.3949,0.76827,0.01471,0.01445,0.69257,252.73
0.92525,2.1217,4.6716,3.4851,2.2896,0.69688,1.2827,0.39444,0.76824,0.01536,0.01445,0.69202,253.65
0.94706,2.1005,5.0059,3.2979,2.6852,0.47841,1.7343,0.3922,0.76415,0.014664,0.01445,0.69613,250.64
0.95017,2.1546,5.0719,3.4109,2.7683,0.51586,1.8189,0.39162,0.76339,0.014434,0.01445,0.69635,250.91
0.95329,2.225,5.1455,3.5597,2.8595,0.58062,1.9107,0.39148,0.76354,0.014851,0.01445,0.69672,251.37
0.9564,2.264,5.1995,3.6516,2.9278,0.60975,1.983,0.39166,0.76322,0.014646,0.01445,0.6968,252.02
0.95952,2.3324,5.2667,3.7999,3.0125,0.66841,2.0688,0.39131,0.76293,0.01477,0.01445,0.69699,252.83
0.96263,2.4227,5.3436,4.0014,3.11,0.74748,2.1647,0.39104,0.76162,0.014753,0.01445,0.69709,253.82
0.92454,2.1259,4.5888,3.5041,2.1866,0.70528,1.197,0.39443,0.76773,0.015413,0.01445,0.69147,253.8
0.92383,2.1314,4.5254,3.5255,2.1075,0.71966,1.1297,0.39454,0.76773,0.01547,0.01445,0.69103,254
0.92312,2.139,4.4722,3.5492,2.0411,0.73606,1.0723,0.3946,0.76779,0.015548,0.01445,0.69067,254.22
0.96337,2.4391,5.4484,4.0139,3.2397,0.74775,2.2747,0.39027,0.76062,0.015271,0.01445,0.69777,253.87
0.96411,2.4646,5.5005,4.0351,3.2999,0.7701,2.3282,0.38967,0.7613,0.015545,0.01445,0.69857,254.02
0.96485,2.4169,5.5618,3.9013,3.3743,0.70443,2.3921,0.38927,0.76124,0.015496,0.01445,0.69927,254.19
0.92304,2.9954,4.3094,5.4947,1.8346,1.7569,0.90755,0.39344,0.76741,0.015539,0.01445,0.68903,254.09
0.92296,3.6559,4.3065,6.9901,1.8296,2.5464,0.90192,0.39292,0.7675,0.015536,0.01445,0.68846,254.07
0.92287,3.9306,4.292,7.6138,1.8115,2.874,0.88673,0.39267,0.76731,0.015526,0.01445,0.68812,254.08
0.92279,4.082,4.2876,7.9549,1.8061,3.0545,0.88173,0.39251,0.76729,0.01554,0.01445,0.68798,254.1
0.92271,4.2186,4.283,8.2647,1.8001,3.2179,0.87621,0.39238,0.76725,0.015551,0.01445,0.68783,254.13
0.92263,4.2264,4.282,8.2835,1.7991,3.228,0.8748,0.39237,0.76723,0.015561,0.01445,0.6878,254.15
0.92255,4.2354,4.2803,8.3047,1.797,3.2399,0.87265,0.39242,0.76726,0.015558,0.01445,0.68777,254.18
0.92247,4.2441,4.2783,8.3249,1.7947,3.2508,0.87041,0.39238,0.76725,0.015576,0.01445,0.68774,254.21
0.92238,4.2539,4.2756,8.3479,1.7913,3.2637,0.86699,0.39241,0.76727,0.015578,0.01445,0.68771,254.23
0.9223,4.2628,4.2736,8.3687,1.789,3.275,0.86471,0.39238,0.76727,0.015594,0.01445,0.68768,254.26
0.92222,4.277,4.2696,8.401,1.7839,3.293,0.86014,0.39239,0.76731,0.015602,0.01445,0.68765,254.29
0.92214,4.2861,4.2673,8.4235,1.7812,3.3054,0.85739,0.39245,0.76732,0.015603,0.01445,0.68761,254.31
0.96494,2.3656,5.5815,3.7688,3.3986,0.6391,2.4125,0.38889,0.76129,0.015514,0.01445,0.69963,254.18
0.96502,2.2143,5.5975,3.4055,3.4179,0.45367,2.4297,0.38874,0.76092,0.015488,0.01445,0.70029,254.13
0.96511,2.183,5.6173,3.3434,3.4374,0.42243,2.4443,0.38924,0.76094,0.015538,0.01445,0.70045,254.14
0.96519,2.1545,5.6307,3.2716,3.4551,0.38652,2.46,0.38922,0.76092,0.015588,0.01445,0.70065,254.16
0.96528,2.135,5.6163,3.2204,3.435,0.36075,2.4442,0.38902,0.76086,0.015512,0.01445,0.70077,254.18
0.96536,2.1308,5.6304,3.2178,3.4537,0.35941,2.4598,0.38942,0.76097,0.015556,0.01445,0.70076,254.2
0.96545,2.1225,5.634,3.1977,3.4587,0.34771,2.4646,0.38926,0.76095,0.015576,0.01445,0.70076,254.22
0.96553,2.1001,5.6372,3.1426,3.4626,0.31774,2.4683,0.38899,0.76085,0.015618,0.01445,0.70082,254.24
0.96562,2.096,5.6411,3.1406,3.4673,0.31662,2.4727,0.38951,0.76084,0.015623,0.01445,0.70082,254.27
0.9657,2.0968,5.64,3.1374,3.4666,0.3153,2.4726,0.38917,0.76098,0.015613,0.01445,0.70084,254.3
0.96579,1.9876,5.646,2.8938,3.4743,0.18692,2.4796,0.38942,0.76086,0.015612,0.01445,0.701,254.29
0.96587,1.9846,5.6493,2.8901,3.4779,0.1841,2.483,0.38963,0.76077,0.015622,0.01445,0.70101,254.31
0.92213,4.3148,4.2668,8.4858,1.7804,3.3378,0.85673,0.39225,0.76728,0.015612,0.01445,0.68759,254.32
0.92212,4.4191,4.263,8.7213,1.7754,3.4626,0.85246,0.39223,0.76725,0.015617,0.01445,0.68751,254.32
0.92212,4.4983,4.2611,8.9017,1.773,3.5576,0.8503,0.39222,0.76726,0.015613,0.01445,0.68743,254.32
0.92211,4.5838,4.2603,9.0943,1.7717,3.6597,0.84908,0.39218,0.76725,0.015617,0.01445,0.68737,254.32
0.9221,4.7378,4.2546,9.4418,1.7645,3.842,0.84321,0.39198,0.76711,0.01562,0.01445,0.68722,254.32
0.96588,1.9594,5.6489,2.822,3.479,0.15053,2.4842,0.38908,0.76103,0.015609,0.01445,0.7011,254.31
0.96589,1.9177,5.652,2.7375,3.4817,0.10552,2.4862,0.38955,0.76096,0.015627,0.01445,0.70111,254.29
0.96589,1.8756,5.6512,2.643,3.4809,0.055229,2.4858,0.38964,0.7608,0.015618,0.01445,0.70118,254.28
0.9659,1.8353,5.676,2.5417,3.5125,0.0067267,2.5112,0.38927,0.76127,0.015678,0.01445,0.70141,254.27
0.96591,1.8272,5.7237,2.5197,3.5603,0.0090801,2.5497,0.3898,0.76211,0.015635,0.01445,0.70209,254.15
0.96592,1.8257,5.7955,2.5084,3.6439,0.0020022,2.6168,0.38958,0.76129,0.015579,0.01445,0.70259,254.06
0.96593,1.8275,5.798,2.4996,3.6445,0.0013287,2.6166,0.38891,0.76165,0.015559,0.01445,0.70277,254.04
0.96593,1.8295,5.817,2.5064,3.6671,0.0028508,2.6358,0.38913,0.76119,0.015555,0.01445,0.70287,254.03
0.96594,1.8287,5.9567,2.4816,3.8233,0.010315,2.76,0.38898,0.76209,0.015525,0.01445,0.70421,253.97
0.96595,1.829,5.947,2.4813,3.8129,0.0039284,2.7522,0.38868,0.76145,0.015618,0.01445,0.7041,253.96
0.96596,1.8279,5.947,2.4795,3.8125,0.0034685,2.752,0.38877,0.76149,0.015639,0.01445,0.70411,253.96
0.96597,1.8296,5.9469,2.4809,3.8123,0.003452,2.7519,0.38859,0.76141,0.015617,0.01445,0.70412,253.97
0.96597,1.8296,5.9469,2.4809,3.8123,0.003452,2.752,0.38859,0.76141,0.015617,0.01445,0.70412,253.97
0.96598,1.8287,5.9473,2.4804,3.813,0.0034008,2.7526,0.38872,0.76142,0.015627,0.01445,0.70412,253.97
0.96599,1.8288,5.9476,2.4803,3.8132,0.0032989,2.7528,0.38868,0.76142,0.015627,0.01445,0.70412,253.97
0.966,1.8283,5.9494,2.4797,3.8151,0.0030757,2.7544,0.38871,0.76142,0.015633,0.01445,0.70413,253.97
0.96601,1.8285,5.9498,2.4795,3.8156,0.0029871,2.7548,0.38868,0.76142,0.015631,0.01445,0.70414,253.97
0.96601,1.8285,5.9501,2.4795,3.816,0.0028993,2.7552,0.38867,0.76142,0.015632,0.01445,0.70414,253.98
0.96602,1.8284,5.9507,2.4793,3.8167,0.0028141,2.7557,0.38869,0.76142,0.015634,0.01445,0.70415,253.98
0.96603,1.8283,5.9511,2.479,3.8172,0.002737,2.7561,0.38869,0.76142,0.015635,0.01445,0.70415,253.98
0.96604,1.8282,5.9517,2.4789,3.8179,0.0026633,2.7567,0.3887,0.76142,0.015637,0.01445,0.70415,253.98
0.96605,1.8286,5.9519,2.479,3.8181,0.0026221,2.757,0.38864,0.76142,0.015632,0.01445,0.70416,253.98
0.96605,1.8282,5.9534,2.4788,3.8198,0.0024664,2.7584,0.3887,0.7614,0.015639,0.01445,0.70416,253.98
0.96606,1.8287,5.9535,2.4787,3.8199,0.0024355,2.7585,0.38861,0.76141,0.015634,0.01445,0.70417,253.99
0.96607,1.8283,5.9543,2.4787,3.8209,0.0023993,2.7593,0.38867,0.76141,0.015638,0.01445,0.70417,253.99
0.96608,1.8283,5.9547,2.4786,3.8215,0.0023372,2.7599,0.38868,0.76141,0.015639,0.01445,0.70417,253.99
0.96608,1.8283,5.9551,2.4784,3.8219,0.002269,2.7603,0.38869,0.76141,0.01564,0.01445,0.70418,253.99
0.96609,1.8286,5.9554,2.4785,3.8222,0.0022353,2.7605,0.38861,0.76141,0.015636,0.01445,0.70418,253.99
0.9661,1.8282,5.9558,2.4783,3.8227,0.0022024,2.761,0.38869,0.76141,0.015641,0.01445,0.70418,253.99
0.96611,1.8283,5.9563,2.4784,3.8233,0.0021409,2.7618,0.38868,0.76141,0.015641,0.01445,0.70418,254
0.96612,1.8286,5.9568,2.4785,3.8238,0.0021091,2.7621,0.38861,0.7614,0.015638,0.01445,0.70419,254
0.96612,1.8282,5.9572,2.4783,3.8244,0.0020778,2.7626,0.38868,0.7614,0.015643,0.01445,0.70419,254
0.96613,1.8287,5.9574,2.4785,3.8245,0.0020496,2.7627,0.38861,0.7614,0.015637,0.01445,0.70419,254
0.96614,1.8282,5.9579,2.4782,3.8252,0.0020192,2.7633,0.38869,0.7614,0.015643,0.01445,0.70419,254
0.96615,1.8287,5.9581,2.4785,3.8254,0.0019926,2.7635,0.3886,0.7614,0.015638,0.01445,0.7042,254
0.96616,1.8282,5.9587,2.4782,3.8261,0.001963,2.7642,0.38869,0.7614,0.015644,0.01445,0.7042,254.01
0.96616,1.8283,5.9594,2.4782,3.827,0.0019109,2.765,0.38868,0.7614,0.015645,0.01445,0.7042,254.01
0.96617,1.8284,5.9601,2.4783,3.8278,0.0018548,2.7657,0.38865,0.76139,0.015644,0.01445,0.70421,254.01
0.96618,1.8284,5.9602,2.4783,3.8279,0.0018548,2.7657,0.38865,0.76139,0.015644,0.01445,0.70421,254.01
0.96619,1.8286,5.9618,2.4779,3.8299,0.0018017,2.7674,0.38862,0.76141,0.015645,0.01445,0.70422,254.01
0.9662,1.8282,5.9628,2.4783,3.8307,0.0016947,2.768,0.3887,0.76135,0.015646,0.01445,0.70422,254.01
0.9662,1.8287,5.9626,2.4778,3.8306,0.0016701,2.768,0.38858,0.7614,0.015646,0.01445,0.70423,254.02
0.96621,1.8286,5.9628,2.4778,3.831,0.0016639,2.7684,0.38862,0.7614,0.015647,0.01445,0.70423,254.02
0.96622,1.8286,5.9644,2.4776,3.8327,0.0015426,2.7698,0.38859,0.76139,0.015647,0.01445,0.70424,254.02
0.96623,1.8283,5.965,2.4776,3.8335,0.001514,2.7704,0.38865,0.76139,0.015651,0.01445,0.70424,254.02
0.96624,1.8283,5.9651,2.4776,3.8335,0.001514,2.7705,0.38865,0.76139,0.015651,0.01445,0.70424,254.02
0.96624,1.8283,5.9656,2.4776,3.8341,0.0014774,2.7711,0.38865,0.76139,0.015653,0.01445,0.70424,254.02
0.96625,1.8283,5.9665,2.4775,3.8352,0.0013962,2.772,0.38864,0.76139,0.015654,0.01445,0.70425,254.03
0.96626,1.8283,5.967,2.4774,3.8357,0.001354,2.7725,0.38865,0.76139,0.015655,0.01445,0.70425,254.03
0.96627,1.8285,5.9673,2.4775,3.8361,0.0013291,2.7728,0.38862,0.76138,0.015653,0.01445,0.70425,254.03
0.96628,1.8281,5.9711,2.4766,3.8405,0.0010134,2.7763,0.38861,0.76138,0.01566,0.01445,0.70428,254.03
0.96628,1.8282,5.9717,2.4763,3.8414,0.00076775,2.7772,0.3886,0.76138,0.015665,0.01445,0.70428,254.03
0.96629,1.8281,5.972,2.4762,3.8418,0.00075346,2.7775,0.38861,0.76137,0.015661,0.01445,0.70428,254.03
0.9663,1.8279,5.9715,2.4758,3.8409,0.00071116,2.7768,0.3886,0.76139,0.015661,0.01445,0.70428,254.04
0.96631,1.8282,5.9719,2.4761,3.8414,0.00066652,2.7774,0.38858,0.76137,0.015661,0.01445,0.70429,254.04
0.96632,1.8279,5.9721,2.4761,3.8417,0.00065672,2.7776,0.38863,0.76138,0.015664,0.01445,0.70428,254.04
0.96632,1.8282,5.9722,2.4761,3.8418,0.00064811,2.7777,0.38859,0.76138,0.01566,0.01445,0.70429,254.04
0.96633,1.8281,5.9727,2.4762,3.8424,0.00062612,2.7784,0.38861,0.76137,0.015661,0.01445,0.70429,254.04
0.96634,1.8277,5.9752,2.4756,3.8452,0.00047742,2.7805,0.38863,0.7614,0.015683,0.01445,0.7043,254.05
0.96635,1.8281,5.9753,2.4761,3.8453,0.00047274,2.7808,0.3886,0.76136,0.015669,0.01445,0.7043,254.05
0.96636,1.8281,5.9753,2.4761,3.8454,0.00047274,2.7808,0.3886,0.76136,0.015669,0.01445,0.7043,254.05
0.96636,1.8279,5.976,2.4757,3.8463,0.00044109,2.7816,0.38863,0.76138,0.015668,0.01445,0.70431,254.05
0.96637,1.8281,5.976,2.4759,3.8463,0.00043272,2.7816,0.3886,0.76137,0.015666,0.01445,0.70431,254.05
0.96638,1.8282,5.9778,2.4757,3.8482,0.00032783,2.7831,0.38856,0.76137,0.01567,0.01445,0.70432,254.05
0.96639,1.8282,5.9778,2.4757,3.8482,0.00032783,2.7831,0.38857,0.76137,0.01567,0.01445,0.70432,254.06
0.9664,1.828,5.9781,2.4758,3.8487,0.00032297,2.7837,0.38862,0.76136,0.015671,0.01445,0.70432,254.06
0.9664,1.8283,5.9782,2.4758,3.8488,0.00031846,2.7837,0.38858,0.76136,0.015668,0.01445,0.70432,254.06
0.96641,1.8281,5.9784,2.4758,3.849,0.00031294,2.784,0.3886,0.76136,0.01567,0.01445,0.70432,254.06
0.96642,1.8281,5.9787,2.4759,3.8494,0.00030393,2.7844,0.38861,0.76136,0.015671,0.01445,0.70432,254.06
0.96643,1.8281,5.9791,2.4759,3.8499,0.00029681,2.7848,0.38861,0.76136,0.015671,0.01445,0.70433,254.06
0.96644,1.8282,5.9796,2.476,3.8504,0.00028836,2.7853,0.38861,0.76136,0.015671,0.01445,0.70433,254.07
0.96644,1.8282,5.98,2.476,3.8509,0.00027988,2.7857,0.38861,0.76136,0.015672,0.01445,0.70433,254.07
0.96645,1.8284,5.9801,2.476,3.851,0.00027617,2.7858,0.38858,0.76136,0.015671,0.01445,0.70433,254.07
0.96646,1.8283,5.9805,2.4762,3.8515,0.00027026,2.7865,0.38859,0.76136,0.015671,0.01445,0.70433,254.07
0.96647,1.8284,5.9813,2.4763,3.8525,0.00025389,2.7873,0.38859,0.76135,0.015676,0.01445,0.70434,254.07
0.96648,1.8284,5.9813,2.4763,3.8526,0.00025389,2.7873,0.38859,0.76135,0.015676,0.01445,0.70434,254.07
0.96648,1.8284,5.9828,2.4762,3.8543,0.00023995,2.7887,0.38859,0.76135,0.015671,0.01445,0.70435,254.08
0.96649,1.8284,5.9832,2.4761,3.8547,0.00022993,2.7891,0.3886,0.76135,0.015676,0.01445,0.70435,254.08
0.9665,1.8284,5.9835,2.4762,3.8551,0.00022445,2.7894,0.3886,0.76135,0.015676,0.01445,0.70435,254.08
0.96651,1.8284,5.9839,2.4762,3.8556,0.00021877,2.7899,0.38861,0.76135,0.015677,0.01445,0.70435,254.08
0.96651,1.8286,5.984,2.4762,3.8557,0.00021678,2.79,0.38857,0.76135,0.015675,0.01445,0.70435,254.08
0.96652,1.8284,5.9843,2.4762,3.8561,0.00021419,2.7903,0.38861,0.76136,0.015678,0.01445,0.70435,254.08
0.96653,1.8285,5.9848,2.4763,3.8566,0.00020884,2.7908,0.38861,0.76135,0.015678,0.01445,0.70436,254.09
0.96654,1.8286,5.9855,2.4764,3.8575,0.00020455,2.7916,0.3886,0.76135,0.015678,0.01445,0.70436,254.09
0.96655,1.8287,5.9861,2.4764,3.8582,0.00019618,2.7922,0.38857,0.76135,0.015678,0.01445,0.70437,254.09
0.96655,1.8286,5.9864,2.4764,3.8585,0.00019347,2.7925,0.3886,0.76135,0.01568,0.01445,0.70437,254.09
0.96656,1.8288,5.9866,2.4765,3.8587,0.00019117,2.7927,0.38857,0.76135,0.015679,0.01445,0.70437,254.09
0.96657,1.8288,5.9871,2.4766,3.8593,0.00018695,2.7932,0.38857,0.76134,0.015679,0.01445,0.70437,254.1
0.96658,1.8287,5.9889,2.4763,3.8614,0.0001657,2.795,0.38859,0.76135,0.015684,0.01445,0.70438,254.1
0.96659,1.8287,5.9892,2.4764,3.8618,0.00016248,2.7953,0.38859,0.76134,0.015684,0.01445,0.70438,254.1
0.96659,1.8289,5.9893,2.4765,3.8619,0.00016044,2.7954,0.38856,0.76134,0.015682,0.01445,0.70439,254.1
0.9666,1.8288,5.9904,2.4765,3.8632,0.00015214,2.7966,0.38857,0.76134,0.015684,0.01445,0.70439,254.1
0.96661,1.829,5.9921,2.4764,3.8651,0.00012339,2.7982,0.38855,0.76134,0.015691,0.01445,0.70441,254.1
0.96662,1.8289,5.9925,2.4763,3.8656,0.00012163,2.7986,0.38858,0.76133,0.01569,0.01445,0.70441,254.11
0.96663,1.829,5.9927,2.4763,3.8657,0.00012029,2.7987,0.38855,0.76134,0.015688,0.01445,0.70441,254.11
0.96663,1.8289,5.9932,2.4764,3.8665,0.00011566,2.7994,0.38857,0.76133,0.01569,0.01445,0.70441,254.11
0.96664,1.829,5.9935,2.4764,3.8668,0.00011295,2.7997,0.38857,0.76133,0.01569,0.01445,0.70441,254.11
0.96665,1.829,5.9942,2.4764,3.8676,0.00010734,2.8003,0.38857,0.76133,0.015691,0.01445,0.70442,254.11
0.96666,1.8291,5.9943,2.4765,3.8677,0.00010604,2.8005,0.38856,0.76134,0.01569,0.01445,0.70442,254.11
0.96667,1.8291,5.995,2.4766,3.8685,0.00010074,2.8012,0.38856,0.76132,0.015691,0.01445,0.70442,254.12
0.96667,1.8291,5.9956,2.4765,3.8692,9.4839e-05,2.8018,0.38856,0.76133,0.015692,0.01445,0.70442,254.12
0.96668,1.829,5.9961,2.4765,3.8699,8.8923e-05,2.8024,0.38858,0.76133,0.015694,0.01445,0.70443,254.12
0.96669,1.8293,5.9962,2.4767,3.87,8.8185e-05,2.8025,0.38854,0.76132,0.015691,0.01445,0.70443,254.12
0.9667,1.8293,5.9962,2.4767,3.87,8.8185e-05,2.8025,0.38854,0.76132,0.015691,0.01445,0.70443,254.12
0.96671,1.8291,5.9966,2.4767,3.8705,8.7152e-05,2.803,0.38858,0.76133,0.015694,0.01445,0.70443,254.12
0.96671,1.8294,5.9968,2.4768,3.8707,8.6182e-05,2.8032,0.38854,0.76133,0.015692,0.01445,0.70443,254.13
0.96672,1.8293,5.9973,2.4769,3.8712,8.4542e-05,2.8038,0.38855,0.76133,0.015693,0.01445,0.70443,254.13
0.96673,1.8293,5.9987,2.4769,3.873,7.8176e-05,2.8052,0.38857,0.76132,0.015697,0.01445,0.70444,254.13
0.96674,1.8293,5.9991,2.4769,3.8734,7.6585e-05,2.8056,0.38857,0.76132,0.015696,0.01445,0.70444,254.13
0.96675,1.8294,5.9995,2.4769,3.8739,7.4523e-05,2.806,0.38855,0.76132,0.015696,0.01445,0.70445,254.13
0.96675,1.8294,6.0003,2.477,3.8747,7.0466e-05,2.8067,0.38856,0.76132,0.015699,0.01445,0.70445,254.13
0.96676,1.8295,6.0009,2.477,3.8755,6.7873e-05,2.8075,0.38855,0.76132,0.015698,0.01445,0.70445,254.14
0.96677,1.8297,6.0016,2.4769,3.8763,6.4317e-05,2.8081,0.38852,0.76132,0.015699,0.01445,0.70446,254.14
0.96678,1.8294,6.0021,2.477,3.8768,6.3775e-05,2.8085,0.38856,0.76131,0.015701,0.01445,0.70446,254.14
0.96679,1.8296,6.0021,2.4771,3.8769,6.3253e-05,2.8086,0.38853,0.76132,0.0157,0.01445,0.70446,254.14
0.96679,1.8296,6.0026,2.4772,3.8774,6.1817e-05,2.8092,0.38854,0.76131,0.015699,0.01445,0.70446,254.14
0.9668,1.8296,6.0029,2.4772,3.8779,6.1041e-05,2.8095,0.38856,0.76131,0.015702,0.01445,0.70446,254.15
0.96681,1.8296,6.0038,2.4772,3.8789,5.8881e-05,2.8104,0.38856,0.76131,0.015703,0.01445,0.70447,254.15
0.96682,1.8297,6.0041,2.4772,3.8793,5.7731e-05,2.8107,0.38855,0.76131,0.015703,0.01445,0.70447,254.15
0.96683,1.8297,6.0049,2.4772,3.8802,5.5215e-05,2.8115,0.38855,0.76131,0.015704,0.01445,0.70448,254.15
0.96683,1.8297,6.0052,2.4772,3.8805,5.426e-05,2.8118,0.38854,0.76131,0.015704,0.01445,0.70448,254.15
0.96684,1.8298,6.006,2.4773,3.8815,5.1668e-05,2.8127,0.38854,0.76131,0.015705,0.01445,0.70448,254.15
0.96685,1.8299,6.0083,2.4771,3.8841,4.333e-05,2.8148,0.38852,0.76131,0.015709,0.01445,0.7045,254.16
0.96686,1.8299,6.0083,2.4771,3.8841,4.333e-05,2.8148,0.38853,0.76131,0.015709,0.01445,0.7045,254.16
0.96687,1.8299,6.0087,2.4772,3.8845,4.0967e-05,2.8152,0.38853,0.7613,0.015708,0.01445,0.7045,254.16
0.96687,1.8299,6.0087,2.4771,3.8846,4.044e-05,2.8153,0.38853,0.76131,0.01571,0.01445,0.7045,254.16
0.96688,1.83,6.0095,2.4774,3.8856,3.8419e-05,2.8162,0.38853,0.76129,0.015709,0.01445,0.70451,254.16
0.96689,1.83,6.0096,2.4773,3.8857,3.7924e-05,2.8163,0.38853,0.7613,0.01571,0.01445,0.70451,254.16
0.9669,1.83,6.0102,2.4774,3.8864,3.5779e-05,2.8169,0.38853,0.7613,0.015711,0.01445,0.70451,254.17
0.96691,1.83,6.0107,2.4772,3.8869,3.3924e-05,2.8174,0.38853,0.76131,0.015714,0.01445,0.70451,254.17
0.96691,1.8301,6.011,2.4774,3.8873,3.3274e-05,2.8177,0.38853,0.7613,0.015712,0.01445,0.70451,254.17
0.96692,1.8303,6.0131,2.4775,3.8899,2.7712e-05,2.82,0.38852,0.76129,0.015716,0.01445,0.70453,254.17
0.96693,1.83,6.0132,2.4772,3.8897,2.6804e-05,2.8198,0.38854,0.7613,0.015715,0.01445,0.70453,254.17
0.96695,1.8302,6.013,2.4773,3.8897,2.6581e-05,2.8199,0.38851,0.76132,0.015714,0.01445,0.70453,254.18
0.96698,1.8302,6.0135,2.4777,3.8903,2.6381e-05,2.8205,0.38854,0.7613,0.015715,0.01445,0.70453,254.18
0.967,1.8304,6.014,2.4779,3.8909,2.6199e-05,2.8212,0.38851,0.7613,0.015715,0.01445,0.70453,254.19
0.96702,1.8306,6.0159,2.4785,3.8932,2.5369e-05,2.8232,0.38853,0.76127,0.015718,0.01445,0.70454,254.19
0.96705,1.8308,6.0166,2.4782,3.8942,2.464e-05,2.8241,0.38849,0.76131,0.015722,0.01445,0.70454,254.2
0.96707,1.8307,6.018,2.4787,3.8957,2.4055e-05,2.8255,0.38853,0.76128,0.015721,0.01445,0.70455,254.2
0.96709,1.8313,6.019,2.4789,3.8969,2.3333e-05,2.8264,0.38846,0.76128,0.015723,0.01445,0.70455,254.21
0.96712,1.8309,6.0199,2.4793,3.8978,2.3058e-05,2.8275,0.38853,0.76127,0.015724,0.01445,0.70455,254.21
0.96714,1.8312,6.0217,2.4793,3.9004,2.2351e-05,2.8297,0.38851,0.76127,0.015728,0.01445,0.70456,254.22
0.96716,1.8312,6.0234,2.4795,3.9022,2.1461e-05,2.8312,0.38852,0.76125,0.015727,0.01445,0.70457,254.22
0.96719,1.8313,6.0239,2.4791,3.9028,2.0885e-05,2.8319,0.38848,0.7613,0.015735,0.01445,0.70457,254.23
0.96721,1.8313,6.0271,2.4795,3.9065,1.8689e-05,2.835,0.38852,0.76125,0.015734,0.01445,0.70459,254.23
0.96723,1.8315,6.0272,2.4796,3.9066,1.8538e-05,2.8353,0.38849,0.76126,0.015734,0.01445,0.70459,254.24
0.96726,1.8314,6.0283,2.4801,3.9078,1.8033e-05,2.8364,0.38855,0.76123,0.015738,0.01445,0.7046,254.24
0.96728,1.8319,6.0283,2.4801,3.9079,1.7948e-05,2.8368,0.38847,0.76126,0.015737,0.01445,0.7046,254.25
0.9673,1.832,6.0294,2.4805,3.9092,1.7627e-05,2.8377,0.38848,0.76124,0.015737,0.01445,0.7046,254.25
0.96733,1.8317,6.0301,2.4804,3.91,1.7489e-05,2.8385,0.38852,0.76125,0.01574,0.01445,0.7046,254.26
0.96735,1.832,6.0315,2.4809,3.9118,1.7138e-05,2.8401,0.38851,0.76123,0.015741,0.01445,0.70461,254.26
0.96737,1.8322,6.0336,2.4811,3.9144,1.6526e-05,2.8423,0.38849,0.76123,0.015746,0.01445,0.70462,254.27
0.9674,1.8323,6.0372,2.4814,3.9184,0.00011188,2.8456,0.3885,0.76121,0.015755,0.01445,0.70464,254.27
0.96742,1.8323,6.038,2.4813,3.9193,0.00010972,2.8466,0.38851,0.76121,0.015753,0.01445,0.70464,254.28
0.96745,1.8326,6.038,2.4814,3.9194,0.00010932,2.8468,0.38846,0.76123,0.015751,0.01445,0.70464,254.28
0.96747,1.8324,6.0384,2.4815,3.9199,0.0001084,2.8473,0.38851,0.76123,0.015753,0.01445,0.70465,254.29
0.96749,1.8327,6.0395,2.482,3.9213,0.00010652,2.8486,0.38849,0.76121,0.015753,0.01445,0.70465,254.29
0.96752,1.8329,6.0413,2.4822,3.9236,0.00010284,2.8506,0.38848,0.7612,0.015758,0.01445,0.70465,254.3
0.96754,1.8328,6.0444,2.4822,3.9269,9.296e-05,2.8534,0.38851,0.76118,0.015766,0.01445,0.70468,254.3
0.96756,1.8331,6.0446,2.4823,3.9273,9.1684e-05,2.8539,0.38846,0.7612,0.015764,0.01445,0.70468,254.31
0.96759,1.8331,6.0466,2.4824,3.9298,8.6388e-05,2.856,0.3885,0.76119,0.015766,0.01445,0.70469,254.32
0.96759,1.8331,6.0467,2.4824,3.9298,8.6388e-05,2.8561,0.3885,0.76119,0.015766,0.01445,0.70469,254.32
0.96759,1.8331,6.047,2.4824,3.9302,8.6388e-05,2.8564,0.3885,0.76118,0.015766,0.01445,0.70469,254.32
0.9676,1.8334,6.047,2.4825,3.9302,8.5996e-05,2.8564,0.38844,0.76119,0.015765,0.01445,0.70469,254.32
0.9676,1.8332,6.0481,2.4824,3.9315,8.3796e-05,2.8575,0.38849,0.76118,0.015767,0.01445,0.70469,254.32
0.9676,1.8334,6.0482,2.4825,3.9316,8.2928e-05,2.8575,0.38845,0.76118,0.015767,0.01445,0.7047,254.32
0.9676,1.8334,6.0482,2.4825,3.9316,8.2928e-05,2.8575,0.38845,0.76118,0.015767,0.01445,0.7047,254.32
0.96761,1.8333,6.0491,2.4824,3.9327,7.8506e-05,2.8584,0.38846,0.76119,0.015769,0.01445,0.7047,254.32
0.96761,1.8332,6.0517,2.4823,3.9355,0.00014528,2.8607,0.38847,0.76118,0.015768,0.01445,0.70472,254.32
