1.0471,2.0488,5.1119,3.1803,2.939,0.41678,1.9051,0.39186,0.76406,0.014359,0.01445,0.69513,251.49
1.031,2.016,5.6255,3.0212,3.6774,0.3136,2.4998,0.38871,0.76246,0.016452,0.01445,0.69704,253.87
1.0793,2.0548,5.0223,3.2392,2.5697,0.496,1.6346,0.39378,0.76768,0.014959,0.01445,0.69703,251.91
1.0858,2.0975,5.0698,3.3856,2.5722,0.55951,1.6443,0.39608,0.76593,0.015052,0.01445,0.69716,253.16
1.0301,2.016,5.6315,3.0359,3.6897,0.32838,2.5048,0.3905,0.76325,0.016439,0.01445,0.69705,253.98
1.0292,2.0145,5.651,3.069,3.7165,0.34256,2.5243,0.39261,0.76286,0.015608,0.01445,0.69686,254.07
1.0283,2.0128,5.6673,3.0305,3.7451,0.33295,2.5462,0.39057,0.76441,0.015797,0.01445,0.69705,254.24
1.0867,2.1301,5.0521,3.4076,2.5499,0.54738,1.633,0.39183,0.7638,0.015191,0.01445,0.69706,253.21
1.0877,2.1465,5.0371,3.4788,2.5194,0.60186,1.6072,0.39492,0.76506,0.015321,0.01445,0.69724,253.38
1.0886,2.1683,5.035,3.5008,2.5109,0.60525,1.6015,0.39271,0.76423,0.01536,0.01445,0.69732,253.52
1.0895,2.204,4.925,3.6021,2.3752,0.66745,1.4883,0.39459,0.76442,0.01554,0.01445,0.69695,253.44
1.0905,2.2253,4.9229,3.625,2.3674,0.6764,1.483,0.39234,0.76451,0.015507,0.01445,0.69698,253.6
1.0914,2.2326,4.8312,3.6515,2.2573,0.68561,1.3974,0.39238,0.76424,0.015289,0.01445,0.69641,253.58
1.0923,2.2719,4.7648,3.7337,2.1703,0.75251,1.3173,0.39254,0.76629,0.01581,0.01445,0.69642,253.65
1.0932,2.2854,4.7673,3.7847,2.166,0.76722,1.3173,0.39354,0.76476,0.015709,0.01445,0.69628,253.83
1.0942,2.3116,4.7479,3.8187,2.1399,0.78045,1.3004,0.39187,0.76444,0.01558,0.01445,0.69629,253.99
1.0951,2.3128,4.7552,3.8348,2.1397,0.78953,1.3002,0.39238,0.76451,0.015595,0.01445,0.6963,254.21
1.096,2.3179,4.6882,3.8523,2.0562,0.80025,1.2278,0.3923,0.76451,0.015949,0.01445,0.69589,254.28
1.0282,2.0021,5.7532,3.0186,3.846,0.31057,2.6313,0.39094,0.76273,0.015644,0.01445,0.69722,254.22
1.0281,1.9745,5.7837,2.959,3.8826,0.28124,2.6601,0.39108,0.76297,0.01576,0.01445,0.69734,254.23
1.028,1.9625,5.7944,2.9331,3.8955,0.26505,2.671,0.39113,0.7627,0.015745,0.01445,0.69739,254.25
1.0279,1.9072,5.8162,2.8099,3.9217,0.2009,2.6927,0.39134,0.76274,0.015748,0.01445,0.69755,254.26
1.0278,1.8682,5.8263,2.7204,3.9344,0.15336,2.7035,0.39136,0.76267,0.015741,0.01445,0.69765,254.28
1.0277,1.8662,5.8271,2.7139,3.9361,0.15164,2.7045,0.39124,0.76284,0.015757,0.01445,0.69767,254.29
1.0276,1.8581,5.8305,2.6948,3.9412,0.14313,2.708,0.39121,0.76303,0.015817,0.01445,0.69769,254.31
1.0961,2.3367,4.3908,3.864,1.7184,0.81833,0.95208,0.39147,0.76485,0.015289,0.01445,0.69487,253.88
1.0962,2.3358,4.3884,3.8997,1.7123,0.83732,0.94533,0.39318,0.76491,0.015349,0.01445,0.69459,253.88
1.0963,2.3488,4.3636,3.9237,1.685,0.84822,0.92198,0.39221,0.76506,0.015536,0.01445,0.69429,253.87
1.0964,2.3435,4.3592,3.9277,1.6786,0.84908,0.91618,0.39305,0.76485,0.015547,0.01445,0.69416,253.89
1.0965,2.3473,4.3545,3.9302,1.6722,0.85164,0.91071,0.39253,0.76506,0.015554,0.01445,0.69417,253.91
1.0966,2.3427,4.3314,3.9384,1.6453,0.85409,0.88841,0.39359,0.76475,0.015587,0.01445,0.69389,253.91
1.0968,2.3499,4.3272,3.9418,1.6395,0.85857,0.88357,0.39266,0.76517,0.015588,0.01445,0.69396,253.93
1.0969,2.3496,4.3077,3.9515,1.6167,0.86057,0.86557,0.39326,0.76475,0.015605,0.01445,0.69376,253.94
1.097,2.3552,4.304,3.9543,1.6116,0.86477,0.86103,0.39259,0.76514,0.015604,0.01445,0.69382,253.96
1.0971,2.3496,4.2871,3.9583,1.5917,0.86474,0.8446,0.39361,0.76475,0.015615,0.01445,0.6936,253.97
1.0972,2.3568,4.2841,3.963,1.5869,0.87053,0.84032,0.39274,0.76525,0.01562,0.01445,0.69368,253.99
1.0973,2.3564,4.2802,3.9649,1.5822,0.86958,0.83659,0.39302,0.7649,0.015623,0.01445,0.69364,254.01
1.0974,2.36,4.2768,3.9668,1.5776,0.87249,0.83257,0.39262,0.76513,0.015625,0.01445,0.69367,254.03
1.0975,2.3619,4.2588,3.9734,1.5558,0.88201,0.81348,0.3928,0.76578,0.015646,0.01445,0.69359,254.04
1.0976,2.3671,4.2435,3.9892,1.537,0.88663,0.79873,0.39288,0.76534,0.01565,0.01445,0.69348,254.06
1.0977,2.3689,4.2362,3.9926,1.5281,0.88712,0.79103,0.39278,0.76513,0.015655,0.01445,0.69344,254.07
1.0978,2.3702,4.2255,3.9984,1.5153,0.88901,0.78094,0.39302,0.76493,0.015677,0.01445,0.69335,254.09
1.0979,2.3734,4.2235,4.0017,1.5121,0.89276,0.77784,0.39269,0.7652,0.015679,0.01445,0.69337,254.11
1.098,2.3729,4.2208,4.0036,1.5088,0.89307,0.77526,0.39303,0.76501,0.015682,0.01445,0.69334,254.13
1.0982,2.3786,4.2147,4.0187,1.4999,0.90197,0.76768,0.39294,0.76516,0.015685,0.01445,0.69331,254.15
1.0983,2.3836,4.2014,4.0324,1.4838,0.90956,0.75458,0.39312,0.76512,0.015709,0.01445,0.69323,254.17
1.0984,2.3873,4.1995,4.0351,1.4811,0.91097,0.75243,0.39272,0.76517,0.015714,0.01445,0.69325,254.19
1.0985,2.3868,4.1906,4.0424,1.4704,0.91398,0.74381,0.39334,0.76497,0.015727,0.01445,0.69315,254.21
1.0986,2.3921,4.1894,4.0477,1.4678,0.91883,0.74156,0.39277,0.76529,0.01573,0.01445,0.69319,254.23
1.0987,2.3927,4.1881,4.0532,1.4655,0.92062,0.7401,0.39304,0.76513,0.015734,0.01445,0.69317,254.25
1.0988,2.4718,4.1299,4.2283,1.3978,1.02,0.68215,0.39266,0.76583,0.015772,0.01445,0.69281,254.26
1.0989,2.4716,4.1301,4.2348,1.3979,1.018,0.68356,0.39313,0.76513,0.015774,0.01445,0.69274,254.28
1.099,2.869,4.1304,5.1143,1.3975,1.4819,0.68221,0.39181,0.76519,0.0158,0.01445,0.69249,254.3
1.0991,2.869,4.1318,5.1179,1.3978,1.4839,0.68228,0.39195,0.7652,0.0158,0.01445,0.69249,254.32
1.0276,1.8366,5.8329,2.6467,3.9439,0.11602,2.7111,0.39128,0.7628,0.015764,0.01445,0.69773,254.31
1.0276,1.7392,5.8381,2.4297,3.95,0.0003615,2.7168,0.39148,0.76264,0.015785,0.01445,0.69783,254.3
1.0276,1.7392,5.8381,2.4297,3.9504,0.00073569,2.717,0.39149,0.76268,0.015785,0.01445,0.69783,254.3
1.0276,1.7386,5.8382,2.4282,3.9504,0.00016795,2.7171,0.39148,0.76271,0.015785,0.01445,0.69784,254.3
1.0275,1.7384,5.8382,2.4278,3.9505,5.8384e-05,2.7171,0.39148,0.76272,0.015785,0.01445,0.69784,254.31
1.0275,1.7384,5.8382,2.4278,3.9506,0.00022549,2.7172,0.39148,0.76273,0.015785,0.01445,0.69784,254.31
1.0275,1.7383,5.8382,2.4274,3.9506,4.2014e-05,2.7172,0.39148,0.76273,0.015785,0.01445,0.69784,254.31
1.0275,1.7383,5.8382,2.4274,3.9507,4.312e-05,2.7172,0.39148,0.76274,0.015785,0.01445,0.69784,254.31
1.0275,1.7382,5.8382,2.4273,3.9508,3.715e-05,2.7172,0.39148,0.76274,0.015785,0.01445,0.69784,254.31
1.0275,1.7382,5.8382,2.4273,3.9509,8.7324e-05,2.7173,0.39148,0.76275,0.015785,0.01445,0.69784,254.32
1.0275,1.7381,5.8382,2.4271,3.951,5.286e-05,2.7173,0.39148,0.76275,0.015785,0.01445,0.69784,254.32
1.0991,2.868,4.129,5.1241,1.3946,1.4868,0.679,0.39239,0.76513,0.015797,0.01445,0.69241,254.31
1.0991,2.8683,4.1269,5.1229,1.3921,1.4868,0.67673,0.39211,0.7653,0.015795,0.01445,0.69239,254.32
1.0991,2.8673,4.1248,5.1253,1.3896,1.4868,0.67459,0.39236,0.76512,0.015794,0.01445,0.69234,254.32
