0.94083,2.0408,4.9758,3.1948,2.6528,0.45295,1.6797,0.39258,0.76487,0.01419,0.01445,0.69543,250.7
0.93772,2.0557,5.0288,3.2508,2.7215,0.49994,1.7256,0.39312,0.76592,0.014627,0.01445,0.69519,251.15
0.9346,2.0731,5.0889,3.3013,2.7997,0.53642,1.7811,0.39318,0.76586,0.014436,0.01445,0.69513,251.92
0.93149,2.0979,5.1623,3.3828,2.8957,0.59644,1.8482,0.39364,0.76697,0.015007,0.01445,0.69489,252.96
0.92837,2.1282,5.2447,3.4687,3.0008,0.65552,1.9252,0.39415,0.76747,0.015078,0.01445,0.69485,254.27
0.94707,2.0755,4.9383,3.2576,2.6046,0.45377,1.6583,0.39247,0.76407,0.014545,0.01445,0.69556,250.71
0.95018,2.1277,4.9301,3.3527,2.5938,0.48786,1.6591,0.39175,0.76356,0.014395,0.01445,0.69579,251.22
0.9533,2.1671,4.7755,3.4064,2.394,0.50758,1.5071,0.39073,0.76296,0.014678,0.01445,0.69581,251.94
0.95641,2.2048,4.7802,3.5041,2.3999,0.54277,1.5199,0.39166,0.76287,0.014765,0.01445,0.69574,253.06
0.95714,2.236,4.767,3.5503,2.3858,0.55756,1.5128,0.39039,0.76207,0.014853,0.01445,0.69581,253.35
0.95788,2.2401,4.7644,3.5658,2.3792,0.56644,1.5085,0.39101,0.7624,0.014987,0.01445,0.69591,253.66
0.95861,2.0108,4.5678,3.0436,2.1269,0.29611,1.3083,0.3911,0.76219,0.015241,0.01445,0.69568,253.86
0.95935,2.0164,4.5677,3.0544,2.1268,0.29916,1.3102,0.3911,0.76229,0.015257,0.01445,0.69571,254.2
0.92829,2.1567,5.3525,3.5218,3.137,0.67759,2.0385,0.39352,0.76705,0.015374,0.01445,0.69528,254.25
0.92821,2.1761,5.4067,3.557,3.2053,0.68521,2.0964,0.3931,0.76578,0.015359,0.01445,0.69553,254.27
0.92812,2.1819,5.4199,3.5688,3.222,0.69168,2.1101,0.39308,0.76579,0.015365,0.01445,0.69559,254.31
0.95943,2.0007,4.5539,3.0159,2.1092,0.27823,1.2969,0.39101,0.76215,0.015313,0.01445,0.69574,254.23
0.95952,1.9613,4.5484,2.9233,2.1019,0.23076,1.2915,0.39088,0.76234,0.015371,0.01445,0.6958,254.26
0.9596,1.961,4.548,2.9258,2.1014,0.22991,1.2914,0.39108,0.76207,0.01535,0.01445,0.69579,254.3
0.9281,2.2272,5.4247,3.6707,3.2277,0.74511,2.1145,0.39301,0.76578,0.015371,0.01445,0.69557,254.32
0.95962,1.9431,4.5434,2.8853,2.0955,0.20869,1.287,0.39112,0.76203,0.015348,0.01445,0.69581,254.31
0.95965,1.9202,4.5423,2.833,2.0944,0.18135,1.2861,0.39118,0.76201,0.015344,0.01445,0.69585,254.32
0.9281,2.3546,5.4214,3.9584,3.2233,0.89667,2.1103,0.39287,0.76581,0.015369,0.01445,0.69543,254.31
0.9281,2.5433,5.4149,4.3842,3.2149,1.1197,2.1025,0.39256,0.76572,0.015373,0.01445,0.69521,254.31
0.92809,2.5743,5.4136,4.4541,3.2132,1.1566,2.101,0.39252,0.76574,0.015374,0.01445,0.69518,254.31
0.92809,2.592,5.413,4.4942,3.2124,1.1776,2.1003,0.3925,0.76573,0.015374,0.01445,0.69516,254.31
0.92809,2.5994,5.4128,4.511,3.2121,1.1863,2.1,0.39248,0.76572,0.015373,0.01445,0.69515,254.31
0.92809,2.6082,5.4126,4.5308,3.2119,1.1968,2.0997,0.39247,0.76572,0.015375,0.01445,0.69514,254.31
0.92808,2.6135,5.4125,4.5429,3.2118,1.2031,2.0995,0.39247,0.76572,0.015375,0.01445,0.69513,254.31
0.92808,2.6155,5.4125,4.5473,3.2118,1.2054,2.0995,0.39246,0.76571,0.015375,0.01445,0.69513,254.32
0.92808,2.6215,5.4124,4.5609,3.2116,1.2126,2.0993,0.39245,0.76572,0.015376,0.01445,0.69512,254.32
0.92808,2.6215,5.4124,4.561,3.2116,1.2127,2.0994,0.39246,0.76572,0.015376,0.01445,0.69512,254.32
0.92808,2.6218,5.4125,4.5616,3.2117,1.213,2.0994,0.39245,0.76572,0.015376,0.01445,0.69512,254.32
0.92807,2.6224,5.4125,4.5631,3.2118,1.2138,2.0995,0.39245,0.76572,0.015376,0.01445,0.69512,254.32
0.95965,1.8888,4.5409,2.7549,2.0932,0.1404,1.2859,0.39085,0.76199,0.015327,0.01445,0.69594,254.32
0.95965,1.8888,4.5409,2.7555,2.0934,0.14066,1.2859,0.39088,0.76199,0.015327,0.01445,0.69594,254.32
0.95966,1.8788,4.5423,2.7388,2.0942,0.1323,1.2864,0.39117,0.76207,0.015347,0.01445,0.69592,254.32
0.95966,1.8196,4.5433,2.6037,2.095,0.061919,1.2873,0.39115,0.76211,0.015358,0.01445,0.69603,254.31
0.95966,1.7707,4.5454,2.4968,2.0983,0.0058096,1.2903,0.39139,0.76214,0.015344,0.01445,0.69607,254.3
0.95966,1.7707,4.546,2.4971,2.0987,0.0058831,1.2904,0.39138,0.76212,0.015344,0.01445,0.69607,254.3
0.95967,1.7711,4.5462,2.4985,2.0992,0.0061018,1.2907,0.39141,0.76204,0.015342,0.01445,0.69606,254.31
0.95967,1.7704,4.5466,2.4961,2.0996,0.0040385,1.2914,0.39137,0.76194,0.015351,0.01445,0.69608,254.31
0.95967,1.7707,4.5463,2.4956,2.0991,0.0038027,1.2911,0.39132,0.76194,0.015351,0.01445,0.69609,254.31
0.95967,1.7673,4.5441,2.4887,2.0962,0.00061906,1.2887,0.39136,0.76198,0.015346,0.01445,0.69608,254.31
0.95968,1.7676,4.5449,2.4893,2.0973,0.00059628,1.2896,0.39136,0.76195,0.015353,0.01445,0.69609,254.31
0.95968,1.7677,4.5451,2.4895,2.0975,0.00058742,1.2898,0.39136,0.76193,0.015354,0.01445,0.69609,254.31
0.95968,1.7677,4.5452,2.4889,2.0976,0.00038933,1.2899,0.39135,0.76194,0.015357,0.01445,0.6961,254.31
0.95968,1.7677,4.5452,2.489,2.0976,0.00038359,1.2899,0.39136,0.76193,0.015357,0.01445,0.6961,254.31
0.95968,1.7677,4.5452,2.489,2.0975,0.00037241,1.2898,0.39135,0.76193,0.015358,0.01445,0.6961,254.31
0.95969,1.7677,4.5451,2.4889,2.0974,0.0003525,1.2897,0.39135,0.76193,0.015358,0.01445,0.6961,254.31
0.95969,1.7677,4.5451,2.4888,2.0973,0.00033894,1.2897,0.39135,0.76193,0.015359,0.01445,0.6961,254.32
0.95969,1.7677,4.5449,2.4888,2.0971,0.00030705,1.2895,0.39135,0.76193,0.015359,0.01445,0.6961,254.32
0.95969,1.7677,4.5448,2.4888,2.097,0.00028251,1.2895,0.39135,0.76193,0.01536,0.01445,0.6961,254.32
0.9597,1.7677,4.5447,2.4887,2.0969,0.00026635,1.2894,0.39134,0.76193,0.01536,0.01445,0.6961,254.32
