0.94585,2.0469,4.984,3.2077,2.6621,0.45553,1.6968,0.39264,0.76483,0.014165,0.01445,0.69548,250.71
0.94272,2.0623,5.0376,3.2584,2.7308,0.49042,1.7541,0.39276,0.76516,0.014599,0.01445,0.69531,251.18
0.93958,2.0818,5.1382,3.313,2.8591,0.5251,1.8603,0.39287,0.7652,0.014576,0.01445,0.69545,251.94
0.93645,2.0736,5.3974,3.2822,3.185,0.50994,2.1314,0.39263,0.76498,0.014993,0.01445,0.69648,252.88
0.93332,2.0999,5.485,3.3548,3.2961,0.5597,2.2236,0.39302,0.76562,0.015051,0.01445,0.69655,254.19
0.95211,2.0719,4.9408,3.2501,2.6091,0.45723,1.6507,0.39253,0.76454,0.0146,0.01445,0.69553,250.73
0.95524,2.1343,4.9419,3.375,2.6119,0.50793,1.6531,0.39197,0.76392,0.014339,0.01445,0.69566,251.3
0.95838,2.1758,4.9231,3.4587,2.5895,0.53369,1.6363,0.39169,0.76297,0.014586,0.01445,0.69567,252.18
0.96151,2.1278,4.5452,3.3377,2.1075,0.48418,1.2422,0.39104,0.76395,0.014962,0.01445,0.69456,252.95
0.96464,2.0005,4.2946,3.067,1.7893,0.33367,0.98596,0.3918,0.76312,0.015341,0.01445,0.69362,254.2
0.93324,2.1004,5.5937,3.3425,3.4326,0.54464,2.3386,0.39248,0.76488,0.015338,0.01445,0.69704,254.18
0.93315,2.0989,5.6169,3.336,3.4614,0.54142,2.3625,0.39244,0.76488,0.015356,0.01445,0.69717,254.21
0.93307,2.0977,5.6241,3.3332,3.4705,0.53967,2.3701,0.39244,0.76484,0.015366,0.01445,0.69719,254.25
0.93299,2.0944,5.6313,3.3253,3.4799,0.53581,2.3781,0.39244,0.76488,0.015373,0.01445,0.69722,254.29
0.96473,2.0001,4.2944,3.0688,1.7894,0.33357,0.98602,0.39196,0.76303,0.015337,0.01445,0.6936,254.24
0.96481,1.9968,4.2937,3.0612,1.7883,0.32898,0.98502,0.39191,0.76301,0.01535,0.01445,0.6936,254.28
0.9649,1.8201,4.2881,2.6585,1.7813,0.11682,0.98092,0.39196,0.76291,0.015363,0.01445,0.69384,254.31
0.93297,1.9284,5.6448,2.9507,3.497,0.33831,2.3931,0.39267,0.7648,0.015376,0.01445,0.69745,254.29
0.93294,1.928,5.6452,2.9499,3.4974,0.33798,2.3935,0.39267,0.7648,0.015379,0.01445,0.69745,254.3
0.93292,1.9276,5.6457,2.9492,3.4981,0.33766,2.394,0.39268,0.7648,0.015381,0.01445,0.69745,254.31
0.96492,1.7694,4.2894,2.547,1.783,0.058777,0.98244,0.39225,0.76295,0.015377,0.01445,0.69391,254.32
0.93292,1.924,5.6468,2.941,3.4994,0.33335,2.3953,0.39268,0.7648,0.015384,0.01445,0.69746,254.32
0.93292,1.9209,5.6471,2.934,3.4998,0.3296,2.3956,0.39268,0.76479,0.015384,0.01445,0.69746,254.32
0.93291,1.9055,5.6478,2.8993,3.5008,0.31141,2.3965,0.39271,0.76481,0.015384,0.01445,0.69748,254.32
0.93291,1.9042,5.6481,2.8965,3.5011,0.30981,2.3967,0.39271,0.76479,0.015384,0.01445,0.69748,254.32
0.93291,1.8903,5.649,2.865,3.5022,0.29338,2.3977,0.39273,0.76479,0.015385,0.01445,0.69751,254.32
0.96492,1.7565,4.2899,2.5182,1.7837,0.043441,0.98308,0.39227,0.76293,0.015375,0.01445,0.69393,254.32
0.96492,1.7425,4.2907,2.4868,1.7845,0.026738,0.98376,0.3923,0.76289,0.015377,0.01445,0.69395,254.32
0.96493,1.7196,4.291,2.4354,1.7849,3.3423e-06,0.98421,0.39235,0.76292,0.015375,0.01445,0.69398,254.32
