0.98052,2.0361,4.9681,3.1437,2.7698,0.4082,1.7702,0.3936,0.76378,0.012634,0.01445,0.69533,253.27
1.0107,2.0565,5.043,3.2624,2.5891,0.48761,1.6525,0.39439,0.76558,0.015309,0.01445,0.6966,252.2
0.97461,2.0618,5.1091,3.2019,3.0144,0.42113,1.9551,0.39174,0.76347,0.01535,0.01445,0.69476,253.23
1.0168,2.0955,5.1004,3.3968,2.6008,0.54964,1.6688,0.39664,0.76424,0.015373,0.01445,0.69679,253.75
0.97377,2.0569,5.2315,3.1828,3.1715,0.40973,2.0825,0.39164,0.76348,0.015312,0.01445,0.69531,253.39
0.97294,2.0551,5.242,3.1734,3.1919,0.40345,2.0981,0.39151,0.76326,0.01543,0.01445,0.6954,253.6
0.9721,2.0269,5.3413,3.1,3.3222,0.36381,2.2043,0.39138,0.76324,0.015507,0.01445,0.69587,253.79
0.97127,1.9901,5.4009,2.9932,3.4032,0.31103,2.2712,0.39093,0.76339,0.015639,0.01445,0.69644,254.01
0.97043,1.879,5.4142,2.7626,3.428,0.18485,2.2894,0.3917,0.76312,0.015647,0.01445,0.6963,254.22
1.0177,2.1509,5.0846,3.4367,2.5785,0.57006,1.6579,0.39151,0.76461,0.015514,0.01445,0.69719,253.87
1.0185,2.151,5.0935,3.4546,2.5782,0.5792,1.6579,0.39219,0.76457,0.015515,0.01445,0.69722,254.12
0.97033,1.8251,5.4191,2.6406,3.4352,0.12103,2.2952,0.39169,0.76319,0.015654,0.01445,0.69636,254.24
0.97024,1.8202,5.4188,2.6281,3.4358,0.11435,2.2953,0.39159,0.76318,0.01569,0.01445,0.69637,254.27
0.97014,1.815,5.42,2.6179,3.438,0.10785,2.2969,0.39168,0.76304,0.015664,0.01445,0.69637,254.3
1.0186,2.139,5.0238,3.4505,2.4926,0.57258,1.5894,0.39355,0.7638,0.015587,0.01445,0.69685,254.03
1.0187,2.1482,5.0097,3.4515,2.4748,0.57849,1.5745,0.39235,0.76447,0.015595,0.01445,0.69694,254.03
1.0188,2.1429,4.9544,3.4487,2.4073,0.57491,1.5191,0.39294,0.76395,0.015579,0.01445,0.6967,253.98
1.0189,2.1646,4.9049,3.463,2.3472,0.60123,1.4674,0.39165,0.76578,0.0156,0.01445,0.6969,253.97
1.019,2.1574,4.8983,3.4727,2.3368,0.59551,1.459,0.39292,0.7643,0.015593,0.01445,0.6967,253.97
1.0191,2.1707,4.8476,3.4863,2.2769,0.60517,1.4093,0.39182,0.76461,0.015595,0.01445,0.69654,253.95
1.0192,2.1648,4.8394,3.4937,2.2645,0.60719,1.3989,0.3929,0.76432,0.015591,0.01445,0.6964,253.97
1.0193,2.1791,4.8005,3.5043,2.2183,0.61742,1.3612,0.3918,0.76479,0.015603,0.01445,0.69638,253.97
1.0194,2.1767,4.7925,3.5186,2.2074,0.62167,1.3521,0.3929,0.76429,0.015599,0.01445,0.69621,253.99
1.0195,2.1849,4.76,3.524,2.1674,0.63251,1.3182,0.39196,0.76533,0.015599,0.01445,0.69617,254
1.0196,2.1768,4.7541,3.5245,2.1595,0.62546,1.3121,0.39302,0.76433,0.015596,0.01445,0.696,254.02
1.0197,2.1796,4.7409,3.5298,2.1415,0.63084,1.2968,0.39261,0.76475,0.015604,0.01445,0.69595,254.04
1.0198,2.1815,4.7109,3.5374,2.1056,0.62935,1.269,0.39241,0.76429,0.015612,0.01445,0.69569,254.05
1.0199,2.1833,4.6846,3.5456,2.0721,0.64086,1.2387,0.39272,0.76489,0.015616,0.01445,0.69562,254.07
1.02,2.1857,4.671,3.5489,2.0552,0.64077,1.225,0.3925,0.76465,0.015622,0.01445,0.69556,254.09
1.0201,2.1815,4.651,3.5493,2.031,0.63844,1.2063,0.39312,0.76432,0.015631,0.01445,0.69539,254.12
1.0202,2.1863,4.6481,3.5515,2.0264,0.64292,1.2022,0.3925,0.76477,0.015633,0.01445,0.69544,254.14
1.0203,2.1849,4.6448,3.5524,2.0221,0.64148,1.1989,0.39284,0.76446,0.015635,0.01445,0.69539,254.17
1.0204,2.1873,4.6424,3.5548,2.0178,0.64408,1.195,0.39252,0.76466,0.015639,0.01445,0.69542,254.2
1.0205,2.1864,4.639,3.5552,2.0135,0.64364,1.1917,0.3928,0.7645,0.015644,0.01445,0.69538,254.23
1.0206,2.1884,4.6368,3.5576,2.0093,0.64576,1.1881,0.39253,0.76465,0.01565,0.01445,0.6954,254.25
1.0207,2.185,4.6238,3.5591,1.9928,0.64504,1.1752,0.39311,0.76441,0.015675,0.01445,0.69528,254.28
1.0208,2.1896,4.6214,3.5607,1.9891,0.64847,1.1719,0.3925,0.76477,0.01568,0.01445,0.69533,254.31
0.97013,1.815,5.42,2.6179,3.438,0.10806,2.2971,0.39168,0.76307,0.015664,0.01445,0.69637,254.3
0.97012,1.7896,5.4239,2.5609,3.4432,0.078329,2.3014,0.39172,0.76311,0.015682,0.01445,0.6964,254.3
0.97011,1.723,5.4253,2.4113,3.4452,0.0003719,2.3033,0.39184,0.76318,0.015684,0.01445,0.69648,254.3
0.9701,1.7233,5.4262,2.4116,3.4464,0.0003683,2.3044,0.39182,0.76316,0.015693,0.01445,0.69649,254.3
0.97009,1.7235,5.4265,2.4118,3.4469,0.00036526,2.3047,0.39182,0.76314,0.015691,0.01445,0.69649,254.3
0.97008,1.7232,5.4268,2.4109,3.4472,1.7179e-05,2.3051,0.39182,0.76315,0.015693,0.01445,0.6965,254.3
0.97007,1.7233,5.427,2.411,3.4476,8.5411e-07,2.3053,0.39182,0.76314,0.015694,0.01445,0.6965,254.31
0.97006,1.7235,5.4278,2.411,3.4486,8.4788e-07,2.3061,0.39179,0.76314,0.015691,0.01445,0.69651,254.31
0.97005,1.7233,5.4279,2.4109,3.4488,4.6688e-05,2.3063,0.39182,0.76315,0.015696,0.01445,0.69651,254.31
0.97005,1.7233,5.4284,2.4109,3.4495,4.6359e-05,2.3068,0.39181,0.76315,0.015698,0.01445,0.69651,254.31
0.97004,1.7234,5.4286,2.411,3.4499,4.6114e-05,2.3071,0.39181,0.76315,0.015699,0.01445,0.69651,254.32
1.0208,2.193,4.5974,3.5743,1.9593,0.65449,1.1468,0.3928,0.76449,0.015701,0.01445,0.69521,254.3
1.0208,2.193,4.5974,3.5743,1.9593,0.65464,1.1469,0.3928,0.76451,0.015701,0.01445,0.69521,254.31
1.0208,2.1946,4.5925,3.5746,1.9533,0.65667,1.1417,0.39259,0.76473,0.015704,0.01445,0.69521,254.31
1.0208,2.2022,4.5883,3.5934,1.9482,0.66519,1.1376,0.39266,0.76455,0.015706,0.01445,0.69517,254.31
1.0208,2.2048,4.5853,3.5981,1.9444,0.66874,1.1344,0.39259,0.76467,0.015706,0.01445,0.69517,254.31
1.0209,2.2084,4.5819,3.6074,1.9403,0.67313,1.131,0.39265,0.7646,0.015707,0.01445,0.69514,254.32
1.0209,2.226,4.5721,3.6439,1.9284,0.69386,1.121,0.39244,0.76479,0.015707,0.01445,0.6951,254.32
