0.94296,2.0435,4.9791,3.1996,2.6565,0.45367,1.6871,0.39261,0.76486,0.014172,0.01445,0.69545,250.71
0.93984,2.0548,5.0339,3.244,2.7278,0.48855,1.7404,0.39287,0.76528,0.014602,0.01445,0.69526,251.17
0.93671,2.073,5.108,3.2968,2.8222,0.52802,1.8138,0.39311,0.7657,0.014502,0.01445,0.69528,251.95
0.93359,2.1048,5.1989,3.3912,2.9393,0.59164,1.9044,0.39352,0.76668,0.014991,0.01445,0.69516,253.01
0.93047,2.1466,5.3183,3.5023,3.091,0.65804,2.0255,0.39392,0.76687,0.015078,0.01445,0.69525,254.31
0.9492,2.046,4.8721,3.1764,2.5207,0.41518,1.5855,0.3917,0.76391,0.014472,0.01445,0.69548,250.69
0.95232,2.0747,4.7926,3.2343,2.4195,0.43522,1.5066,0.39158,0.76371,0.014657,0.01445,0.69532,251.16
0.95545,2.0929,4.6991,3.2686,2.2999,0.44173,1.4149,0.39168,0.76319,0.014705,0.01445,0.69518,251.93
0.95857,2.1505,4.6763,3.3811,2.2692,0.49056,1.3958,0.39155,0.76307,0.01482,0.01445,0.69542,253.04
0.95931,1.8341,4.4778,2.6741,2.0182,0.12007,1.1939,0.39173,0.76273,0.015075,0.01445,0.69493,253.23
0.96004,1.8181,4.4567,2.6354,1.9914,0.098181,1.1734,0.39176,0.76277,0.015154,0.01445,0.69494,253.53
0.96078,1.8156,4.4344,2.6298,1.9627,0.091986,1.1515,0.39184,0.76263,0.015228,0.01445,0.69489,253.84
0.96151,1.8204,4.4304,2.6402,1.9589,0.094327,1.1498,0.39187,0.76266,0.015246,0.01445,0.69487,254.18
0.93039,2.1735,5.5098,3.5329,3.3311,0.65942,2.2265,0.39285,0.76553,0.015318,0.01445,0.69623,254.22
0.93031,2.176,5.5558,3.5309,3.3884,0.65633,2.2747,0.39267,0.76528,0.015354,0.01445,0.69649,254.26
0.93022,2.1757,5.5627,3.5297,3.3974,0.65583,2.2825,0.39266,0.76529,0.01537,0.01445,0.69652,254.29
0.9616,1.8148,4.4139,2.6267,1.9365,0.087904,1.1316,0.39189,0.76265,0.015327,0.01445,0.69487,254.21
0.96168,1.7714,4.4006,2.5277,1.9198,0.035263,1.1188,0.39189,0.76253,0.015326,0.01445,0.69488,254.24
0.96177,1.7685,4.3953,2.5193,1.9129,0.030539,1.1133,0.39179,0.7625,0.015344,0.01445,0.69489,254.28
0.9302,2.177,5.5669,3.5328,3.4025,0.65716,2.2864,0.39266,0.76525,0.015374,0.01445,0.69653,254.3
0.93017,2.1787,5.5687,3.5364,3.4048,0.659,2.2884,0.39265,0.76523,0.015377,0.01445,0.69653,254.32
0.96179,1.7603,4.3904,2.5013,1.9067,0.02121,1.1084,0.39187,0.76248,0.015355,0.01445,0.69488,254.3
0.96182,1.7442,4.3873,2.4651,1.9026,0.0019586,1.1053,0.39187,0.76245,0.015359,0.01445,0.6949,254.31
0.96184,1.7435,4.3871,2.4637,1.9022,0.0010898,1.105,0.39188,0.76244,0.015362,0.01445,0.6949,254.32
0.93017,2.1827,5.5702,3.5455,3.4066,0.66377,2.2898,0.39265,0.76524,0.015376,0.01445,0.69654,254.32
0.93017,2.1938,5.5705,3.5706,3.4068,0.67685,2.2899,0.39262,0.76522,0.015378,0.01445,0.69653,254.32
0.96184,1.7426,4.3871,2.4617,1.9022,1.1972e-05,1.1051,0.39189,0.76243,0.015362,0.01445,0.6949,254.32
0.96184,1.7427,4.3871,2.4616,1.9023,8.6288e-06,1.1051,0.39187,0.76244,0.015362,0.01445,0.6949,254.32
0.96185,1.7427,4.3871,2.4618,1.9023,8.6166e-06,1.1051,0.39188,0.76243,0.015362,0.01445,0.6949,254.32
