0.95381,2.0514,4.9782,3.2175,2.6547,0.46016,1.7,0.39287,0.76519,0.01413,0.01445,0.69552,250.73
0.95065,2.0687,5.0252,3.2658,2.7152,0.48226,1.7621,0.39264,0.76466,0.014579,0.01445,0.69538,251.17
0.9475,2.0743,5.2725,3.255,3.0234,0.47569,2.0264,0.39214,0.76436,0.014751,0.01445,0.69664,251.83
0.94434,2.0591,5.4267,3.2171,3.2171,0.45563,2.1981,0.39204,0.76418,0.015,0.01445,0.6972,252.81
0.94118,2.0675,5.5052,3.2438,3.3148,0.47896,2.2913,0.39246,0.76492,0.015371,0.01445,0.69738,254.07
0.96013,2.0728,4.951,3.258,2.6224,0.46903,1.65,0.39282,0.76482,0.014619,0.01445,0.69549,250.72
0.96329,2.1297,4.9556,3.3727,2.6324,0.51166,1.6501,0.39189,0.76364,0.014235,0.01445,0.69546,251.28
0.96644,2.1627,4.9693,3.4553,2.6513,0.55805,1.6484,0.39269,0.76468,0.014626,0.01445,0.69545,252.19
0.9696,2.2287,4.9708,3.5894,2.6565,0.60989,1.6442,0.39178,0.76334,0.014697,0.01445,0.69542,253.42
0.97276,2.241,4.5065,3.6315,2.0643,0.64568,1.1575,0.39191,0.76375,0.015196,0.01445,0.69361,254.15
0.9411,2.053,5.574,3.202,3.4017,0.45027,2.3639,0.39211,0.76424,0.015316,0.01445,0.69771,254.09
0.94101,1.7622,5.5952,2.5405,3.4286,0.10396,2.3885,0.39228,0.76435,0.015354,0.01445,0.69817,254.11
0.94093,1.7613,5.5957,2.5415,3.4294,0.10334,2.3895,0.39242,0.76419,0.015347,0.01445,0.69816,254.14
0.94085,1.7605,5.5972,2.5404,3.4311,0.10268,2.3913,0.39243,0.76417,0.015357,0.01445,0.69815,254.18
0.94076,1.7596,5.599,2.5386,3.4334,0.10175,2.3936,0.39243,0.76417,0.015367,0.01445,0.69815,254.22
0.94068,1.7556,5.6045,2.5292,3.4403,0.097099,2.3996,0.39242,0.7642,0.01539,0.01445,0.69818,254.25
0.9406,1.7549,5.6059,2.5282,3.442,0.096503,2.4014,0.39245,0.76418,0.015388,0.01445,0.69818,254.29
0.97285,2.2141,4.3078,3.5836,1.8124,0.62859,0.95545,0.39203,0.76399,0.015319,0.01445,0.69263,254.09
0.97293,2.2029,4.2888,3.5618,1.7883,0.61664,0.93611,0.39215,0.76389,0.015345,0.01445,0.69253,254.12
0.97302,2.1044,4.2711,3.3406,1.7659,0.50012,0.91888,0.39233,0.7638,0.015365,0.01445,0.69257,254.16
0.9731,2.1048,4.2705,3.3415,1.7653,0.5002,0.91826,0.39233,0.76379,0.015371,0.01445,0.69256,254.19
0.97319,2.1052,4.2662,3.3427,1.7597,0.50093,0.91343,0.39235,0.7638,0.015394,0.01445,0.69255,254.23
0.97328,2.1064,4.2652,3.3446,1.7587,0.50179,0.91253,0.39232,0.7638,0.015383,0.01445,0.69255,254.27
0.97336,2.1074,4.2625,3.3476,1.7553,0.5033,0.90942,0.39236,0.76381,0.015401,0.01445,0.69252,254.31
0.94058,1.7506,5.6093,2.518,3.4464,0.090788,2.4053,0.39243,0.76414,0.015397,0.01445,0.6982,254.3
0.94055,1.7329,5.6143,2.4777,3.4527,0.069824,2.4108,0.39247,0.76417,0.015396,0.01445,0.69824,254.31
0.94053,1.6799,5.6178,2.3573,3.457,0.006491,2.4146,0.39251,0.76412,0.015403,0.01445,0.69833,254.32
0.97338,2.1007,4.2567,3.3321,1.7478,0.49567,0.90301,0.39232,0.76383,0.015412,0.01445,0.69251,254.32
0.94053,1.6744,5.6179,2.3453,3.4571,3.0198e-05,2.4148,0.39254,0.7641,0.015401,0.01445,0.69833,254.32
0.94053,1.6743,5.6179,2.3453,3.4571,1.5099e-06,2.4148,0.39254,0.7641,0.015401,0.01445,0.69833,254.32
0.94052,1.6743,5.6179,2.3453,3.4571,2.6898e-05,2.4148,0.39254,0.7641,0.015401,0.01445,0.69833,254.32
0.97338,2.0781,4.2546,3.2819,1.745,0.46889,0.90102,0.39238,0.76377,0.015413,0.01445,0.69252,254.32
0.97338,2.0547,4.2551,3.2291,1.7457,0.44111,0.90167,0.39241,0.76377,0.015413,0.01445,0.69255,254.32
0.97339,2.0548,4.2551,3.2291,1.7457,0.44112,0.90168,0.3924,0.76376,0.015414,0.01445,0.69255,254.32
0.97339,2.0549,4.255,3.2292,1.7456,0.44111,0.90162,0.3924,0.76376,0.015414,0.01445,0.69256,254.32
