1.0105,2.0365,4.9242,3.1691,2.5873,0.41457,1.6595,0.39217,0.76384,0.01443,0.01445,0.69548,250.6
1.0071,2.0428,4.9094,3.1691,2.567,0.40997,1.6671,0.39195,0.76356,0.014548,0.01445,0.69571,250.84
1.0038,2.0488,4.8904,3.1608,2.5411,0.40652,1.67,0.39164,0.76382,0.014167,0.01445,0.69605,251.27
1.0004,2.059,4.8876,3.1909,2.5385,0.41622,1.692,0.39187,0.76393,0.014822,0.01445,0.69593,251.76
0.99707,2.0615,4.876,3.183,2.5265,0.39429,1.709,0.39107,0.76269,0.014612,0.01445,0.6959,252.47
0.99372,2.0834,4.8606,3.2256,2.5042,0.41992,1.7138,0.39142,0.76306,0.015131,0.01445,0.69617,253.23
0.99038,2.0791,4.789,3.1814,2.4114,0.40234,1.6625,0.39065,0.76355,0.015508,0.01445,0.69651,254.07
1.0171,2.0221,5.021,3.1429,2.7096,0.40926,1.7148,0.39224,0.76399,0.01447,0.01445,0.69571,250.59
1.0205,2.0172,5.0709,3.1407,2.7733,0.41033,1.7444,0.39252,0.76391,0.014532,0.01445,0.69574,250.81
1.0238,2.0227,5.1358,3.1583,2.8573,0.42294,1.7907,0.39249,0.76411,0.014632,0.01445,0.69578,251.16
1.0272,2.041,5.2072,3.2037,2.9475,0.45116,1.8414,0.39241,0.76432,0.014796,0.01445,0.69591,251.65
1.0305,2.0165,5.3051,3.151,3.0711,0.42627,1.9206,0.39254,0.76434,0.014998,0.01445,0.69622,252.26
1.0339,2.0154,5.3696,3.1566,3.1528,0.43218,1.9638,0.39283,0.76432,0.01527,0.01445,0.69633,253
1.0372,2.0376,5.4538,3.2093,3.26,0.46339,2.0284,0.39269,0.76453,0.015518,0.01445,0.69646,253.85
0.98962,2.0572,4.6807,3.1555,2.2728,0.38503,1.55,0.39128,0.76321,0.015625,0.01445,0.69585,254.17
1.038,2.0473,5.4692,3.2318,3.2795,0.47637,2.0385,0.39266,0.76456,0.0156,0.01445,0.69649,254.06
1.0388,2.0562,5.4863,3.2541,3.3012,0.48932,2.0503,0.39275,0.76462,0.015703,0.01445,0.69651,254.28
0.98953,1.8662,4.4529,2.747,1.9854,0.17488,1.3054,0.39186,0.7632,0.015604,0.01445,0.69487,254.09
0.98944,1.8175,4.453,2.6369,1.9854,0.11731,1.3061,0.39192,0.76323,0.015616,0.01445,0.69494,254.11
0.98936,1.8129,4.4529,2.6256,1.9853,0.11086,1.307,0.39188,0.7632,0.015622,0.01445,0.69494,254.13
0.98927,1.8075,4.4521,2.6135,1.9842,0.10478,1.3065,0.39191,0.76323,0.015633,0.01445,0.69495,254.16
0.98918,1.8031,4.4514,2.6036,1.9833,0.099071,1.3066,0.39191,0.76319,0.015637,0.01445,0.69496,254.18
0.98909,1.7986,4.4504,2.5931,1.9822,0.093675,1.3062,0.3919,0.76321,0.015651,0.01445,0.69497,254.2
0.98901,1.7945,4.4496,2.5839,1.9812,0.088695,1.306,0.39193,0.7632,0.015654,0.01445,0.69497,254.23
0.98892,1.7909,4.4486,2.5753,1.9801,0.083925,1.3058,0.39191,0.76318,0.015664,0.01445,0.69498,254.25
0.98883,1.7743,4.4449,2.5377,1.975,0.063811,1.3025,0.39197,0.76312,0.015663,0.01445,0.69501,254.28
0.98874,1.721,4.4417,2.4174,1.971,0.0011654,1.2996,0.39202,0.76316,0.015686,0.01445,0.69507,254.3
1.0389,2.0575,5.4881,3.2567,3.3034,0.49107,2.0514,0.39271,0.76466,0.015698,0.01445,0.69651,254.31
0.98872,1.7201,4.4418,2.4156,1.9711,0.00017784,1.2998,0.39204,0.76316,0.015686,0.01445,0.69507,254.31
0.98869,1.7202,4.4417,2.4155,1.971,0.00029247,1.3,0.39204,0.76317,0.015688,0.01445,0.69507,254.31
0.98867,1.7203,4.4413,2.4157,1.9705,0.00019491,1.2998,0.39203,0.76316,0.015693,0.01445,0.69507,254.32
1.0389,2.0591,5.4884,3.2599,3.3041,0.49207,2.0519,0.39268,0.76458,0.015696,0.01445,0.69651,254.32
0.98867,1.7202,4.4407,2.4152,1.9696,9.5388e-06,1.299,0.39201,0.76317,0.015694,0.01445,0.69507,254.32
1.0389,2.0746,5.49,3.2945,3.3058,0.51019,2.0534,0.39263,0.76458,0.015691,0.01445,0.6965,254.31
1.0389,2.0956,5.4897,3.3413,3.3054,0.53471,2.0529,0.39256,0.76458,0.015689,0.01445,0.69648,254.31
1.0389,2.0956,5.4897,3.3413,3.3054,0.53472,2.0529,0.39256,0.76458,0.015689,0.01445,0.69648,254.31
1.0389,2.0955,5.4896,3.3417,3.3054,0.53511,2.0529,0.39261,0.76459,0.01569,0.01445,0.69648,254.31
1.0389,2.096,5.4896,3.3427,3.3054,0.53558,2.0529,0.3926,0.76459,0.01569,0.01445,0.69648,254.31
1.0389,2.0962,5.4896,3.3434,3.3054,0.53593,2.0528,0.3926,0.76458,0.01569,0.01445,0.69648,254.31
1.0389,2.0978,5.4896,3.3468,3.3053,0.53774,2.0528,0.3926,0.76459,0.015691,0.01445,0.69647,254.31
1.0389,2.1014,5.4896,3.3551,3.3053,0.54209,2.0527,0.3926,0.76459,0.015692,0.01445,0.69647,254.31
1.0389,2.102,5.4896,3.3565,3.3053,0.5428,2.0527,0.39259,0.76458,0.015692,0.01445,0.69647,254.31
1.0389,2.1051,5.4893,3.3637,3.305,0.54659,2.0524,0.39259,0.76459,0.015693,0.01445,0.69646,254.32
1.0389,2.1055,5.4894,3.3644,3.305,0.54697,2.0524,0.39259,0.76459,0.015693,0.01445,0.69646,254.32
1.0389,2.1059,5.4895,3.3654,3.3052,0.54744,2.0525,0.39259,0.76458,0.015693,0.01445,0.69646,254.32
1.0389,2.1059,5.4895,3.3654,3.3052,0.54744,2.0525,0.39259,0.76458,0.015693,0.01445,0.69646,254.32
1.0389,2.1065,5.4896,3.3667,3.3053,0.54816,2.0526,0.39259,0.76459,0.015693,0.01445,0.69646,254.32
1.0389,2.1067,5.4896,3.3672,3.3053,0.54841,2.0526,0.39259,0.76458,0.015693,0.01445,0.69646,254.32
1.0389,2.1069,5.4897,3.3676,3.3054,0.54862,2.0527,0.39259,0.76458,0.015693,0.01445,0.69646,254.32
