0.93647,2.066,5.0967,3.2446,2.6628,0.46157,1.7169,0.39196,0.76414,0.015417,0.01445,0.69651,252.54
0.93083,2.0965,5.1085,3.321,2.7341,0.50555,1.7663,0.39351,0.76419,0.014364,0.01445,0.6965,251.29
0.92519,2.1288,5.0954,3.3555,2.7792,0.51269,1.797,0.39099,0.76353,0.01433,0.01445,0.6962,250.64
0.91955,2.1745,5.1098,3.4662,2.85,0.58945,1.8432,0.39232,0.76565,0.0146,0.01445,0.69616,250.71
0.9139,2.2413,5.1256,3.6211,2.9281,0.66309,1.898,0.39269,0.76492,0.014548,0.01445,0.69582,251.42
0.90826,2.2588,5.1271,3.647,2.9883,0.66509,1.9397,0.39187,0.76374,0.014801,0.01445,0.6956,252.73
0.90748,2.2608,5.0982,3.6396,2.9634,0.66999,1.9163,0.39108,0.76501,0.015295,0.01445,0.69548,252.93
0.9067,2.2654,5.0879,3.6585,2.9571,0.6718,1.9115,0.39156,0.76392,0.015213,0.01445,0.69536,253.15
0.90592,2.2651,5.058,3.6604,2.9263,0.67066,1.8853,0.39174,0.76357,0.01519,0.01445,0.69521,253.37
0.90514,2.2632,5.0329,3.6446,2.9055,0.67413,1.8649,0.39124,0.76494,0.015437,0.01445,0.69516,253.62
0.90437,2.2678,5.0265,3.6615,2.9032,0.67444,1.8629,0.3914,0.7639,0.015388,0.01445,0.69504,253.87
0.90359,2.2681,5.0035,3.6716,2.8816,0.67618,1.845,0.39177,0.7636,0.015504,0.01445,0.69484,254.13
0.93727,2.0752,5.1201,3.2606,2.6825,0.46979,1.7346,0.39189,0.76414,0.015068,0.01445,0.69676,252.74
0.93808,2.0769,5.1276,3.2721,2.6842,0.4773,1.7362,0.39234,0.76408,0.015078,0.01445,0.69678,252.98
0.93888,2.0829,5.1385,3.2912,2.6894,0.48689,1.7415,0.39267,0.76399,0.015118,0.01445,0.6968,253.23
0.93968,2.0901,5.1485,3.3107,2.6936,0.49717,1.7459,0.39282,0.764,0.01516,0.01445,0.69684,253.49
0.94049,2.099,5.1578,3.3313,2.6971,0.50789,1.7497,0.3928,0.76398,0.015216,0.01445,0.69688,253.76
0.94129,2.1072,5.1681,3.3521,2.7014,0.51889,1.7543,0.39287,0.76399,0.015265,0.01445,0.69692,254.04
0.9035,2.2594,4.935,3.6575,2.7973,0.67492,1.7771,0.39226,0.76419,0.015567,0.01445,0.69451,254.13
0.90341,2.2587,4.9062,3.6511,2.7614,0.66842,1.7483,0.39168,0.76385,0.015545,0.01445,0.69439,254.14
0.90332,2.255,4.8585,3.6388,2.7015,0.66211,1.7001,0.39139,0.76378,0.015525,0.01445,0.69422,254.16
0.90323,2.2483,4.8247,3.6414,2.6589,0.66607,1.6655,0.39248,0.76392,0.015577,0.01445,0.69399,254.19
0.90315,2.2522,4.8214,3.6392,2.6557,0.66408,1.6629,0.39166,0.76395,0.015543,0.01445,0.69401,254.21
0.90306,2.2444,4.7988,3.6257,2.6275,0.6543,1.6406,0.39169,0.76371,0.015554,0.01445,0.69387,254.24
0.90297,2.2406,4.795,3.6157,2.6237,0.65186,1.6368,0.39168,0.76397,0.015555,0.01445,0.69387,254.27
0.90288,2.234,4.7824,3.6055,2.6085,0.6436,1.6251,0.39185,0.76369,0.015559,0.01445,0.69377,254.3
0.94138,2.1121,5.1631,3.3515,2.6944,0.51944,1.749,0.39209,0.76416,0.015327,0.01445,0.69696,254.07
0.94148,2.113,5.1605,3.3574,2.6891,0.52151,1.7451,0.39238,0.76395,0.01539,0.01445,0.69696,254.1
0.94157,2.1121,5.1537,3.3528,2.6793,0.51929,1.7373,0.3922,0.76398,0.015463,0.01445,0.69696,254.13
0.94166,2.109,5.1449,3.342,2.6673,0.51322,1.7281,0.39203,0.76388,0.015536,0.01445,0.69697,254.16
0.94175,2.109,5.1459,3.343,2.6674,0.51385,1.7283,0.39209,0.7639,0.015536,0.01445,0.69697,254.2
0.94185,2.0991,5.1433,3.323,2.6631,0.50412,1.7249,0.39234,0.76391,0.015538,0.01445,0.69698,254.23
0.94194,2.0994,5.1434,3.3203,2.6624,0.5027,1.7244,0.39206,0.76396,0.015539,0.01445,0.697,254.26
0.94203,2.0994,5.1449,3.3219,2.6629,0.50364,1.7248,0.39212,0.76396,0.015539,0.01445,0.697,254.3
0.90287,2.2342,4.7824,3.6055,2.6087,0.64442,1.6252,0.39185,0.76377,0.015559,0.01445,0.69377,254.31
0.90286,2.2261,4.7765,3.5863,2.6019,0.63612,1.6194,0.39187,0.76394,0.01557,0.01445,0.69376,254.31
0.90285,2.1972,4.7722,3.5176,2.5965,0.59861,1.6154,0.39162,0.7638,0.015548,0.01445,0.69378,254.31
0.90284,2.1911,4.7684,3.5068,2.5918,0.59416,1.6113,0.39183,0.76391,0.015569,0.01445,0.69376,254.31
0.90284,2.0786,4.7401,3.2502,2.5563,0.45805,1.5839,0.39172,0.76378,0.015518,0.01445,0.69376,254.31
0.90283,2.0762,4.7447,3.2512,2.5619,0.45993,1.5877,0.39205,0.76392,0.015548,0.01445,0.69375,254.31
0.90282,1.9872,4.76,3.05,2.5819,0.35138,1.6052,0.39211,0.7637,0.015514,0.01445,0.69389,254.31
0.90281,1.9872,4.76,3.05,2.5821,0.35218,1.6053,0.39211,0.7638,0.015514,0.01445,0.69389,254.32
0.9028,1.983,4.7577,3.0403,2.5794,0.3486,1.6026,0.39212,0.76395,0.015548,0.01445,0.69389,254.32
0.94204,2.0735,5.1403,3.2671,2.6568,0.474,1.7199,0.39236,0.76383,0.015564,0.01445,0.69699,254.3
0.94205,2.0705,5.14,3.2565,2.6562,0.46981,1.7196,0.39213,0.764,0.015562,0.01445,0.69702,254.3
0.94206,2.0693,5.1397,3.2555,2.656,0.46847,1.7194,0.39226,0.76389,0.015562,0.01445,0.69701,254.3
0.94207,2.0357,5.1404,3.1794,2.6567,0.42918,1.7201,0.3923,0.76397,0.015556,0.01445,0.69706,254.31
0.94208,1.9542,5.1414,2.9953,2.6584,0.32901,1.7229,0.39224,0.76369,0.015537,0.01445,0.69711,254.31
0.94209,1.9542,5.1414,2.9953,2.6584,0.32939,1.7229,0.39225,0.76372,0.015537,0.01445,0.69711,254.31
0.94209,1.9516,5.1404,2.9906,2.6566,0.32969,1.7206,0.39238,0.76397,0.015555,0.01445,0.69713,254.31
0.9421,1.945,5.1409,2.9759,2.6571,0.32177,1.721,0.39242,0.76393,0.015556,0.01445,0.69715,254.32
