1.0033,2.0409,5.0034,3.1592,2.812,0.41865,1.7997,0.39344,0.76413,0.01291,0.01445,0.69527,252.75
1.0341,2.0513,5.0341,3.2434,2.5802,0.48509,1.6443,0.39411,0.76633,0.015175,0.01445,0.69677,252.08
0.99726,2.04,5.3309,3.1201,3.2725,0.36643,2.1774,0.39076,0.76261,0.014842,0.01445,0.69593,252.81
0.99121,2.0352,5.5155,3.1087,3.5518,0.36595,2.3891,0.39115,0.76341,0.015664,0.01445,0.69634,254.11
1.0403,2.0928,5.0951,3.3821,2.5968,0.54947,1.6643,0.39632,0.76509,0.015237,0.01445,0.69697,253.53
0.99036,2.0099,5.5525,3.0512,3.6042,0.33198,2.4312,0.39131,0.76296,0.015721,0.01445,0.69649,254.31
1.0412,2.1274,5.0706,3.4017,2.5651,0.54455,1.6459,0.39195,0.76385,0.01537,0.01445,0.69704,253.6
1.0421,2.1276,5.0788,3.4165,2.565,0.55406,1.6462,0.39255,0.76404,0.015373,0.01445,0.69707,253.84
1.043,2.1645,4.997,3.4491,2.4525,0.59786,1.5545,0.39185,0.76571,0.015895,0.01445,0.69787,253.92
1.0439,2.1805,5.0035,3.5045,2.4526,0.62037,1.5548,0.39237,0.76502,0.015818,0.01445,0.69765,254.14
1.044,2.1879,4.9143,3.5353,2.3517,0.62288,1.4753,0.39199,0.76408,0.015651,0.01445,0.69679,254
1.0441,2.1646,4.6679,3.515,2.0583,0.62593,1.226,0.39379,0.76468,0.015447,0.01445,0.69566,253.73
1.0442,2.1763,4.6579,3.5271,2.0463,0.63119,1.2168,0.39263,0.76472,0.015472,0.01445,0.69565,253.74
1.0443,2.1752,4.619,3.5294,1.9997,0.63184,1.1785,0.39264,0.76468,0.015512,0.01445,0.69539,253.73
1.0444,2.1802,4.4959,3.5431,1.8536,0.64517,1.057,0.39259,0.76511,0.015538,0.01445,0.6948,253.71
1.0445,2.1778,4.494,3.5445,1.8511,0.6422,1.056,0.39305,0.76463,0.015533,0.01445,0.69473,253.74
1.0446,2.1808,4.4925,3.5473,1.8482,0.64445,1.0536,0.39266,0.76481,0.015531,0.01445,0.69475,253.76
1.0447,2.1809,4.4936,3.5495,1.8482,0.64568,1.0537,0.39274,0.76481,0.015532,0.01445,0.69475,253.78
1.0448,2.181,4.4836,3.5535,1.8362,0.64568,1.0448,0.39302,0.76455,0.01554,0.01445,0.69466,253.81
1.0449,2.1842,4.4823,3.5564,1.8335,0.64964,1.0422,0.39267,0.76486,0.015543,0.01445,0.69469,253.83
1.045,2.1842,4.4834,3.5583,1.8339,0.65075,1.0422,0.39276,0.76486,0.015543,0.01445,0.6947,253.85
1.0451,2.1844,4.4821,3.5615,1.8314,0.65198,1.0404,0.39293,0.76476,0.015548,0.01445,0.69468,253.88
1.0452,2.1882,4.4726,3.5695,1.8193,0.65625,1.0307,0.39297,0.76472,0.015574,0.01445,0.69465,253.9
1.0453,2.1913,4.471,3.5738,1.8167,0.65887,1.0284,0.39271,0.7648,0.015577,0.01445,0.69466,253.93
1.0454,2.1913,4.4705,3.5779,1.8147,0.6609,1.0268,0.39292,0.76476,0.01558,0.01445,0.69464,253.95
1.0455,2.1943,4.4665,3.5828,1.8091,0.66401,1.0222,0.39277,0.76483,0.015588,0.01445,0.69463,253.98
1.0456,2.1958,4.4584,3.5879,1.7993,0.66483,1.0147,0.39293,0.76457,0.015609,0.01445,0.69457,254
1.0457,2.199,4.4578,3.5924,1.7973,0.66977,1.0125,0.39269,0.7649,0.015612,0.01445,0.6946,254.02
1.0459,2.1991,4.4587,3.5942,1.7973,0.67075,1.0126,0.39274,0.7649,0.015612,0.01445,0.6946,254.05
1.046,2.1992,4.4595,3.5957,1.7973,0.6716,1.0127,0.39281,0.7649,0.015612,0.01445,0.6946,254.07
1.0461,2.2001,4.4583,3.5995,1.795,0.67296,1.0112,0.39294,0.76479,0.01562,0.01445,0.69459,254.1
1.0462,2.2031,4.4545,3.6044,1.7896,0.67562,1.0066,0.39278,0.7648,0.015632,0.01445,0.69459,254.12
1.0463,2.2055,4.4471,3.6109,1.7799,0.67912,0.99901,0.39289,0.76477,0.015661,0.01445,0.69456,254.15
1.0464,2.2107,4.4396,3.6241,1.7702,0.68649,0.99096,0.39299,0.76476,0.015673,0.01445,0.69452,254.17
1.0465,2.2135,4.4389,3.6271,1.7684,0.6886,0.98944,0.39272,0.76486,0.015676,0.01445,0.69454,254.2
1.0466,2.2135,4.4398,3.6288,1.7685,0.68953,0.98945,0.39279,0.76486,0.015676,0.01445,0.69454,254.22
1.0467,2.2169,4.4335,3.6375,1.7606,0.69291,0.98345,0.39289,0.7647,0.015698,0.01445,0.69449,254.25
1.0468,2.2195,4.4331,3.6425,1.7589,0.69699,0.98176,0.39276,0.76489,0.015701,0.01445,0.69451,254.27
1.0469,2.2196,4.4341,3.6441,1.759,0.698,0.98185,0.39285,0.76489,0.015701,0.01445,0.69451,254.3
0.99035,1.9442,5.5772,2.8935,3.6346,0.25745,2.4561,0.39112,0.76392,0.015764,0.01445,0.69677,254.31
0.99034,1.9316,5.5816,2.8723,3.6391,0.23761,2.4607,0.39141,0.76288,0.01569,0.01445,0.69675,254.31
0.99033,1.8993,5.5851,2.7951,3.6437,0.19747,2.4648,0.39121,0.76293,0.015685,0.01445,0.69683,254.3
0.99032,1.8805,5.5874,2.7567,3.6464,0.17818,2.4665,0.39143,0.76301,0.015724,0.01445,0.69684,254.3
0.99031,1.8381,5.5916,2.6627,3.6516,0.12888,2.471,0.39161,0.76302,0.01572,0.01445,0.6969,254.3
0.9903,1.7315,5.5911,2.4224,3.6512,0.00062346,2.4715,0.39164,0.76284,0.015726,0.01445,0.697,254.29
0.99029,1.7315,5.5911,2.4224,3.6513,0.00091017,2.4717,0.39164,0.76286,0.015726,0.01445,0.697,254.3
0.99028,1.7306,5.5912,2.4205,3.6514,0.00015192,2.4717,0.39164,0.76288,0.015726,0.01445,0.69701,254.3
0.99027,1.7305,5.5912,2.4202,3.6514,1.1177e-05,2.4717,0.39164,0.76289,0.015726,0.01445,0.69701,254.3
0.99026,1.7304,5.5912,2.42,3.6517,1.4177e-05,2.4718,0.39165,0.7629,0.015726,0.01445,0.69701,254.3
0.99025,1.7304,5.5912,2.42,3.6517,6.8189e-05,2.4718,0.39165,0.7629,0.015726,0.01445,0.69701,254.3
0.99024,1.7304,5.5912,2.42,3.6519,0.00021669,2.4719,0.39165,0.76292,0.015726,0.01445,0.69701,254.31
0.99023,1.7302,5.5912,2.4196,3.6519,8.5935e-05,2.4719,0.39165,0.76292,0.015726,0.01445,0.69701,254.31
0.99022,1.7301,5.5912,2.4194,3.6519,5.9457e-06,2.4719,0.39165,0.76293,0.015726,0.01445,0.69701,254.31
0.99021,1.7301,5.5912,2.4193,3.6521,5.2741e-06,2.472,0.39166,0.76293,0.015726,0.01445,0.69701,254.31
0.9902,1.7301,5.5912,2.4193,3.6522,0.00010764,2.4721,0.39166,0.76294,0.015726,0.01445,0.69701,254.32
0.9902,1.73,5.5912,2.4191,3.6523,2.2524e-05,2.4721,0.39166,0.76294,0.015726,0.01445,0.69701,254.32
1.0469,2.2888,4.4152,3.797,1.7361,0.77755,0.96369,0.39262,0.76472,0.015728,0.01445,0.69441,254.3
1.0469,2.291,4.4125,3.803,1.7329,0.78255,0.96036,0.39266,0.76492,0.01573,0.01445,0.69438,254.31
1.0469,2.3068,4.4042,3.8423,1.7229,0.80214,0.95173,0.39272,0.7648,0.015735,0.01445,0.69428,254.31
1.0469,2.3256,4.3996,3.8853,1.7175,0.82486,0.94701,0.39271,0.7648,0.015736,0.01445,0.69422,254.31
1.047,2.3516,4.3971,3.9424,1.7145,0.8559,0.94426,0.39259,0.76491,0.015737,0.01445,0.69419,254.31
1.047,2.3611,4.397,3.9644,1.7143,0.86674,0.94418,0.39262,0.76482,0.015737,0.01445,0.69418,254.32
1.047,2.3938,4.3959,4.0353,1.713,0.90572,0.94284,0.39245,0.76503,0.015738,0.01445,0.69416,254.32
