1.0198,2.0337,4.9145,3.1603,2.5756,0.41059,1.6491,0.39211,0.76389,0.014457,0.01445,0.69548,250.59
1.0164,2.0247,4.9155,3.1098,2.5717,0.38574,1.6714,0.39216,0.76379,0.014574,0.01445,0.69624,250.81
1.0131,2.0225,4.9044,3.1282,2.5667,0.37544,1.6887,0.39169,0.76323,0.014089,0.01445,0.69541,251.23
1.0097,2.0383,4.8901,3.1515,2.5457,0.3859,1.6952,0.39189,0.76319,0.01449,0.01445,0.69572,251.65
1.0063,2.0003,4.6172,3.0606,2.1959,0.34685,1.4199,0.39182,0.76347,0.014932,0.01445,0.69501,252.02
1.0029,1.9936,4.6075,3.0471,2.1868,0.32934,1.4367,0.39173,0.76321,0.015218,0.01445,0.69485,252.68
0.99956,2.0142,4.609,3.0866,2.1857,0.35352,1.4584,0.39217,0.76384,0.015057,0.01445,0.69517,253.48
0.99618,1.9716,4.372,2.9824,1.8837,0.29738,1.225,0.39168,0.76324,0.015671,0.01445,0.69445,254.17
1.0266,2.0447,5.0288,3.194,2.7193,0.43459,1.7247,0.39221,0.76387,0.014451,0.01445,0.69571,250.58
1.03,2.0439,5.0937,3.1975,2.8021,0.44054,1.7714,0.39228,0.76404,0.014515,0.01445,0.69581,250.76
1.0333,2.0613,5.1864,3.2394,2.9193,0.46534,1.8474,0.39229,0.76414,0.014614,0.01445,0.69604,251.06
1.0367,2.0655,5.2525,3.2544,3.0029,0.47644,1.8945,0.39239,0.76418,0.014756,0.01445,0.69616,251.47
1.0401,2.0896,5.2833,3.3122,3.0451,0.51058,1.9062,0.39219,0.76432,0.014839,0.01445,0.69605,252.01
1.0435,2.096,5.3993,3.3282,3.1906,0.52476,2.005,0.39221,0.76482,0.015087,0.01445,0.69639,252.63
1.0468,2.0878,5.503,3.3169,3.32,0.51891,2.0901,0.3925,0.76449,0.015385,0.01445,0.69669,253.35
1.0502,2.087,5.5845,3.319,3.4229,0.5238,2.152,0.39254,0.76464,0.015674,0.01445,0.69687,254.17
0.99609,1.9576,4.3462,2.9532,1.8515,0.28257,1.1979,0.39173,0.76326,0.015674,0.01445,0.69432,254.18
0.996,1.7989,4.308,2.5998,1.8033,0.098095,1.1573,0.39204,0.76327,0.015681,0.01445,0.6943,254.19
0.99592,1.7952,4.3083,2.591,1.8036,0.092773,1.1584,0.39201,0.76322,0.015688,0.01445,0.6943,254.21
0.99583,1.7275,4.3064,2.4384,1.8012,0.01307,1.157,0.39213,0.76324,0.0157,0.01445,0.6944,254.23
0.99574,1.7255,4.3066,2.4338,1.8014,0.010413,1.1579,0.39214,0.76324,0.0157,0.01445,0.6944,254.25
0.99565,1.7241,4.3064,2.4304,1.8012,0.0082056,1.1581,0.39212,0.76318,0.015706,0.01445,0.6944,254.28
0.99556,1.7171,4.3025,2.4141,1.7961,2.7913e-06,1.1546,0.39212,0.76323,0.015725,0.01445,0.69442,254.3
1.0503,2.0871,5.5851,3.3205,3.4239,0.5244,2.1524,0.39263,0.76459,0.015674,0.01445,0.69686,254.19
1.0504,2.0872,5.5877,3.3204,3.4271,0.5243,2.1544,0.39257,0.76458,0.01568,0.01445,0.69686,254.21
1.0505,2.0874,5.5904,3.3213,3.4304,0.52479,2.1565,0.39258,0.76458,0.015705,0.01445,0.69686,254.24
1.0506,2.0876,5.5917,3.3211,3.4318,0.52479,2.1575,0.39259,0.76459,0.015692,0.01445,0.69688,254.26
1.0507,2.0843,5.5951,3.3143,3.4364,0.52134,2.1602,0.39259,0.76459,0.01571,0.01445,0.69688,254.28
1.0508,2.0734,5.598,3.2899,3.4399,0.50855,2.1625,0.3926,0.76459,0.015723,0.01445,0.6969,254.31
0.99554,1.7171,4.3025,2.4141,1.7961,0.00014505,1.1548,0.39213,0.76324,0.015725,0.01445,0.69442,254.31
0.99551,1.7171,4.3014,2.4144,1.7947,4.8849e-07,1.1538,0.39215,0.7632,0.01573,0.01445,0.69441,254.31
0.99549,1.7171,4.3013,2.4143,1.7945,8.7802e-05,1.1538,0.39214,0.76322,0.015731,0.01445,0.69441,254.32
0.99549,1.7171,4.301,2.4143,1.7941,1.5302e-05,1.1535,0.39214,0.76322,0.015732,0.01445,0.69441,254.32
0.99549,1.7171,4.301,2.4142,1.7941,7.6511e-07,1.1535,0.39214,0.76322,0.015732,0.01445,0.69441,254.32
0.99548,1.7171,4.301,2.4142,1.7941,1.1442e-05,1.1535,0.39214,0.76322,0.015732,0.01445,0.69441,254.32
0.99548,1.7171,4.301,2.4142,1.7941,5.7208e-07,1.1535,0.39214,0.76322,0.015732,0.01445,0.69441,254.32
