0.78597,2.0568,5.1283,3.2216,2.8456,0.40059,1.8475,0.39275,0.75758,0.014236,0.01445,0.6961,250.94
0.77953,2.1635,5.1719,3.449,2.8999,0.48604,1.892,0.39264,0.7519,0.014382,0.01445,0.6964,251.98
0.77308,2.282,5.2153,3.6962,2.9536,0.57647,1.9384,0.39203,0.74568,0.014612,0.01445,0.69667,253.62
0.79885,2.0192,5.0862,3.0921,2.7923,0.43805,1.7984,0.39127,0.77153,0.015019,0.01445,0.69661,250.99
0.80529,2.0032,5.0431,3.1274,2.7341,0.48284,1.7508,0.39464,0.77615,0.014625,0.01445,0.69583,251.89
0.81174,2.0472,5.0228,3.185,2.7156,0.56627,1.7323,0.39185,0.78402,0.015119,0.01445,0.69581,253.49
0.7716,2.3125,5.1511,3.7526,2.8724,0.59373,1.8735,0.39084,0.74386,0.015337,0.01445,0.69648,253.9
0.81329,2.0456,5.0169,3.2072,2.7035,0.57557,1.7237,0.39275,0.78438,0.015414,0.01445,0.69558,253.88
0.77109,2.3268,5.0898,3.7957,2.7947,0.6075,1.8115,0.39107,0.7428,0.015656,0.01445,0.69611,254.03
0.77059,2.336,5.091,3.8151,2.7968,0.6149,1.8129,0.39099,0.74234,0.015639,0.01445,0.6961,254.18
0.81382,2.0407,4.963,3.2004,2.6367,0.57767,1.6685,0.39279,0.78506,0.015599,0.01445,0.69531,254.03
0.81436,2.0366,4.9344,3.1935,2.5997,0.57792,1.6385,0.39286,0.78553,0.015547,0.01445,0.6952,254.19
0.77052,2.3365,5.0394,3.8078,2.733,0.61302,1.7616,0.3905,0.74251,0.015478,0.01445,0.69596,254.2
0.77044,2.3379,5.0304,3.8193,2.7203,0.61758,1.7504,0.39079,0.74232,0.01562,0.01445,0.69588,254.21
0.77037,2.3393,5.0306,3.8219,2.7204,0.6187,1.7507,0.3908,0.74223,0.015619,0.01445,0.69588,254.24
0.7703,2.3142,5.0033,3.7663,2.6868,0.58891,1.7232,0.39077,0.7422,0.015657,0.01445,0.69576,254.26
0.77022,2.3142,5.0033,3.7664,2.6868,0.58911,1.7232,0.39078,0.7422,0.015657,0.01445,0.69576,254.28
0.77015,2.3142,5.0034,3.7665,2.6871,0.58973,1.7232,0.39084,0.74219,0.015657,0.01445,0.69576,254.31
0.81444,2.0269,4.9144,3.1732,2.5756,0.56878,1.6185,0.39285,0.78572,0.0157,0.01445,0.69507,254.21
0.81451,2.021,4.9112,3.1607,2.5709,0.56286,1.6146,0.39297,0.78574,0.01563,0.01445,0.69509,254.24
0.81459,2.0105,4.9011,3.1311,2.5582,0.54854,1.6047,0.39273,0.78582,0.015577,0.01445,0.69512,254.26
0.81467,2.0067,4.9,3.1261,2.557,0.54601,1.6037,0.39289,0.78587,0.015611,0.01445,0.69509,254.28
0.81475,1.9327,4.8913,2.9672,2.5466,0.46281,1.595,0.39302,0.78598,0.015816,0.01445,0.69497,254.3
0.77014,2.3151,5.0044,3.7704,2.6876,0.59032,1.7239,0.39086,0.74208,0.015655,0.01445,0.69576,254.31
0.77013,2.3153,5.0034,3.7725,2.6862,0.59039,1.7231,0.39098,0.74196,0.015628,0.01445,0.69575,254.31
0.77013,2.3155,5.0017,3.7725,2.6841,0.59002,1.7213,0.3909,0.74194,0.015633,0.01445,0.69574,254.31
0.77012,2.2863,4.9965,3.7079,2.6778,0.55489,1.7162,0.39093,0.74188,0.015639,0.01445,0.69573,254.31
0.77011,2.2863,4.9965,3.7079,2.6778,0.55492,1.7163,0.39094,0.74188,0.015639,0.01445,0.69573,254.32
0.7701,2.2863,4.9965,3.7081,2.6778,0.55492,1.7165,0.39095,0.74188,0.015639,0.01445,0.69573,254.32
0.81476,1.909,4.8971,2.9131,2.5538,0.43542,1.6008,0.3933,0.7859,0.015671,0.01445,0.6951,254.3
0.81477,1.909,4.8974,2.9132,2.554,0.43541,1.6012,0.39329,0.7859,0.01567,0.01445,0.6951,254.3
0.81477,1.9093,4.898,2.9132,2.5547,0.43553,1.6017,0.39326,0.78592,0.015666,0.01445,0.6951,254.3
0.81478,1.8901,4.9022,2.8642,2.5599,0.41054,1.6061,0.39305,0.78592,0.015613,0.01445,0.69521,254.3
0.81479,1.8705,4.9015,2.8197,2.5592,0.38707,1.606,0.39305,0.78591,0.015675,0.01445,0.69523,254.3
0.8148,1.8507,4.9027,2.774,2.5605,0.36409,1.6072,0.39311,0.78592,0.015598,0.01445,0.69529,254.3
0.81481,1.8509,4.9028,2.7742,2.5608,0.36415,1.6073,0.39311,0.78592,0.015599,0.01445,0.69529,254.31
0.81481,1.8474,4.9035,2.7668,2.5611,0.36008,1.6076,0.3931,0.78593,0.015629,0.01445,0.69529,254.31
0.81482,1.5578,4.903,2.1123,2.5618,0.018614,1.6098,0.39335,0.78569,0.015607,0.01445,0.69559,254.29
0.81483,1.5431,4.9064,2.0773,2.5662,0.001405,1.6133,0.39342,0.78571,0.015623,0.01445,0.69568,254.29
0.81484,1.5449,4.9104,2.0764,2.5708,0.0013902,1.6173,0.39327,0.78574,0.015628,0.01445,0.69576,254.29
0.81485,1.5437,4.9105,2.0738,2.5709,0.00012272,1.6174,0.39328,0.78574,0.015628,0.01445,0.69576,254.29
0.81485,1.5436,4.9105,2.0736,2.5709,6.6192e-06,1.6174,0.39328,0.78574,0.015628,0.01445,0.69576,254.3
0.81486,1.5436,4.9105,2.0736,2.5709,7.4396e-06,1.6174,0.39328,0.78575,0.015628,0.01445,0.69576,254.3
0.81487,1.5436,4.9105,2.0736,2.5709,8.6571e-06,1.6174,0.39328,0.78575,0.015628,0.01445,0.69576,254.3
0.81488,1.5436,4.9105,2.0736,2.5709,1.034e-05,1.6174,0.39328,0.78576,0.015628,0.01445,0.69576,254.3
0.81489,1.5436,4.9105,2.0736,2.5709,1.2665e-05,1.6174,0.39328,0.78576,0.015628,0.01445,0.69576,254.31
0.81489,1.5436,4.9105,2.0736,2.5709,1.6024e-05,1.6174,0.39328,0.78577,0.015628,0.01445,0.69576,254.31
0.8149,1.5436,4.9105,2.0736,2.5709,2.2138e-05,1.6174,0.39328,0.78577,0.015628,0.01445,0.69576,254.31
0.81491,1.5436,4.9105,2.0736,2.5709,0.00044491,1.6176,0.39328,0.7858,0.015628,0.01445,0.69576,254.31
0.81492,1.5431,4.9107,2.0736,2.5711,0.0006132,1.6176,0.39335,0.78582,0.015634,0.01445,0.69576,254.32
0.81492,1.5426,4.9121,2.0723,2.5728,1.1689e-06,1.6189,0.39336,0.78582,0.015649,0.01445,0.69578,254.32
0.81493,1.5424,4.9121,2.0722,2.5727,1.1689e-06,1.6188,0.39338,0.78582,0.01565,0.01445,0.69578,254.32
