0.46977,2.0317,5.0877,3.2998,2.8035,0.43537,1.8097,0.39286,0.76239,0.014441,0.01445,0.69333,250.91
0.46296,2.0475,5.1546,3.4428,2.8433,0.50212,1.8257,0.39289,0.76299,0.014532,0.01445,0.69295,251.85
0.45616,2.0484,4.9087,3.6138,2.5383,0.56017,1.5645,0.39431,0.76257,0.016364,0.01445,0.68924,253.11
0.48339,2.1284,5.1441,3.2362,2.8617,0.48979,1.8694,0.39107,0.76498,0.014301,0.01445,0.69862,250.85
0.4902,2.213,5.1552,3.3901,2.9009,0.60175,1.9055,0.39629,0.76558,0.014421,0.01445,0.69946,251.92
0.497,2.3557,5.1277,3.521,2.886,0.72969,1.9008,0.39153,0.7701,0.015151,0.01445,0.70139,253.19
0.45348,2.0529,4.9327,3.6891,2.5571,0.59002,1.5759,0.39564,0.76233,0.015776,0.01445,0.68886,253.61
0.49992,2.4269,5.1211,3.6482,2.8921,0.79382,1.9094,0.39242,0.76825,0.015253,0.01445,0.70152,254.05
0.45283,2.0578,4.9272,3.7086,2.5506,0.59613,1.5696,0.3954,0.76215,0.015617,0.01445,0.68866,253.75
0.45219,2.0632,4.8799,3.7259,2.5003,0.59695,1.5302,0.39485,0.76184,0.01527,0.01445,0.68804,253.86
0.45154,2.0751,4.886,3.773,2.5091,0.62303,1.532,0.395,0.76241,0.015458,0.01445,0.68774,254.02
0.4509,2.0758,4.8788,3.7869,2.4974,0.62412,1.5228,0.39507,0.76188,0.015479,0.01445,0.68759,254.19
0.50063,2.4485,5.0851,3.687,2.8562,0.80952,1.8822,0.39269,0.76713,0.01533,0.01445,0.70139,254.23
0.45045,2.0865,4.8728,3.8256,2.493,0.645,1.5168,0.3952,0.76234,0.015611,0.01445,0.68728,254.29
0.45036,2.0893,4.8612,3.8358,2.4798,0.64342,1.5077,0.39531,0.76165,0.015581,0.01445,0.68715,254.31
0.45028,2.1037,4.8466,3.8756,2.4647,0.66742,1.4929,0.39542,0.76211,0.015681,0.01445,0.68689,254.32
0.50073,2.4862,5.0813,3.7579,2.8506,0.84547,1.8783,0.39182,0.76685,0.015377,0.01445,0.70139,254.23
0.50082,2.487,5.0813,3.7583,2.8506,0.84587,1.8783,0.39182,0.76685,0.015378,0.01445,0.70139,254.27
0.50092,2.4874,5.0813,3.7584,2.8506,0.8461,1.8783,0.39182,0.76684,0.015378,0.01445,0.70139,254.3
0.45025,2.1051,4.8328,3.8801,2.4487,0.66604,1.4806,0.39546,0.76168,0.015649,0.01445,0.68679,254.32
0.50095,2.4883,5.0813,3.7597,2.851,0.84705,1.8783,0.39182,0.76683,0.015379,0.01445,0.70139,254.32
0.50096,2.4897,5.0813,3.7632,2.851,0.84885,1.8783,0.39186,0.76681,0.01538,0.01445,0.70139,254.32
0.50096,2.5838,5.0719,3.9594,2.8399,0.95684,1.8696,0.39122,0.76694,0.015392,0.01445,0.70139,254.28
0.50097,2.5838,5.0719,3.9594,2.8399,0.95684,1.8696,0.39122,0.76694,0.015392,0.01445,0.70139,254.28
0.50097,2.5838,5.0719,3.9594,2.8399,0.95684,1.8696,0.39122,0.76694,0.015392,0.01445,0.70139,254.28
0.50098,2.584,5.0719,3.9595,2.8399,0.95684,1.8696,0.39122,0.76694,0.015392,0.01445,0.70139,254.29
0.50098,2.584,5.0719,3.9595,2.8399,0.95684,1.8696,0.39122,0.76694,0.015392,0.01445,0.70139,254.29
0.50099,2.584,5.0719,3.9595,2.8399,0.95684,1.8696,0.39122,0.76694,0.015392,0.01445,0.70139,254.29
0.50099,2.584,5.0719,3.9595,2.8399,0.95684,1.8696,0.39122,0.76694,0.015392,0.01445,0.70139,254.29
0.501,2.584,5.0719,3.9595,2.8399,0.95684,1.8696,0.39122,0.76694,0.015392,0.01445,0.70139,254.29
0.501,2.584,5.0719,3.9595,2.8399,0.95684,1.8696,0.39122,0.76694,0.015392,0.01445,0.70139,254.3
0.50101,2.584,5.0719,3.9595,2.8399,0.95684,1.8696,0.39122,0.76694,0.015392,0.01445,0.70139,254.3
0.50102,2.584,5.0719,3.9595,2.8399,0.95684,1.8696,0.39122,0.76694,0.015392,0.01445,0.70139,254.3
0.50102,2.584,5.0719,3.9595,2.8399,0.95684,1.8696,0.39122,0.76694,0.015392,0.01445,0.70139,254.3
0.50103,2.584,5.0719,3.9595,2.8399,0.95684,1.8696,0.39122,0.76694,0.015392,0.01445,0.70139,254.3
0.50103,2.5841,5.0719,3.9595,2.8399,0.95684,1.8696,0.39121,0.76694,0.015392,0.01445,0.70139,254.31
0.50104,2.611,5.0712,4.0154,2.8384,0.98747,1.8683,0.39101,0.76695,0.015396,0.01445,0.70139,254.3
0.50104,2.611,5.0712,4.0154,2.8384,0.98747,1.8683,0.39101,0.76695,0.015396,0.01445,0.70139,254.3
0.50105,2.611,5.0712,4.0154,2.8384,0.98747,1.8683,0.39101,0.76695,0.015396,0.01445,0.70139,254.3
0.50105,2.611,5.0712,4.0154,2.8384,0.98747,1.8683,0.39101,0.76695,0.015396,0.01445,0.70139,254.3
0.50106,2.611,5.0712,4.0154,2.8384,0.98747,1.8683,0.39101,0.76695,0.015396,0.01445,0.70139,254.31
0.50106,2.6111,5.0712,4.0155,2.8384,0.98747,1.8683,0.39101,0.76695,0.015396,0.01445,0.70139,254.31
0.50107,2.6345,5.0704,4.0659,2.8371,1.0152,1.8672,0.39097,0.76697,0.015399,0.01445,0.70139,254.3
0.50107,2.6345,5.0704,4.0659,2.8371,1.0152,1.8672,0.39097,0.76697,0.015399,0.01445,0.70139,254.3
0.50108,2.6345,5.0704,4.0659,2.8371,1.0152,1.8672,0.39097,0.76697,0.015399,0.01445,0.70139,254.31
0.50109,2.6345,5.0704,4.0659,2.8371,1.0152,1.8672,0.39097,0.76697,0.015399,0.01445,0.70139,254.31
0.50109,2.6345,5.0704,4.0659,2.8371,1.0152,1.8672,0.39097,0.76697,0.015399,0.01445,0.70139,254.31
0.5011,2.6345,5.0704,4.0659,2.8371,1.0152,1.8672,0.39097,0.76697,0.015399,0.01445,0.70139,254.31
0.5011,2.6345,5.0704,4.0659,2.8371,1.0152,1.8672,0.39097,0.76697,0.015399,0.01445,0.70139,254.31
0.50111,2.6346,5.0704,4.0659,2.8371,1.0152,1.8672,0.39097,0.76697,0.015399,0.01445,0.70139,254.32
0.50111,2.6346,5.0704,4.0659,2.8371,1.0152,1.8672,0.39097,0.76697,0.015399,0.01445,0.70139,254.32
