0.86924,2.1129,4.9847,3.3125,2.6636,0.52824,1.657,0.39248,0.76196,0.014499,0.01445,0.69623,251.31
0.86211,2.1811,4.8929,3.3271,2.535,0.556,1.535,0.38854,0.75825,0.01511,0.01445,0.69819,253.08
0.88348,2.0744,5.0346,3.3037,2.7267,0.52403,1.7658,0.39418,0.77229,0.014944,0.01445,0.69529,251.39
0.89061,2.1363,5.093,3.5466,2.8122,0.58486,1.8698,0.39544,0.77164,0.015312,0.01445,0.69344,252.96
0.86046,2.2036,4.8992,3.3553,2.5366,0.57208,1.5359,0.38912,0.75658,0.015114,0.01445,0.69889,253.66
0.85881,2.2248,4.8889,3.3625,2.5233,0.58772,1.517,0.38723,0.75667,0.015313,0.01445,0.69931,254.32
0.89231,2.1643,5.124,3.667,2.8623,0.617,1.914,0.39597,0.77053,0.015433,0.01445,0.69232,253.47
0.89402,2.1823,5.0646,3.7603,2.7964,0.65241,1.861,0.39683,0.77072,0.015037,0.01445,0.69111,254.12
0.89461,2.2138,5.0974,3.8246,2.8384,0.68287,1.9007,0.39638,0.7712,0.015518,0.01445,0.69125,254.3
0.8947,2.2852,5.1139,3.9834,2.8554,0.76661,1.9145,0.39649,0.77122,0.015511,0.01445,0.69143,254.31
0.89478,2.3606,5.1186,4.1573,2.8617,0.85436,1.9192,0.39646,0.77107,0.01557,0.01445,0.69134,254.31
0.89487,2.457,5.1205,4.3766,2.8639,0.96728,1.9202,0.3964,0.77103,0.015578,0.01445,0.69127,254.31
0.8588,2.2296,4.8842,3.364,2.5141,0.58015,1.5156,0.38726,0.75557,0.01537,0.01445,0.69957,254.29
0.85879,2.2046,4.8611,3.3012,2.4841,0.54836,1.4917,0.38708,0.75564,0.015575,0.01445,0.69965,254.28
0.85878,2.1827,4.8575,3.249,2.4789,0.51696,1.4896,0.38687,0.75541,0.015399,0.01445,0.69967,254.28
0.85878,2.1535,4.8457,3.1949,2.4631,0.48858,1.4766,0.38778,0.75522,0.015526,0.01445,0.69968,254.27
0.85877,2.155,4.8459,3.1951,2.4636,0.48846,1.4773,0.38756,0.75524,0.015501,0.01445,0.69969,254.27
0.85876,2.1524,4.8463,3.1828,2.4643,0.48181,1.4787,0.3871,0.75538,0.015427,0.01445,0.69974,254.27
0.85875,2.1142,4.8365,3.0991,2.4518,0.43847,1.4679,0.38734,0.75544,0.015486,0.01445,0.69977,254.27
0.85874,2.0944,4.8391,3.0555,2.4552,0.41339,1.4715,0.38737,0.75531,0.015408,0.01445,0.69979,254.27
0.85873,2.0486,4.8324,2.9525,2.4471,0.35764,1.4656,0.38741,0.75526,0.015438,0.01445,0.69984,254.26
0.85873,1.9691,4.824,2.7787,2.4363,0.26374,1.4572,0.38769,0.7552,0.015455,0.01445,0.69989,254.24
0.85872,1.7643,4.8707,2.3333,2.4957,0.019918,1.507,0.38868,0.75475,0.015359,0.01445,0.70022,254.2
0.85871,1.7634,4.8634,2.3228,2.4863,0.016308,1.4995,0.38823,0.75495,0.015437,0.01445,0.70029,254.2
0.8587,1.7633,4.8556,2.3228,2.4767,0.015476,1.492,0.38829,0.75483,0.015434,0.01445,0.70027,254.21
0.85869,1.7633,4.8557,2.3229,2.4767,0.015476,1.492,0.38829,0.75483,0.015434,0.01445,0.70027,254.21
0.85868,1.7609,4.8484,2.3142,2.4677,0.011839,1.4851,0.38812,0.75495,0.015417,0.01445,0.70028,254.21
0.85868,1.7503,4.8484,2.2929,2.4677,0.00013134,1.485,0.3883,0.7549,0.015431,0.01445,0.70028,254.21
0.85867,1.7502,4.8484,2.2927,2.4677,3.8938e-05,1.4851,0.3883,0.7549,0.015431,0.01445,0.70028,254.22
0.85866,1.7502,4.8487,2.2928,2.468,0.00016419,1.4851,0.3883,0.75489,0.015431,0.01445,0.70028,254.22
0.85865,1.7501,4.8487,2.2925,2.468,2.8636e-05,1.4851,0.3883,0.75489,0.015431,0.01445,0.70028,254.22
0.85864,1.7501,4.8487,2.2925,2.468,2.6714e-05,1.4851,0.3883,0.75489,0.015431,0.01445,0.70028,254.23
0.85863,1.7501,4.8487,2.2925,2.468,5.6772e-05,1.4851,0.3883,0.75489,0.015431,0.01445,0.70028,254.23
0.85863,1.75,4.8488,2.2924,2.468,3.6434e-05,1.4851,0.3883,0.75489,0.015431,0.01445,0.70028,254.23
0.85862,1.7501,4.8494,2.2928,2.4685,0.00021904,1.4851,0.3883,0.75487,0.015431,0.01445,0.70029,254.24
0.85861,1.7499,4.8494,2.2925,2.4686,3.1593e-05,1.4851,0.3883,0.75487,0.015431,0.01445,0.70029,254.24
0.8586,1.7499,4.8494,2.2924,2.4686,2.1826e-05,1.4851,0.3883,0.75487,0.015431,0.01445,0.70029,254.24
0.85859,1.7499,4.8494,2.2924,2.4686,4.6083e-05,1.4851,0.3883,0.75487,0.015431,0.01445,0.70029,254.25
0.85858,1.7498,4.8494,2.2923,2.4686,3.0777e-05,1.4851,0.3883,0.75487,0.015431,0.01445,0.70029,254.25
0.85858,1.7498,4.8494,2.2923,2.4686,6.2515e-05,1.4851,0.3883,0.75487,0.015431,0.01445,0.70029,254.25
0.85857,1.7499,4.8498,2.2924,2.469,0.00015419,1.4851,0.38829,0.75485,0.015432,0.01445,0.70029,254.26
0.85856,1.7506,4.8492,2.293,2.4681,0.00018602,1.4845,0.38827,0.7548,0.015461,0.01445,0.7003,254.26
0.85855,1.7505,4.8492,2.2927,2.4682,2.9355e-05,1.4846,0.38827,0.7548,0.015461,0.01445,0.7003,254.27
0.85854,1.7504,4.8492,2.2927,2.4682,1.9975e-05,1.4846,0.38827,0.7548,0.015461,0.01445,0.7003,254.27
0.85853,1.7504,4.8492,2.2927,2.4682,4.4507e-05,1.4846,0.38827,0.7548,0.015461,0.01445,0.7003,254.27
0.85853,1.7504,4.8492,2.2926,2.4682,3.17e-05,1.4846,0.38827,0.7548,0.015461,0.01445,0.7003,254.28
0.85852,1.7504,4.8492,2.2926,2.4682,6.4416e-05,1.4846,0.38827,0.7548,0.015461,0.01445,0.7003,254.28
0.85851,1.7504,4.8495,2.2925,2.4686,9.4637e-05,1.4846,0.38827,0.75479,0.015461,0.01445,0.7003,254.28
0.8585,1.751,4.8493,2.293,2.4683,0.00024088,1.4846,0.38822,0.75477,0.015454,0.01445,0.70031,254.29
0.85849,1.7508,4.8493,2.2926,2.4683,3.2474e-05,1.4846,0.38822,0.75477,0.015454,0.01445,0.70031,254.29
0.85848,1.7508,4.8494,2.2926,2.4684,2.3559e-05,1.4846,0.38822,0.75477,0.015454,0.01445,0.70031,254.29
0.85847,1.7508,4.8494,2.2926,2.4684,5.0871e-05,1.4846,0.38822,0.75477,0.015454,0.01445,0.70031,254.3
0.85847,1.7508,4.8494,2.2925,2.4684,3.4084e-05,1.4846,0.38822,0.75477,0.015453,0.01445,0.70031,254.3
0.85846,1.7508,4.8496,2.2925,2.4688,0.00012423,1.4846,0.38822,0.75477,0.015454,0.01445,0.70031,254.3
0.85845,1.7519,4.8485,2.2938,2.4672,0.00011903,1.4836,0.38818,0.75467,0.015469,0.01445,0.70033,254.31
0.85844,1.7518,4.8485,2.2936,2.4672,3.5855e-05,1.4836,0.38818,0.75467,0.015468,0.01445,0.70033,254.31
0.85843,1.7517,4.8485,2.2935,2.4672,2.0991e-05,1.4836,0.38818,0.75467,0.015468,0.01445,0.70033,254.31
0.85842,1.7517,4.8485,2.2935,2.4672,2.1538e-05,1.4836,0.38818,0.75467,0.015468,0.01445,0.70033,254.32
0.89488,2.5572,5.1169,4.6015,2.8586,1.0823,1.9155,0.39624,0.77083,0.015561,0.01445,0.69122,254.28
0.89489,4.1094,5.1376,8.0659,2.8743,2.8857,1.9132,0.39434,0.76927,0.015571,0.01445,0.69096,253.82
0.8949,4.8667,5.0872,9.7629,2.8105,3.7673,1.8525,0.39325,0.76794,0.015541,0.01445,0.69033,253.63
0.8949,5.3008,5.0495,10.729,2.7618,4.2747,1.8077,0.39271,0.76734,0.015425,0.01445,0.69003,253.55
0.89491,6.1934,5.0529,12.689,2.7587,5.3166,1.7928,0.39175,0.76646,0.015403,0.01445,0.69006,253.45
0.89492,6.2507,5.0318,12.824,2.7335,5.3844,1.7712,0.39154,0.76635,0.015389,0.01445,0.68986,253.44
0.89493,6.2858,5.0064,12.913,2.7022,5.4264,1.7451,0.3915,0.76604,0.015404,0.01445,0.68963,253.43
0.89494,6.4594,4.9945,13.292,2.6873,5.628,1.7316,0.39117,0.76589,0.015412,0.01445,0.68957,253.42
0.89495,6.5187,4.9797,13.426,2.669,5.6993,1.7156,0.39118,0.76588,0.015403,0.01445,0.68946,253.42
0.89496,6.5865,4.9696,13.576,2.656,5.7782,1.7044,0.39107,0.76574,0.015405,0.01445,0.6894,253.42
0.89497,6.6563,4.9606,13.732,2.6444,5.8619,1.6937,0.39118,0.76565,0.015405,0.01445,0.68934,253.41
0.89497,6.6781,4.956,13.782,2.6386,5.8871,1.6883,0.39098,0.7657,0.015408,0.01445,0.68929,253.41
0.89498,6.761,4.9462,13.964,2.6256,5.986,1.6768,0.39105,0.7657,0.015395,0.01445,0.68926,253.41
0.89499,6.7943,4.9283,14.043,2.6036,6.0249,1.6585,0.39089,0.76559,0.015403,0.01445,0.68912,253.41
0.895,6.8952,4.908,14.267,2.5778,6.1435,1.6367,0.39074,0.76548,0.015394,0.01445,0.68901,253.41
0.89501,6.9335,4.9045,14.349,2.5731,6.189,1.6322,0.39079,0.76545,0.01539,0.01445,0.68901,253.41
0.89502,6.9424,4.9036,14.371,2.5719,6.1987,1.6312,0.39066,0.76541,0.015397,0.01445,0.68898,253.41
0.89503,6.9707,4.899,14.431,2.5659,6.2323,1.6262,0.39071,0.76542,0.015388,0.01445,0.68898,253.41
0.89504,6.9848,4.8965,14.464,2.563,6.2486,1.6237,0.39064,0.7654,0.015393,0.01445,0.68894,253.41
0.89504,7.043,4.8928,14.592,2.5583,6.3166,1.6189,0.39055,0.76533,0.015399,0.01445,0.68891,253.42
0.89505,7.0554,4.8894,14.621,2.554,6.3316,1.6153,0.39055,0.76534,0.015398,0.01445,0.68889,253.42
0.89506,7.093,4.8815,14.706,2.5439,6.3761,1.6066,0.39051,0.76528,0.015399,0.01445,0.68883,253.42
0.89507,7.1033,4.8794,14.728,2.5412,6.3883,1.6044,0.39053,0.76527,0.015399,0.01445,0.68882,253.42
0.89508,7.1118,4.8788,14.747,2.5405,6.3983,1.6038,0.39052,0.76527,0.0154,0.01445,0.68882,253.42
0.89509,7.1154,4.8785,14.756,2.5401,6.4023,1.6034,0.39049,0.76526,0.015402,0.01445,0.68881,253.43
0.8951,7.1398,4.8742,14.81,2.5348,6.4313,1.5987,0.39048,0.76525,0.015403,0.01445,0.68878,253.43
0.89511,7.1446,4.8736,14.821,2.534,6.4368,1.5981,0.39046,0.76524,0.015403,0.01445,0.68878,253.43
0.89511,7.1533,4.8724,14.84,2.5324,6.447,1.5967,0.39047,0.76524,0.015403,0.01445,0.68877,253.43
0.89512,7.1572,4.8716,14.849,2.5314,6.4517,1.5959,0.39045,0.76524,0.015404,0.01445,0.68876,253.43
0.89513,7.1608,4.8711,14.857,2.5307,6.4557,1.5953,0.39045,0.76523,0.015405,0.01445,0.68876,253.44
0.89514,7.1674,4.8702,14.871,2.5296,6.4635,1.5944,0.39047,0.76521,0.015404,0.01445,0.68876,253.44
0.89515,7.1687,4.8701,14.875,2.5294,6.465,1.5943,0.39045,0.76523,0.015405,0.01445,0.68875,253.44
0.89516,7.1699,4.8699,14.878,2.5292,6.4663,1.5941,0.39044,0.76522,0.015406,0.01445,0.68875,253.44
0.89517,7.1752,4.8694,14.889,2.5285,6.4727,1.5935,0.39046,0.76523,0.015406,0.01445,0.68874,253.44
0.89518,7.1794,4.869,14.899,2.5281,6.4775,1.5932,0.39044,0.76522,0.015408,0.01445,0.68874,253.45
0.89518,7.1838,4.8686,14.909,2.5276,6.4825,1.5927,0.39043,0.76521,0.015409,0.01445,0.68873,253.45
0.89519,7.1866,4.8683,14.915,2.5271,6.486,1.5923,0.39045,0.76522,0.015409,0.01445,0.68873,253.45
0.8952,7.1893,4.8681,14.921,2.5269,6.489,1.5921,0.39045,0.76521,0.01541,0.01445,0.68873,253.45
0.89521,7.1924,4.868,14.928,2.5268,6.4926,1.5921,0.39044,0.76521,0.015411,0.01445,0.68873,253.45
0.89522,7.1973,4.8677,14.939,2.5265,6.4984,1.5918,0.39044,0.76521,0.015412,0.01445,0.68872,253.46
0.89523,7.204,4.8674,14.954,2.5261,6.5062,1.5914,0.39043,0.7652,0.015412,0.01445,0.68872,253.46
0.89524,7.2093,4.867,14.966,2.5256,6.5123,1.5909,0.39042,0.7652,0.015413,0.01445,0.68871,253.46
0.89525,7.2143,4.8667,14.977,2.5251,6.5183,1.5905,0.39043,0.7652,0.015413,0.01445,0.68871,253.46
0.89525,7.2161,4.8666,14.981,2.525,6.5202,1.5904,0.39042,0.76519,0.015415,0.01445,0.68871,253.46
0.89526,7.2205,4.8662,14.991,2.5245,6.5254,1.59,0.39042,0.76518,0.015415,0.01445,0.6887,253.47
0.89527,7.2225,4.8661,14.995,2.5245,6.5277,1.59,0.39042,0.7652,0.015415,0.01445,0.6887,253.47
0.89528,7.2252,4.8661,15.002,2.5244,6.531,1.5898,0.39042,0.7652,0.015416,0.01445,0.6887,253.47
0.89529,7.2316,4.8659,15.016,2.5242,6.5385,1.5896,0.39042,0.76519,0.015417,0.01445,0.6887,253.47
0.8953,7.2336,4.8658,15.021,2.5241,6.5406,1.5896,0.39041,0.76518,0.015418,0.01445,0.68869,253.48
0.89531,7.2375,4.8655,15.029,2.5237,6.5452,1.5893,0.3904,0.76519,0.015418,0.01445,0.68869,253.48
0.89532,7.2404,4.8655,15.036,2.5236,6.5486,1.5892,0.39041,0.76519,0.015419,0.01445,0.68869,253.48
0.89532,7.2438,4.8653,15.043,2.5235,6.5526,1.589,0.39041,0.76518,0.01542,0.01445,0.68869,253.48
0.89533,7.2496,4.8651,15.056,2.5232,6.5593,1.5888,0.3904,0.76518,0.015421,0.01445,0.68868,253.48
0.89534,7.2512,4.865,15.06,2.5231,6.561,1.5887,0.39039,0.76517,0.015422,0.01445,0.68868,253.49
0.89535,7.252,4.8649,15.062,2.523,6.562,1.5886,0.39041,0.76517,0.015422,0.01445,0.68868,253.49
0.89536,7.2538,4.8648,15.066,2.5228,6.5641,1.5886,0.39041,0.76517,0.015422,0.01445,0.68868,253.49
0.89537,7.256,4.8648,15.071,2.5228,6.5667,1.5885,0.3904,0.76517,0.015423,0.01445,0.68867,253.49
0.89538,7.2604,4.8646,15.081,2.5226,6.5718,1.5883,0.3904,0.76517,0.015424,0.01445,0.68867,253.49
0.89538,7.2637,4.8645,15.088,2.5225,6.5755,1.5882,0.39039,0.76516,0.015425,0.01445,0.68867,253.5
0.89539,7.2667,4.8644,15.095,2.5223,6.579,1.5882,0.3904,0.76516,0.015425,0.01445,0.68867,253.5
0.8954,7.2695,4.8643,15.101,2.5223,6.5823,1.5881,0.3904,0.76517,0.015426,0.01445,0.68867,253.5
0.89541,7.2714,4.8643,15.105,2.5222,6.5845,1.588,0.3904,0.76516,0.015427,0.01445,0.68866,253.5
0.89542,7.2752,4.8641,15.114,2.5221,6.589,1.5879,0.39039,0.76517,0.015428,0.01445,0.68866,253.5
0.89543,7.2772,4.8641,15.119,2.522,6.5913,1.5878,0.39039,0.76516,0.015429,0.01445,0.68865,253.51
0.89544,7.2834,4.8638,15.133,2.5217,6.5983,1.5875,0.39037,0.76514,0.01543,0.01445,0.68865,253.51
0.89545,7.2848,4.8637,15.136,2.5216,6.6003,1.5875,0.3904,0.76516,0.01543,0.01445,0.68865,253.51
0.89545,7.2901,4.8636,15.148,2.5214,6.6063,1.5873,0.39038,0.76515,0.015432,0.01445,0.68865,253.51
0.89546,7.296,4.8635,15.161,2.5212,6.6133,1.587,0.39038,0.76515,0.015432,0.01445,0.68865,253.52
0.89547,7.2991,4.8633,15.167,2.521,6.6167,1.5869,0.39038,0.76514,0.015433,0.01445,0.68864,253.52
0.89548,7.3009,4.8633,15.172,2.5209,6.6189,1.5868,0.39038,0.76515,0.015433,0.01445,0.68864,253.52
0.89549,7.3044,4.8632,15.18,2.5209,6.623,1.5867,0.39038,0.76515,0.015434,0.01445,0.68864,253.52
0.8955,7.3081,4.8631,15.188,2.5207,6.6272,1.5866,0.39037,0.76514,0.015435,0.01445,0.68864,253.52
0.89551,7.3092,4.863,15.191,2.5206,6.6285,1.5865,0.39038,0.76514,0.015436,0.01445,0.68863,253.53
0.89552,7.3121,4.8629,15.197,2.5205,6.6317,1.5865,0.39037,0.76513,0.015436,0.01445,0.68863,253.53
0.89552,7.3137,4.8629,15.2,2.5204,6.6336,1.5864,0.39036,0.76515,0.015436,0.01445,0.68863,253.53
0.89553,7.3157,4.8628,15.205,2.5203,6.636,1.5864,0.39038,0.76513,0.015437,0.01445,0.68863,253.53
0.89554,7.3186,4.8628,15.212,2.5203,6.6395,1.5863,0.39038,0.76514,0.015438,0.01445,0.68863,253.53
0.89555,7.3227,4.8627,15.221,2.5202,6.6441,1.5862,0.39038,0.76513,0.015439,0.01445,0.68862,253.54
0.89556,7.325,4.8626,15.226,2.5201,6.6468,1.5862,0.39036,0.76514,0.01544,0.01445,0.68862,253.54
0.89558,7.3254,4.8625,15.227,2.5201,6.6475,1.5861,0.39041,0.76514,0.015441,0.01445,0.68862,253.54
0.8956,7.3259,4.8625,15.229,2.5201,6.6479,1.5862,0.39039,0.76516,0.015442,0.01445,0.68862,253.55
0.89562,7.3286,4.8625,15.235,2.52,6.6508,1.5863,0.39038,0.76516,0.015444,0.01445,0.68861,253.55
0.89564,7.3311,4.8625,15.241,2.52,6.6537,1.5863,0.39038,0.76514,0.015446,0.01445,0.6886,253.56
0.89567,7.3356,4.8625,15.252,2.5201,6.659,1.5864,0.39039,0.76514,0.015448,0.01445,0.6886,253.56
0.89569,7.3416,4.8626,15.265,2.5203,6.6659,1.5866,0.3904,0.76514,0.015449,0.01445,0.6886,253.57
0.89571,7.3432,4.8626,15.269,2.5203,6.6675,1.5866,0.39038,0.76515,0.015451,0.01445,0.68859,253.57
0.89573,7.3459,4.8627,15.275,2.5203,6.6707,1.5867,0.39039,0.76514,0.015452,0.01445,0.68859,253.58
0.89575,7.3475,4.8626,15.279,2.5203,6.6725,1.5868,0.39041,0.76513,0.015453,0.01445,0.68859,253.58
0.89577,7.3499,4.8627,15.284,2.5203,6.675,1.5868,0.39038,0.76516,0.015454,0.01445,0.68858,253.59
0.89579,7.3544,4.8627,15.294,2.5204,6.6802,1.587,0.39038,0.76517,0.015455,0.01445,0.68858,253.59
0.89581,7.3548,4.8627,15.295,2.5204,6.6809,1.587,0.39042,0.76515,0.015456,0.01445,0.68858,253.6
0.89583,7.357,4.8627,15.301,2.5205,6.6831,1.5871,0.39039,0.76514,0.015459,0.01445,0.68857,253.6
0.89585,7.3596,4.8627,15.307,2.5205,6.6862,1.5872,0.39043,0.76513,0.01546,0.01445,0.68857,253.61
0.89588,7.365,4.8628,15.319,2.5207,6.6925,1.5874,0.39043,0.76515,0.015462,0.01445,0.68857,253.62
0.8959,7.3717,4.8629,15.334,2.5208,6.7002,1.5875,0.39041,0.76514,0.015464,0.01445,0.68856,253.62
0.89592,7.3791,4.8631,15.351,2.5211,6.7091,1.5877,0.39044,0.76515,0.015466,0.01445,0.68856,253.63
0.89594,7.3847,4.8631,15.364,2.5211,6.715,1.5877,0.39041,0.76511,0.01547,0.01445,0.68855,253.63
0.89596,7.3896,4.8631,15.375,2.5212,6.7211,1.5877,0.39042,0.76515,0.01547,0.01445,0.68855,253.64
0.89598,7.4026,4.8633,15.404,2.5215,6.7363,1.5878,0.39041,0.76515,0.015472,0.01445,0.68854,253.64
0.896,7.4082,4.8632,15.417,2.5214,6.7426,1.5878,0.3904,0.76513,0.015476,0.01445,0.68853,253.65
0.89602,7.4197,4.8633,15.443,2.5214,6.756,1.5876,0.39039,0.76512,0.015479,0.01445,0.68853,253.65
0.89604,7.4305,4.8633,15.466,2.5214,6.7686,1.5875,0.39039,0.76511,0.015481,0.01445,0.68853,253.66
0.89607,7.4427,4.8631,15.494,2.5212,6.7829,1.5873,0.39038,0.76511,0.015483,0.01445,0.68852,253.66
0.89609,7.4451,4.863,15.5,2.5211,6.7854,1.5872,0.39037,0.76509,0.015486,0.01445,0.68851,253.67
0.89611,7.4555,4.8626,15.522,2.5205,6.7973,1.5869,0.39035,0.76509,0.015486,0.01445,0.68851,253.67
0.89613,7.4585,4.8625,15.529,2.5203,6.8008,1.5868,0.39037,0.76508,0.015487,0.01445,0.68851,253.68
0.89615,7.4678,4.8624,15.55,2.5202,6.8119,1.5865,0.39038,0.76511,0.015489,0.01445,0.6885,253.68
0.89617,7.4742,4.8623,15.565,2.5202,6.8192,1.5864,0.39036,0.76508,0.015492,0.01445,0.68849,253.69
0.89619,7.4847,4.8619,15.588,2.5198,6.8313,1.5861,0.39035,0.76508,0.015494,0.01445,0.68849,253.69
0.89621,7.4955,4.8616,15.612,2.5194,6.8441,1.5856,0.39035,0.76508,0.015496,0.01445,0.68848,253.7
0.89623,7.5124,4.8607,15.649,2.5182,6.8638,1.5846,0.39035,0.76506,0.015499,0.01445,0.68847,253.7
0.89625,7.5172,4.8605,15.661,2.5179,6.869,1.5844,0.39034,0.76502,0.015502,0.01445,0.68846,253.71
0.89628,7.518,4.8605,15.662,2.5179,6.8699,1.5844,0.39033,0.76506,0.015501,0.01445,0.68846,253.71
0.8963,7.5204,4.8604,15.668,2.5178,6.8727,1.5844,0.39033,0.76504,0.015503,0.01445,0.68846,253.72
0.89632,7.5298,4.8602,15.689,2.5176,6.8838,1.5842,0.39035,0.76505,0.015505,0.01445,0.68845,253.72
0.89634,7.536,4.86,15.703,2.5174,6.8906,1.5841,0.39035,0.76501,0.015508,0.01445,0.68845,253.73
0.89636,7.54,4.86,15.712,2.5174,6.8955,1.5841,0.39034,0.76505,0.015509,0.01445,0.68844,253.73
0.89638,7.5509,4.8598,15.737,2.5172,6.9082,1.5838,0.39034,0.76504,0.015511,0.01445,0.68844,253.74
0.8964,7.5563,4.8597,15.749,2.517,6.9142,1.5837,0.39033,0.76501,0.015514,0.01445,0.68843,253.74
0.89642,7.5625,4.8595,15.763,2.5168,6.9216,1.5836,0.39036,0.76502,0.015514,0.01445,0.68843,253.75
0.89644,7.5899,4.8592,15.823,2.5163,6.9539,1.5827,0.39035,0.76501,0.015515,0.01445,0.68843,253.75
0.89647,7.5909,4.8592,15.826,2.5162,6.9547,1.5827,0.3903,0.76503,0.015517,0.01445,0.68842,253.76
0.89649,7.5966,4.8591,15.839,2.5162,6.9614,1.5827,0.39028,0.76505,0.01552,0.01445,0.68841,253.76
0.89651,7.5986,4.8591,15.844,2.5163,6.9637,1.5828,0.39032,0.76502,0.015522,0.01445,0.68841,253.77
0.89653,7.6053,4.8589,15.859,2.516,6.971,1.5826,0.39029,0.76497,0.015525,0.01445,0.6884,253.77
0.89655,7.621,4.8588,15.893,2.5158,6.9897,1.5823,0.3903,0.76503,0.015523,0.01445,0.68841,253.78
0.89657,7.6253,4.8587,15.904,2.5157,6.9946,1.5822,0.3903,0.76498,0.015529,0.01445,0.68839,253.78
0.89659,7.6278,4.8585,15.91,2.5155,6.9973,1.5821,0.39028,0.76499,0.015531,0.01445,0.68838,253.79
0.89661,7.6359,4.8581,15.927,2.5151,7.0067,1.5818,0.39031,0.76498,0.015531,0.01445,0.68838,253.8
0.89663,7.6421,4.8579,15.942,2.5149,7.0138,1.5817,0.39028,0.76498,0.015535,0.01445,0.68837,253.8
0.89666,7.6531,4.8575,15.966,2.5143,7.0266,1.5811,0.39027,0.76498,0.015537,0.01445,0.68837,253.81
0.89668,7.6624,4.8571,15.987,2.5138,7.0373,1.5807,0.39027,0.76496,0.01554,0.01445,0.68836,253.81
0.8967,7.6736,4.8565,16.011,2.5132,7.0506,1.5801,0.39029,0.76496,0.01554,0.01445,0.68836,253.82
0.89672,7.6775,4.8564,16.021,2.513,7.055,1.5801,0.39026,0.76497,0.015545,0.01445,0.68834,253.82
0.89674,7.6894,4.8561,16.047,2.5126,7.0686,1.5796,0.39024,0.76494,0.015547,0.01445,0.68834,253.83
0.89676,7.7305,4.8538,16.136,2.5095,7.1165,1.5766,0.3902,0.76491,0.015544,0.01445,0.68834,253.83
0.89678,7.7332,4.8536,16.144,2.5091,7.1195,1.5764,0.39018,0.76489,0.015547,0.01445,0.68833,253.84
0.8968,7.7348,4.8535,16.148,2.5091,7.1217,1.5763,0.39024,0.7649,0.015547,0.01445,0.68832,253.84
0.89682,7.7355,4.8535,16.15,2.5091,7.1225,1.5763,0.39022,0.76492,0.015548,0.01445,0.68832,253.85
0.89684,7.7407,4.8533,16.161,2.5088,7.1282,1.5762,0.39017,0.76496,0.015549,0.01445,0.68832,253.85
0.89687,7.7419,4.8533,16.164,2.5087,7.1298,1.5763,0.39025,0.76491,0.015551,0.01445,0.68831,253.86
0.89689,7.7768,4.8522,16.241,2.5075,7.1705,1.5747,0.39019,0.7649,0.015556,0.01445,0.6883,253.86
0.89691,7.7803,4.852,16.25,2.5073,7.1745,1.5746,0.39018,0.76487,0.015561,0.01445,0.68828,253.87
0.89693,7.7879,4.8514,16.267,2.5065,7.183,1.574,0.39015,0.76485,0.015562,0.01445,0.68828,253.87
0.89695,7.7894,4.8513,16.27,2.5063,7.1852,1.5739,0.39022,0.76488,0.015561,0.01445,0.68829,253.88
0.89697,7.8204,4.8501,16.339,2.5048,7.2212,1.5723,0.39015,0.76484,0.015564,0.01445,0.68827,253.88
0.89699,7.8228,4.8498,16.345,2.5045,7.2238,1.5721,0.39015,0.76482,0.015566,0.01445,0.68826,253.89
0.89701,7.8254,4.8497,16.351,2.5044,7.2269,1.572,0.39017,0.76484,0.015567,0.01445,0.68826,253.89
0.89703,7.828,4.8496,16.357,2.5044,7.23,1.572,0.39019,0.76484,0.015569,0.01445,0.68825,253.9
0.89706,7.8288,4.8496,16.359,2.5043,7.2307,1.5721,0.39017,0.76486,0.015569,0.01445,0.68825,253.9
0.89708,7.8346,4.8495,16.372,2.5041,7.2373,1.572,0.39014,0.76488,0.015571,0.01445,0.68824,253.91
0.8971,7.8375,4.8494,16.379,2.5041,7.2408,1.572,0.39017,0.76485,0.015574,0.01445,0.68824,253.91
0.89712,7.8424,4.8493,16.39,2.5039,7.2462,1.5719,0.39018,0.76482,0.015576,0.01445,0.68823,253.92
0.89714,7.8459,4.8493,16.398,2.504,7.2505,1.572,0.39018,0.76485,0.015577,0.01445,0.68823,253.92
0.89716,7.8566,4.8492,16.422,2.504,7.2633,1.5718,0.39022,0.76484,0.015579,0.01445,0.68823,253.93
0.89718,7.8575,4.8492,16.425,2.5039,7.264,1.5718,0.39016,0.76487,0.015581,0.01445,0.68822,253.94
0.8972,7.8583,4.8492,16.427,2.5039,7.2648,1.5718,0.39019,0.76485,0.015582,0.01445,0.68822,253.94
0.89722,7.8639,4.849,16.44,2.5037,7.2709,1.5718,0.39016,0.76481,0.015586,0.01445,0.68821,253.95
0.89724,7.8703,4.8491,16.454,2.5038,7.2786,1.5718,0.39018,0.76484,0.015587,0.01445,0.68821,253.95
0.89727,7.8839,4.8492,16.484,2.504,7.2946,1.5718,0.39019,0.76484,0.015591,0.01445,0.6882,253.96
0.89729,7.8882,4.8491,16.495,2.504,7.2995,1.5718,0.39016,0.76483,0.015596,0.01445,0.68818,253.96
0.89731,7.9025,4.8487,16.526,2.5034,7.3157,1.5713,0.39014,0.76481,0.015597,0.01445,0.68819,253.97
0.89733,7.9099,4.8485,16.542,2.5031,7.3244,1.5711,0.39014,0.76481,0.015599,0.01445,0.68818,253.97
0.89735,7.9341,4.8478,16.595,2.5022,7.3524,1.5701,0.39011,0.76478,0.015601,0.01445,0.68818,253.98
0.89737,7.9405,4.8474,16.609,2.5018,7.36,1.5698,0.39012,0.76479,0.015602,0.01445,0.68817,253.98
0.89739,7.9468,4.8472,16.624,2.5015,7.3673,1.5695,0.39012,0.76478,0.015604,0.01445,0.68817,253.99
0.89741,7.955,4.847,16.642,2.5013,7.3768,1.5692,0.39012,0.76478,0.015606,0.01445,0.68816,253.99
0.89743,7.9611,4.8467,16.656,2.5009,7.3837,1.569,0.39014,0.76474,0.015608,0.01445,0.68816,254
0.89746,7.9627,4.8467,16.659,2.5009,7.3854,1.569,0.39007,0.76481,0.015608,0.01445,0.68816,254
0.89748,7.9635,4.8467,16.662,2.5008,7.3864,1.569,0.39014,0.76476,0.015609,0.01445,0.68815,254.01
0.8975,7.9646,4.8466,16.664,2.5008,7.3875,1.5691,0.39011,0.76479,0.015611,0.01445,0.68815,254.01
0.89752,7.9699,4.8465,16.677,2.5006,7.3935,1.569,0.3901,0.7648,0.015614,0.01445,0.68814,254.02
0.89754,7.9826,4.8465,16.705,2.5007,7.4085,1.569,0.3901,0.76479,0.015616,0.01445,0.68814,254.02
0.89756,8.0202,4.8453,16.788,2.4991,7.4524,1.5671,0.39007,0.76473,0.01562,0.01445,0.68813,254.03
0.89758,8.0229,4.8451,16.795,2.4988,7.4552,1.5669,0.39005,0.7647,0.015622,0.01445,0.68812,254.03
0.8976,8.0343,4.8444,16.819,2.498,7.4686,1.5663,0.39007,0.76473,0.015621,0.01445,0.68812,254.04
0.89762,8.0353,4.8444,16.821,2.4979,7.4695,1.5663,0.39006,0.76472,0.015623,0.01445,0.68812,254.04
0.89764,8.0422,4.844,16.837,2.4975,7.4777,1.566,0.39007,0.76473,0.015624,0.01445,0.68811,254.05
0.89767,8.0458,4.8438,16.845,2.4972,7.4821,1.5659,0.39013,0.76472,0.015626,0.01445,0.6881,254.06
0.89769,8.0583,4.8434,16.873,2.4968,7.4962,1.5654,0.39005,0.7647,0.015629,0.01445,0.6881,254.06
0.89771,8.0612,4.8432,16.881,2.4965,7.4993,1.5652,0.39003,0.76468,0.015632,0.01445,0.68809,254.07
0.89773,8.0824,4.8422,16.927,2.4953,7.5245,1.5638,0.39004,0.76469,0.015634,0.01445,0.68808,254.07
0.89775,8.0856,4.842,16.935,2.495,7.5279,1.5637,0.39004,0.76466,0.015637,0.01445,0.68807,254.08
0.89777,8.0865,4.842,16.937,2.4949,7.529,1.5637,0.39004,0.7647,0.015637,0.01445,0.68807,254.08
0.89779,8.0903,4.8419,16.946,2.495,7.5335,1.5637,0.39005,0.76471,0.015639,0.01445,0.68806,254.09
0.89781,8.0923,4.842,16.951,2.495,7.5358,1.5639,0.39006,0.76469,0.015641,0.01445,0.68806,254.09
0.89783,8.0997,4.8419,16.968,2.495,7.5442,1.5638,0.39004,0.76467,0.015645,0.01445,0.68805,254.1
0.89786,8.1449,4.8409,17.064,2.4933,7.5966,1.5621,0.38999,0.76466,0.015647,0.01445,0.68807,254.1
0.89788,8.1502,4.8405,17.077,2.4929,7.6026,1.5618,0.38997,0.76464,0.01565,0.01445,0.68806,254.11
0.8979,8.1526,4.8404,17.084,2.4928,7.6057,1.5616,0.38999,0.76464,0.015653,0.01445,0.68804,254.11
0.89792,8.1551,4.8402,17.091,2.4925,7.6083,1.5614,0.38998,0.76462,0.015656,0.01445,0.68803,254.12
0.89794,8.173,4.8392,17.129,2.4913,7.6293,1.5603,0.38998,0.76464,0.015656,0.01445,0.68803,254.12
0.89796,8.1738,4.8391,17.132,2.4913,7.6301,1.5602,0.38998,0.76462,0.015657,0.01445,0.68802,254.13
0.89798,8.1767,4.8389,17.139,2.491,7.6333,1.5601,0.38998,0.7646,0.015659,0.01445,0.68801,254.13
0.898,8.1798,4.8388,17.145,2.4908,7.6368,1.56,0.38996,0.76465,0.015659,0.01445,0.68801,254.14
0.89802,8.1807,4.8387,17.148,2.4907,7.6379,1.56,0.39001,0.76462,0.01566,0.01445,0.68801,254.15
0.89805,8.1869,4.8386,17.162,2.4907,7.6451,1.56,0.38999,0.76463,0.015663,0.01445,0.688,254.15
0.89807,8.1912,4.8384,17.172,2.4905,7.6499,1.5599,0.38998,0.76461,0.015665,0.01445,0.688,254.16
0.89809,8.2036,4.8383,17.2,2.4904,7.6645,1.5596,0.38999,0.76461,0.015667,0.01445,0.68799,254.16
0.89811,8.2069,4.8381,17.207,2.4901,7.6681,1.5595,0.39001,0.76458,0.015669,0.01445,0.68798,254.17
0.89813,8.2086,4.8381,17.211,2.4901,7.67,1.5595,0.38995,0.76464,0.01567,0.01445,0.68798,254.17
0.89815,8.2097,4.8381,17.214,2.4901,7.6715,1.5596,0.39003,0.76461,0.01567,0.01445,0.68798,254.18
0.89817,8.2153,4.838,17.227,2.4901,7.6778,1.5597,0.39,0.76462,0.015674,0.01445,0.68797,254.18
0.89819,8.2255,4.8378,17.249,2.4899,7.6895,1.5595,0.39001,0.76459,0.015675,0.01445,0.68797,254.19
0.89821,8.2512,4.8374,17.306,2.4894,7.7196,1.5586,0.38996,0.7646,0.01568,0.01445,0.68796,254.19
0.89823,8.256,4.8371,17.318,2.4891,7.7247,1.5585,0.38993,0.76454,0.015684,0.01445,0.68795,254.2
0.89826,8.2565,4.8371,17.319,2.4891,7.7256,1.5585,0.38997,0.76458,0.015683,0.01445,0.68795,254.2
0.89828,8.2615,4.8368,17.33,2.4887,7.731,1.5583,0.38996,0.76455,0.015686,0.01445,0.68794,254.21
0.8983,8.265,4.837,17.338,2.4889,7.7354,1.5583,0.38997,0.76458,0.015686,0.01445,0.68794,254.21
0.89832,8.2732,4.8367,17.356,2.4885,7.7447,1.5581,0.38998,0.76457,0.015687,0.01445,0.68794,254.22
0.89834,8.2829,4.8365,17.378,2.4882,7.7558,1.5578,0.38995,0.76456,0.01569,0.01445,0.68794,254.22
0.89836,8.2874,4.8363,17.388,2.488,7.7609,1.5577,0.38994,0.76454,0.015692,0.01445,0.68793,254.23
0.89838,8.2918,4.8361,17.398,2.4878,7.7658,1.5576,0.38993,0.76456,0.015692,0.01445,0.68793,254.24
0.8984,8.2954,4.8361,17.406,2.4879,7.7704,1.5576,0.38998,0.76458,0.015693,0.01445,0.68792,254.24
0.89842,8.3125,4.8358,17.444,2.4875,7.7903,1.5571,0.38998,0.76455,0.015697,0.01445,0.68792,254.25
0.89845,8.3191,4.8357,17.459,2.4872,7.7977,1.5569,0.38994,0.76454,0.015701,0.01445,0.68791,254.25
0.89847,8.3387,4.835,17.502,2.4866,7.8206,1.5562,0.38992,0.76453,0.015703,0.01445,0.6879,254.26
0.89849,8.3423,4.8351,17.511,2.4866,7.8247,1.5561,0.38992,0.76451,0.015707,0.01445,0.68789,254.26
0.89851,8.3466,4.8349,17.521,2.4863,7.8296,1.556,0.38991,0.76451,0.015708,0.01445,0.68789,254.27
0.89853,8.3593,4.8344,17.548,2.4857,7.8441,1.5554,0.3899,0.7645,0.015709,0.01445,0.68789,254.27
0.89855,8.372,4.8338,17.577,2.4849,7.8591,1.5547,0.38991,0.7645,0.015711,0.01445,0.68788,254.28
0.89857,8.3912,4.8334,17.619,2.4844,7.8813,1.5541,0.38988,0.76449,0.015713,0.01445,0.68788,254.28
0.89859,8.3951,4.8331,17.627,2.484,7.8858,1.5538,0.38992,0.76447,0.015714,0.01445,0.68788,254.29
0.89861,8.3968,4.833,17.632,2.4839,7.8876,1.5538,0.38986,0.7645,0.015716,0.01445,0.68787,254.29
0.89863,8.3993,4.8329,17.638,2.4839,7.8905,1.5538,0.38989,0.76449,0.015718,0.01445,0.68786,254.3
0.89866,8.403,4.8327,17.647,2.4836,7.8945,1.5536,0.38987,0.76444,0.015721,0.01445,0.68785,254.3
0.89868,8.4037,4.8327,17.648,2.4836,7.8955,1.5537,0.38989,0.7645,0.01572,0.01445,0.68786,254.31
0.8987,8.4275,4.8322,17.7,2.483,7.9229,1.5531,0.38986,0.76446,0.015724,0.01445,0.68785,254.32
