0.4226,2.0251,5.0958,3.1596,2.8133,0.37496,1.8223,0.38724,0.76311,0.014348,0.01445,0.69464,251.01
0.41647,2.0579,5.1601,3.2657,2.8684,0.42355,1.8543,0.38386,0.76404,0.014474,0.01445,0.69435,252.36
0.43484,1.9706,5.1186,3.1643,2.8322,0.41473,1.8338,0.40223,0.76324,0.01433,0.01445,0.69538,251.21
0.44097,2.0634,5.0857,3.2941,2.7986,0.53683,1.8067,0.4045,0.76636,0.014887,0.01445,0.69679,252.11
0.44709,2.0967,5.0912,3.403,2.8084,0.59384,1.8187,0.41078,0.7639,0.01485,0.01445,0.69708,253.92
0.41402,2.099,5.1795,3.3442,2.9012,0.44897,1.8804,0.38045,0.76396,0.014681,0.01445,0.69383,252.98
0.41157,2.1268,5.1968,3.3972,2.9246,0.46603,1.8973,0.37755,0.7638,0.014918,0.01445,0.69358,253.76
0.41133,2.1292,5.1363,3.33,2.8453,0.45354,1.8348,0.37512,0.76545,0.01529,0.01445,0.69425,253.71
0.41109,2.1348,5.1229,3.3545,2.829,0.45268,1.8232,0.37511,0.76409,0.015324,0.01445,0.69398,253.78
0.41084,2.1177,5.0508,3.3161,2.7387,0.43646,1.7484,0.37491,0.76441,0.015422,0.01445,0.69366,253.81
0.4106,2.1006,4.9974,3.2792,2.6698,0.41571,1.694,0.37504,0.76405,0.015321,0.01445,0.6935,253.87
0.41036,2.0813,4.9668,3.2351,2.6333,0.39558,1.6623,0.37464,0.76447,0.015489,0.01445,0.69326,253.93
0.41012,2.0824,4.9681,3.2383,2.6347,0.39556,1.6633,0.37447,0.76436,0.015479,0.01445,0.69322,254.01
0.40988,2.0588,4.9466,3.187,2.6088,0.36724,1.6423,0.37433,0.76425,0.015543,0.01445,0.69305,254.08
0.40964,2.033,4.9381,3.123,2.5973,0.33053,1.6365,0.37441,0.76375,0.015445,0.01445,0.69317,254.14
0.40939,1.9713,4.9571,2.9592,2.6202,0.25686,1.6533,0.37377,0.76462,0.015403,0.01445,0.69358,254.17
0.40915,1.9728,4.9625,2.9686,2.628,0.2568,1.6594,0.37362,0.7643,0.015478,0.01445,0.69342,254.26
0.44735,2.2466,5.0425,3.7002,2.748,0.75901,1.7715,0.40974,0.76382,0.015414,0.01445,0.69723,253.82
0.44762,2.2945,5.0176,3.7872,2.7125,0.81092,1.7441,0.40943,0.76384,0.015282,0.01445,0.69747,253.87
0.44788,2.3555,4.9976,3.9095,2.6874,0.87882,1.7244,0.40925,0.76376,0.015616,0.01445,0.69751,253.93
0.44814,2.4863,4.9804,4.1888,2.6614,1.0352,1.7015,0.40891,0.76405,0.015162,0.01445,0.69755,253.95
0.4484,2.5828,4.966,4.3939,2.6465,1.1454,1.6898,0.40877,0.76385,0.015653,0.01445,0.69741,253.98
0.44867,2.7239,4.9702,4.7005,2.6486,1.315,1.69,0.40847,0.76422,0.015173,0.01445,0.69739,254
0.44893,2.8172,4.9658,4.9001,2.6466,1.4205,1.689,0.40839,0.76384,0.015653,0.01445,0.69726,254.03
0.44919,2.952,4.9636,5.1922,2.64,1.5818,1.6821,0.40812,0.76407,0.015193,0.01445,0.69724,254.06
0.44945,3.0538,4.9551,5.408,2.6328,1.6984,1.6765,0.40797,0.76392,0.015689,0.01445,0.69711,254.09
0.44972,3.2482,4.9535,5.8312,2.6269,1.9294,1.6701,0.4075,0.76406,0.015177,0.01445,0.69701,254.09
0.44998,3.3338,4.9461,6.0106,2.622,2.0256,1.6667,0.40738,0.76386,0.015712,0.01445,0.69689,254.13
0.45024,3.526,4.9479,6.427,2.6197,2.2537,1.6626,0.40691,0.76409,0.01521,0.01445,0.69682,254.13
0.4505,3.8664,4.9397,7.1552,2.6106,2.6492,1.6534,0.40575,0.76415,0.015468,0.01445,0.69657,254.04
0.45077,4.9406,4.9079,9.4832,2.5692,3.9005,1.6125,0.40185,0.76394,0.01532,0.01445,0.69553,253.7
0.45103,5.1105,4.8939,9.8513,2.5513,4.1012,1.5968,0.4017,0.7639,0.015562,0.01445,0.69536,253.72
0.45129,5.3065,4.8851,10.281,2.5393,4.3322,1.5854,0.40122,0.76387,0.015209,0.01445,0.69517,253.75
0.45193,5.3481,4.8873,10.365,2.5437,4.384,1.5888,0.40174,0.76404,0.015367,0.01445,0.6952,253.94
0.45257,5.4119,4.8753,10.494,2.5318,4.4572,1.5805,0.40212,0.7637,0.015667,0.01445,0.69515,254.12
0.45322,5.4949,4.8788,10.671,2.5329,4.5599,1.5797,0.40258,0.7638,0.015361,0.01445,0.69524,254.32
0.40911,1.9608,4.9425,2.9494,2.6041,0.2445,1.6398,0.37374,0.76418,0.015617,0.01445,0.69319,254.26
0.40907,1.9488,4.9391,2.9141,2.5988,0.22893,1.6361,0.37366,0.76426,0.015482,0.01445,0.69333,254.27
0.40903,1.9365,4.9335,2.8953,2.5926,0.21786,1.6297,0.37381,0.76427,0.015636,0.01445,0.69315,254.27
0.40899,1.9332,4.9335,2.8842,2.592,0.21156,1.6304,0.37378,0.76415,0.015556,0.01445,0.69323,254.28
0.40895,1.9211,4.9323,2.8484,2.5898,0.19898,1.6279,0.37362,0.76464,0.015491,0.01445,0.69337,254.29
0.40891,1.9154,4.9321,2.8407,2.5904,0.18873,1.6295,0.3737,0.76407,0.015543,0.01445,0.69326,254.29
0.40887,1.9032,4.9294,2.8084,2.5866,0.17759,1.6254,0.37363,0.76457,0.015549,0.01445,0.69333,254.3
0.40883,1.9018,4.9294,2.8088,2.5868,0.17254,1.6269,0.37372,0.76407,0.015549,0.01445,0.69328,254.31
0.40879,1.8913,4.9311,2.7798,2.5885,0.16291,1.6271,0.37359,0.76458,0.015544,0.01445,0.69336,254.32
0.45326,5.9416,4.8647,11.627,2.5164,5.0759,1.5643,0.40078,0.76373,0.015869,0.01445,0.69491,254.2
0.45331,7.0268,4.8445,14.006,2.486,6.3442,1.529,0.39729,0.76352,0.015429,0.01445,0.6939,253.99
0.45335,7.4355,4.8049,14.905,2.4374,6.823,1.4859,0.39614,0.76333,0.015655,0.01445,0.69335,253.95
0.4534,7.4585,4.7979,14.957,2.4286,6.8496,1.4792,0.39616,0.76325,0.015597,0.01445,0.69331,253.96
0.45344,7.5892,4.7697,15.239,2.3936,7.003,1.4494,0.39565,0.7633,0.015593,0.01445,0.69311,253.96
0.45349,7.7592,4.748,15.614,2.3665,7.2014,1.4269,0.39525,0.76317,0.015641,0.01445,0.69287,253.97
0.45353,7.7647,4.7451,15.629,2.3627,7.2099,1.4232,0.39538,0.76318,0.015605,0.01445,0.69284,253.98
0.45358,7.9264,4.7327,15.989,2.3467,7.4013,1.4076,0.39506,0.76316,0.015628,0.01445,0.69263,253.99
0.45362,7.9263,4.7319,15.989,2.3458,7.4015,1.407,0.39515,0.76311,0.015622,0.01445,0.69263,254
0.45366,7.9597,4.7181,16.062,2.3287,7.4423,1.3926,0.39507,0.76331,0.015616,0.01445,0.69255,254.01
0.45371,7.9594,4.718,16.063,2.3286,7.4414,1.3928,0.39518,0.76308,0.015606,0.01445,0.69254,254.02
0.45375,7.9621,4.7174,16.068,2.3279,7.445,1.3922,0.39518,0.76316,0.015613,0.01445,0.69254,254.03
0.4538,7.9696,4.7161,16.084,2.3264,7.4536,1.3911,0.39525,0.76307,0.015616,0.01445,0.69253,254.04
0.45384,7.9722,4.7156,16.09,2.3258,7.4573,1.3907,0.39528,0.76315,0.015621,0.01445,0.69252,254.05
0.45389,7.9821,4.7145,16.111,2.3246,7.4683,1.3897,0.39529,0.76306,0.015623,0.01445,0.69252,254.06
0.45393,7.9845,4.714,16.115,2.324,7.4718,1.3892,0.39534,0.76315,0.015628,0.01445,0.69251,254.07
0.45398,7.9946,4.7131,16.137,2.3229,7.483,1.3884,0.39532,0.76304,0.015626,0.01445,0.69251,254.08
0.45402,7.9977,4.7126,16.141,2.323,7.4877,1.3879,0.39538,0.76315,0.015632,0.01445,0.69251,254.1
0.45406,8.017,4.7114,16.182,2.3215,7.5094,1.3867,0.39531,0.76306,0.015641,0.01445,0.6925,254.11
0.45411,8.0305,4.71,16.209,2.3198,7.5268,1.3848,0.39531,0.76331,0.015656,0.01445,0.6925,254.12
0.45415,8.032,4.7105,16.213,2.3205,7.5277,1.3856,0.39538,0.76306,0.015645,0.01445,0.6925,254.13
0.4542,8.0514,4.7086,16.253,2.3181,7.5515,1.3833,0.39532,0.76334,0.015665,0.01445,0.6925,254.14
0.45424,8.0539,4.7092,16.259,2.3189,7.5533,1.3841,0.39539,0.76305,0.015653,0.01445,0.6925,254.15
0.45429,8.0591,4.7087,16.269,2.3185,7.5599,1.3837,0.3954,0.76313,0.015659,0.01445,0.6925,254.16
0.45433,8.081,4.7075,16.315,2.3168,7.5844,1.3824,0.39533,0.76304,0.015666,0.01445,0.69249,254.17
0.45437,8.0968,4.7063,16.348,2.3154,7.6047,1.3808,0.39533,0.76331,0.015681,0.01445,0.69249,254.19
0.45442,8.0997,4.7068,16.355,2.316,7.6069,1.3815,0.3954,0.76303,0.01567,0.01445,0.69249,254.2
0.45446,8.119,4.7053,16.394,2.3141,7.6308,1.3797,0.39533,0.76334,0.015692,0.01445,0.69249,254.21
0.45451,8.1215,4.7059,16.4,2.3149,7.6328,1.3806,0.39541,0.76306,0.015678,0.01445,0.69248,254.22
0.45455,8.1434,4.7041,16.446,2.3126,7.6583,1.3787,0.39531,0.7632,0.015697,0.01445,0.69248,254.23
0.4546,8.1457,4.7044,16.451,2.3129,7.6607,1.3792,0.3954,0.76302,0.015686,0.01445,0.69248,254.24
0.45464,8.1646,4.7033,16.49,2.3118,7.6843,1.3775,0.39536,0.7633,0.015706,0.01445,0.69248,254.25
0.45469,8.1688,4.7036,16.499,2.3121,7.6881,1.378,0.39542,0.76302,0.015694,0.01445,0.69247,254.26
0.45473,8.1915,4.702,16.547,2.3099,7.7141,1.3763,0.39534,0.76302,0.0157,0.01445,0.69247,254.28
0.45477,8.2079,4.7008,16.581,2.3086,7.7348,1.3746,0.39534,0.76324,0.015716,0.01445,0.69246,254.29
0.45482,8.2115,4.7012,16.59,2.3091,7.738,1.3752,0.3954,0.76299,0.015706,0.01445,0.69246,254.3
0.45486,8.2318,4.6997,16.631,2.3072,7.763,1.3733,0.39533,0.76331,0.015729,0.01445,0.69246,254.31
0.45489,8.2375,4.7002,16.644,2.3079,7.7686,1.3742,0.39536,0.76302,0.015717,0.01445,0.69246,254.32
0.40879,1.8894,4.9324,2.7796,2.5907,0.15829,1.6297,0.3737,0.76412,0.015557,0.01445,0.6933,254.32
0.40878,1.8795,4.9318,2.7514,2.5895,0.14888,1.6279,0.3736,0.76459,0.015527,0.01445,0.6934,254.31
0.40878,1.8796,4.9331,2.7559,2.5917,0.14667,1.6303,0.37369,0.76417,0.015556,0.01445,0.69332,254.31
0.40877,1.8487,4.9259,2.6774,2.5822,0.11137,1.6225,0.37367,0.76453,0.015512,0.01445,0.69347,254.29
0.40877,1.8486,4.93,2.6815,2.5879,0.10991,1.6276,0.37374,0.76425,0.015546,0.01445,0.69339,254.29
0.40876,1.763,4.901,2.4821,2.5511,0.0074033,1.599,0.37429,0.76383,0.015399,0.01445,0.6935,254.22
0.40876,1.763,4.9011,2.4821,2.5511,0.0074033,1.5995,0.37428,0.76387,0.0154,0.01445,0.6935,254.22
0.40875,1.7543,4.9302,2.4639,2.5879,0.0013653,1.6275,0.37418,0.76437,0.015526,0.01445,0.69355,254.22
0.40875,1.7544,4.9303,2.4641,2.588,0.0013653,1.6277,0.37417,0.76436,0.015526,0.01445,0.69355,254.22
0.40875,1.7545,4.9308,2.4643,2.5887,0.0013653,1.6282,0.37416,0.76435,0.015525,0.01445,0.69355,254.22
0.40874,1.7563,4.931,2.4676,2.5889,0.001354,1.6289,0.37413,0.76415,0.015512,0.01445,0.69356,254.22
0.40874,1.7563,4.9315,2.4676,2.5896,0.001354,1.6295,0.37412,0.76415,0.015513,0.01445,0.69356,254.22
0.40873,1.7563,4.9317,2.4676,2.59,0.001354,1.6297,0.37411,0.76415,0.015513,0.01445,0.69356,254.22
0.40873,1.7569,4.9306,2.4673,2.5889,0.0013039,1.6288,0.37405,0.76416,0.015534,0.01445,0.69356,254.22
0.40872,1.7569,4.9309,2.4673,2.5891,0.0013039,1.6291,0.37404,0.76416,0.015534,0.01445,0.69356,254.23
0.40872,1.7568,4.9311,2.4659,2.5894,0.0012745,1.6292,0.37401,0.76422,0.015526,0.01445,0.69358,254.23
0.40871,1.7571,4.9299,2.4664,2.5874,0.0011989,1.6279,0.374,0.76418,0.015533,0.01445,0.69358,254.23
0.40871,1.7571,4.9299,2.4665,2.5879,0.0011989,1.6281,0.37399,0.76418,0.015533,0.01445,0.69358,254.23
0.40871,1.7571,4.93,2.4665,2.588,0.0011989,1.6282,0.37399,0.76418,0.015533,0.01445,0.69358,254.23
0.4087,1.7571,4.93,2.4665,2.588,0.0011989,1.6282,0.37399,0.76418,0.015533,0.01445,0.69358,254.23
0.4087,1.7571,4.9301,2.4665,2.588,0.0011989,1.6282,0.37399,0.76418,0.015533,0.01445,0.69358,254.24
0.40869,1.7571,4.9303,2.4666,2.5882,0.0011988,1.6282,0.37398,0.76418,0.015533,0.01445,0.69358,254.24
0.40869,1.7571,4.9303,2.4666,2.5883,0.0011988,1.6284,0.37398,0.76417,0.015533,0.01445,0.69358,254.24
0.40868,1.7571,4.9306,2.4666,2.5883,0.0011988,1.6284,0.37398,0.76418,0.015533,0.01445,0.69358,254.24
0.40868,1.7571,4.9306,2.4667,2.5886,0.0011988,1.6286,0.37397,0.76418,0.015533,0.01445,0.69358,254.24
0.40867,1.7571,4.9307,2.4667,2.5887,0.0011988,1.6287,0.37397,0.76418,0.015533,0.01445,0.69358,254.24
0.40867,1.7571,4.9308,2.4667,2.5888,0.0011988,1.6288,0.37397,0.76418,0.015533,0.01445,0.69358,254.25
0.40867,1.7571,4.9309,2.4667,2.589,0.0011988,1.6289,0.37397,0.76418,0.015533,0.01445,0.69358,254.25
0.40866,1.7571,4.9311,2.4667,2.5892,0.0011988,1.629,0.37396,0.76418,0.015533,0.01445,0.69358,254.25
0.40866,1.7569,4.9309,2.4658,2.589,0.001181,1.629,0.37395,0.76424,0.015534,0.01445,0.69358,254.25
0.40865,1.7569,4.931,2.4658,2.5891,0.001181,1.629,0.37395,0.76424,0.015534,0.01445,0.69358,254.25
0.40865,1.7569,4.931,2.4658,2.5892,0.001181,1.629,0.37395,0.76423,0.015534,0.01445,0.69358,254.25
0.40864,1.7571,4.9308,2.4665,2.5888,0.00116,1.6288,0.37395,0.76419,0.015536,0.01445,0.69358,254.26
0.40864,1.7571,4.9309,2.4665,2.5888,0.00116,1.6288,0.37395,0.76419,0.015536,0.01445,0.69358,254.26
0.40863,1.757,4.9297,2.4657,2.5875,0.0010861,1.6276,0.37392,0.76423,0.015543,0.01445,0.69357,254.26
0.40863,1.757,4.9298,2.4658,2.5877,0.0010861,1.6278,0.37392,0.76422,0.015543,0.01445,0.69357,254.26
0.40863,1.757,4.9299,2.4658,2.5878,0.0010861,1.6279,0.37392,0.76422,0.015543,0.01445,0.69357,254.26
0.40862,1.757,4.93,2.4659,2.5879,0.0010861,1.628,0.37392,0.76422,0.015543,0.01445,0.69357,254.26
0.40862,1.757,4.9302,2.4659,2.5881,0.0010861,1.6281,0.37391,0.76422,0.015543,0.01445,0.69357,254.26
0.40861,1.757,4.9303,2.466,2.5881,0.0010861,1.6281,0.37391,0.76422,0.015543,0.01445,0.69357,254.27
0.40861,1.757,4.9304,2.4661,2.5883,0.0010861,1.6283,0.37391,0.76422,0.015543,0.01445,0.69357,254.27
0.4086,1.757,4.9305,2.4661,2.5884,0.0010861,1.6283,0.3739,0.76421,0.015543,0.01445,0.69357,254.27
0.4086,1.757,4.9307,2.4661,2.5884,0.0010861,1.6285,0.3739,0.76421,0.015543,0.01445,0.69357,254.27
0.40859,1.757,4.9307,2.4662,2.5886,0.0010861,1.6285,0.3739,0.76421,0.015543,0.01445,0.69357,254.27
0.40859,1.7574,4.9296,2.4659,2.5878,0.0010216,1.6276,0.37388,0.7642,0.015534,0.01445,0.69358,254.27
0.40859,1.7574,4.93,2.4663,2.5878,0.0010216,1.6281,0.37387,0.7642,0.015534,0.01445,0.69358,254.28
0.40858,1.7574,4.93,2.4663,2.5879,0.0010216,1.6281,0.37387,0.7642,0.015534,0.01445,0.69358,254.28
0.40858,1.7574,4.9302,2.4663,2.5881,0.0010216,1.6283,0.37387,0.7642,0.015534,0.01445,0.69358,254.28
0.40857,1.7574,4.9303,2.4663,2.5882,0.0010216,1.6284,0.37387,0.7642,0.015534,0.01445,0.69358,254.28
0.40857,1.7574,4.9305,2.4664,2.5884,0.0010216,1.6285,0.37387,0.7642,0.015534,0.01445,0.69358,254.28
0.40856,1.7574,4.9305,2.4664,2.5885,0.0010216,1.6287,0.37386,0.7642,0.015534,0.01445,0.69357,254.28
0.40856,1.7574,4.9307,2.4665,2.5887,0.0010216,1.6287,0.37386,0.7642,0.015534,0.01445,0.69357,254.29
0.40856,1.7572,4.9307,2.4661,2.5889,0.0010015,1.6286,0.37385,0.76421,0.015549,0.01445,0.69356,254.29
0.40855,1.7572,4.9309,2.4664,2.589,0.0010015,1.6287,0.37385,0.76421,0.015549,0.01445,0.69356,254.29
0.40855,1.7574,4.9295,2.4662,2.587,0.00093056,1.6273,0.37383,0.76422,0.015552,0.01445,0.69357,254.29
0.40854,1.7574,4.9295,2.4662,2.5871,0.00093056,1.6274,0.37383,0.76421,0.015552,0.01445,0.69356,254.29
0.40854,1.7574,4.9296,2.4662,2.5873,0.00093056,1.6275,0.37383,0.76421,0.015552,0.01445,0.69356,254.29
0.40853,1.7574,4.9299,2.4662,2.5876,0.00093056,1.6277,0.37382,0.76421,0.015552,0.01445,0.69356,254.3
0.40853,1.7574,4.9299,2.4662,2.5876,0.00093055,1.6279,0.37382,0.76421,0.015552,0.01445,0.69356,254.3
0.40852,1.7574,4.93,2.4663,2.5878,0.00093055,1.6279,0.37382,0.76421,0.015552,0.01445,0.69356,254.3
0.40852,1.7574,4.9302,2.4663,2.5879,0.00093055,1.6279,0.37382,0.76421,0.015552,0.01445,0.69356,254.3
0.40852,1.7574,4.9303,2.4664,2.5882,0.00093055,1.6282,0.37381,0.76421,0.015552,0.01445,0.69356,254.3
0.40851,1.7575,4.9296,2.4657,2.5872,0.0008753,1.6275,0.37379,0.76424,0.015543,0.01445,0.69357,254.3
0.40851,1.7575,4.9296,2.4657,2.5872,0.0008753,1.6275,0.37378,0.76424,0.015543,0.01445,0.69357,254.31
0.4085,1.7575,4.9301,2.4657,2.5874,0.00087525,1.6276,0.37376,0.76423,0.015544,0.01445,0.69357,254.31
0.4085,1.7575,4.9301,2.4658,2.5879,0.00087525,1.6279,0.37376,0.76423,0.015544,0.01445,0.69357,254.31
0.40849,1.7575,4.9297,2.4665,2.5874,0.00086226,1.6279,0.37378,0.76422,0.015556,0.01445,0.69355,254.31
0.40849,1.7575,4.93,2.4665,2.5878,0.00086226,1.6279,0.37377,0.76422,0.015556,0.01445,0.69355,254.31
0.40848,1.7575,4.9301,2.4665,2.588,0.00086226,1.628,0.37377,0.76422,0.015556,0.01445,0.69355,254.31
0.40848,1.7575,4.9302,2.4665,2.5881,0.00086226,1.6281,0.37377,0.76421,0.015556,0.01445,0.69355,254.32
0.40848,1.7575,4.9303,2.4665,2.5882,0.00086226,1.6282,0.37377,0.76421,0.015556,0.01445,0.69355,254.32
0.40847,1.7577,4.93,2.4659,2.5873,0.00081111,1.627,0.37372,0.7642,0.015547,0.01445,0.69356,254.32
0.40847,1.7577,4.93,2.4659,2.5873,0.00081111,1.627,0.37372,0.7642,0.015547,0.01445,0.69356,254.32
0.45489,8.2695,4.6994,16.712,2.3066,7.8068,1.3726,0.39524,0.76324,0.015737,0.01445,0.69245,254.32
0.4549,8.2755,4.6998,16.725,2.3072,7.8126,1.3733,0.39524,0.76301,0.015726,0.01445,0.69245,254.32
0.4549,8.3078,4.6983,16.796,2.3046,7.8507,1.3712,0.39517,0.76303,0.015733,0.01445,0.69243,254.32
