0.84751,2.1385,4.9954,3.3754,2.6767,0.54885,1.6754,0.39303,0.7609,0.014498,0.01445,0.69626,251.31
0.84057,2.206,4.943,3.4153,2.6068,0.56813,1.6015,0.38871,0.75595,0.01523,0.01445,0.69745,253.05
0.86141,2.0428,5.0509,3.2718,2.7569,0.46879,1.7886,0.39393,0.76868,0.015036,0.01445,0.69431,251.17
0.86835,2.0537,5.0623,3.3056,2.7645,0.52293,1.8128,0.39485,0.77614,0.01457,0.01445,0.69451,253.02
0.83896,2.2562,4.9547,3.5057,2.6117,0.60384,1.6137,0.38933,0.75305,0.01496,0.01445,0.69826,253.54
0.83736,2.2822,4.9355,3.5209,2.5881,0.62081,1.5877,0.38734,0.75278,0.015403,0.01445,0.69865,254.15
0.87001,2.0724,5.0718,3.4163,2.7873,0.54919,1.8376,0.39562,0.77537,0.015382,0.01445,0.69314,253.45
0.87167,2.0783,5.0328,3.5019,2.7489,0.58013,1.8042,0.39728,0.77555,0.015003,0.01445,0.69173,254.1
0.87224,2.1087,5.0434,3.5479,2.7613,0.60658,1.8206,0.39624,0.77647,0.015509,0.01445,0.69199,254.28
0.83728,2.2714,4.9263,3.4935,2.5729,0.5916,1.5841,0.38758,0.75118,0.015226,0.01445,0.69882,254.14
0.8372,2.2488,4.9034,3.4324,2.542,0.5599,1.5603,0.38734,0.75101,0.015545,0.01445,0.69897,254.16
0.83712,2.2426,4.9022,3.4186,2.5409,0.55298,1.559,0.38731,0.75107,0.01547,0.01445,0.69898,254.19
0.83704,2.2158,4.894,3.3645,2.5302,0.52396,1.5499,0.38772,0.75098,0.015401,0.01445,0.69894,254.21
0.83696,2.2123,4.8927,3.352,2.5287,0.51702,1.5488,0.38741,0.75095,0.015422,0.01445,0.69898,254.24
0.83688,2.1813,4.8869,3.2808,2.5218,0.47895,1.5432,0.38737,0.7509,0.015473,0.01445,0.69901,254.27
0.8368,2.0884,4.8803,3.0807,2.5129,0.36851,1.5373,0.3879,0.75057,0.015357,0.01445,0.69906,254.29
0.83672,2.0702,4.8865,3.0353,2.5206,0.34619,1.5426,0.3878,0.75064,0.01548,0.01445,0.69918,254.31
0.87232,2.1771,5.0792,3.6973,2.8039,0.68386,1.8557,0.39613,0.77649,0.015539,0.01445,0.69221,254.3
0.87241,2.2205,5.0629,3.8041,2.7827,0.73712,1.838,0.39634,0.77632,0.015518,0.01445,0.69204,254.32
0.87249,2.5613,5.0712,4.5782,2.7926,1.1339,1.8434,0.39613,0.77583,0.015277,0.01445,0.69178,254.28
0.87257,2.5901,5.0632,4.6495,2.7827,1.1681,1.8362,0.39621,0.77579,0.015529,0.01445,0.69164,254.3
0.87265,2.7044,5.034,4.912,2.7447,1.3059,1.8038,0.39635,0.77583,0.015457,0.01445,0.69145,254.31
0.83671,2.0096,4.8971,2.8951,2.5358,0.26835,1.5577,0.38767,0.75051,0.015354,0.01445,0.69931,254.31
0.8367,2.0033,4.895,2.8869,2.5311,0.26504,1.5523,0.38803,0.75046,0.015507,0.01445,0.69931,254.31
0.8367,2.0006,4.8958,2.8801,2.5324,0.26117,1.5535,0.38796,0.75047,0.015484,0.01445,0.69932,254.31
0.83669,1.7981,4.8968,2.4301,2.5355,0.015459,1.5595,0.38829,0.75026,0.015222,0.01445,0.69949,254.3
0.83668,1.7913,4.8987,2.4287,2.5359,0.015455,1.5575,0.38916,0.75009,0.015485,0.01445,0.69946,254.29
0.83667,1.7928,4.9008,2.4301,2.5387,0.015657,1.56,0.389,0.75006,0.01548,0.01445,0.69947,254.3
0.83666,1.7951,4.9012,2.4304,2.5394,0.017041,1.5603,0.3887,0.75021,0.015484,0.01445,0.6995,254.3
0.83665,1.7832,4.9021,2.4011,2.5408,0.00094319,1.5619,0.38855,0.7502,0.015448,0.01445,0.69953,254.3
0.83665,1.7823,4.9021,2.3993,2.5407,2.8578e-05,1.5619,0.38856,0.7502,0.015449,0.01445,0.69953,254.3
0.83664,1.7823,4.9021,2.3993,2.5407,5.6822e-05,1.5619,0.38856,0.7502,0.015449,0.01445,0.69953,254.31
0.83663,1.7823,4.9021,2.3992,2.5408,3.2945e-05,1.5619,0.38856,0.7502,0.015449,0.01445,0.69953,254.31
0.83662,1.7823,4.9021,2.3992,2.5408,6.4774e-05,1.5619,0.38856,0.7502,0.015449,0.01445,0.69953,254.31
0.83661,1.7823,4.9021,2.3992,2.5408,0.00010294,1.5619,0.38856,0.7502,0.015449,0.01445,0.69953,254.32
0.87266,3.0152,5.044,5.6151,2.7563,1.6651,1.8118,0.396,0.7753,0.015557,0.01445,0.69125,254.24
0.87267,5.3839,4.9663,10.964,2.6584,4.4327,1.702,0.39425,0.77133,0.014913,0.01445,0.68922,253.82
0.87268,5.4161,4.9711,11.026,2.66,4.4662,1.7066,0.39435,0.77097,0.015066,0.01445,0.68946,253.79
0.87268,5.477,4.958,11.16,2.6445,4.5291,1.6971,0.39384,0.77071,0.015373,0.01445,0.68934,253.76
0.87269,5.6641,4.9392,11.574,2.6172,4.7525,1.6719,0.394,0.77067,0.015425,0.01445,0.68933,253.73
0.8727,6.0012,4.9235,12.325,2.5964,5.145,1.6515,0.39367,0.77008,0.015532,0.01445,0.68914,253.69
0.87271,6.203,4.8995,12.77,2.5655,5.3801,1.6242,0.39322,0.76992,0.015432,0.01445,0.689,253.67
0.87272,7.022,4.8941,14.578,2.5553,6.3364,1.605,0.39294,0.76833,0.01554,0.01445,0.68885,253.61
0.87273,7.0799,4.883,14.713,2.5424,6.4002,1.5944,0.39229,0.76817,0.015557,0.01445,0.68869,253.61
0.87274,7.2774,4.8484,15.147,2.4977,6.6346,1.5556,0.39236,0.7679,0.015435,0.01445,0.68855,253.6
0.87274,7.2825,4.8464,15.164,2.4961,6.6379,1.5544,0.39197,0.76786,0.015464,0.01445,0.68846,253.6
0.87275,7.4386,4.8391,15.502,2.486,6.8196,1.5449,0.39183,0.76766,0.01547,0.01445,0.68846,253.6
0.87276,7.4432,4.8303,15.518,2.4755,6.826,1.5359,0.39179,0.76766,0.01548,0.01445,0.68835,253.6
0.87277,7.5021,4.8234,15.648,2.4674,6.894,1.529,0.39165,0.76752,0.015494,0.01445,0.6883,253.6
0.87278,7.5454,4.8024,15.742,2.4399,6.9481,1.5058,0.39178,0.76764,0.015435,0.01445,0.68824,253.6
0.87279,7.5491,4.8008,15.755,2.4382,6.9515,1.5045,0.39171,0.76749,0.015454,0.01445,0.68818,253.6
0.87279,7.5767,4.7989,15.815,2.436,6.9831,1.5028,0.39166,0.76743,0.01546,0.01445,0.68818,253.6
0.8728,7.5847,4.7977,15.834,2.4347,6.9923,1.5016,0.3916,0.76743,0.015467,0.01445,0.68816,253.6
0.87281,7.6151,4.7943,15.898,2.4303,7.0282,1.4979,0.39168,0.76738,0.015466,0.01445,0.68816,253.6
0.87282,7.6201,4.7919,15.913,2.4275,7.0342,1.4952,0.39159,0.7674,0.015476,0.01445,0.68811,253.61
0.87283,7.6284,4.7913,15.932,2.4266,7.0437,1.4944,0.39155,0.76737,0.01548,0.01445,0.6881,253.61
0.87284,7.6639,4.7885,16.008,2.423,7.0848,1.4914,0.39151,0.76734,0.015479,0.01445,0.6881,253.61
0.87285,7.6908,4.7799,16.07,2.4121,7.1174,1.482,0.39151,0.7673,0.01548,0.01445,0.68804,253.61
0.87285,7.7071,4.7782,16.106,2.41,7.1365,1.4802,0.39151,0.76729,0.015481,0.01445,0.68803,253.61
0.87286,7.7096,4.7774,16.112,2.4091,7.1396,1.4794,0.3915,0.76728,0.015483,0.01445,0.68802,253.61
0.87287,7.7399,4.7712,16.18,2.4011,7.1753,1.4725,0.39146,0.76724,0.015478,0.01445,0.68797,253.62
0.87288,7.7468,4.7705,16.195,2.4002,7.1832,1.4718,0.39147,0.76722,0.01548,0.01445,0.68797,253.62
0.87289,7.7494,4.7702,16.201,2.3999,7.1863,1.4716,0.39146,0.76723,0.015481,0.01445,0.68797,253.62
0.8729,7.7521,4.77,16.207,2.3996,7.1893,1.4713,0.39145,0.76722,0.015483,0.01445,0.68796,253.62
0.87291,7.758,4.7694,16.221,2.3989,7.1964,1.4707,0.39145,0.76722,0.015484,0.01445,0.68796,253.62
0.87291,7.7643,4.7688,16.234,2.3982,7.2037,1.4701,0.39146,0.76721,0.015486,0.01445,0.68796,253.63
0.87292,7.7687,4.7684,16.245,2.3977,7.2089,1.4696,0.39145,0.76722,0.015488,0.01445,0.68795,253.63
0.87293,7.7745,4.7678,16.257,2.397,7.2157,1.469,0.39146,0.76721,0.015488,0.01445,0.68795,253.63
0.87294,7.7791,4.7674,16.268,2.3965,7.2211,1.4686,0.39144,0.76721,0.01549,0.01445,0.68794,253.63
0.87295,7.7841,4.767,16.279,2.3959,7.2269,1.468,0.39145,0.7672,0.01549,0.01445,0.68794,253.63
0.87296,7.7875,4.7668,16.286,2.3957,7.2306,1.4679,0.39143,0.7672,0.015491,0.01445,0.68793,253.64
0.87296,7.7952,4.7663,16.303,2.3951,7.2395,1.4673,0.39142,0.76718,0.015491,0.01445,0.68793,253.64
0.87297,7.7962,4.7663,16.306,2.3951,7.241,1.4672,0.39143,0.7672,0.015491,0.01445,0.68793,253.64
0.87298,7.7974,4.7662,16.309,2.3949,7.2424,1.4671,0.39143,0.7672,0.015493,0.01445,0.68792,253.64
0.87299,7.8035,4.7658,16.322,2.3944,7.2495,1.4667,0.39143,0.76719,0.015494,0.01445,0.68792,253.64
0.873,7.8194,4.7647,16.357,2.3931,7.2679,1.4655,0.39141,0.76716,0.015495,0.01445,0.68791,253.65
0.87301,7.821,4.7644,16.361,2.3927,7.27,1.4652,0.39142,0.76717,0.015496,0.01445,0.68791,253.65
0.87302,7.8234,4.7642,16.367,2.3924,7.2728,1.4649,0.39141,0.76717,0.015497,0.01445,0.6879,253.65
0.87302,7.8293,4.7639,16.38,2.392,7.2795,1.4645,0.39141,0.76716,0.015497,0.01445,0.6879,253.65
0.87303,7.8338,4.7635,16.39,2.3915,7.2848,1.4641,0.39142,0.76715,0.015496,0.01445,0.6879,253.65
0.87304,7.8354,4.7634,16.394,2.3914,7.2867,1.464,0.39141,0.76716,0.015497,0.01445,0.6879,253.66
0.87305,7.8372,4.7632,16.398,2.3912,7.2889,1.4638,0.39141,0.76716,0.015498,0.01445,0.68789,253.66
0.87306,7.8401,4.7631,16.405,2.391,7.2923,1.4637,0.39141,0.76716,0.0155,0.01445,0.68789,253.66
0.87307,7.8485,4.7626,16.423,2.3905,7.302,1.4632,0.3914,0.76715,0.015501,0.01445,0.68788,253.66
0.87308,7.852,4.7623,16.431,2.3901,7.3062,1.4629,0.3914,0.76715,0.015503,0.01445,0.68788,253.66
0.87308,7.8567,4.7621,16.441,2.3898,7.3118,1.4625,0.39142,0.76714,0.015502,0.01445,0.68788,253.67
0.87309,7.8581,4.762,16.445,2.3897,7.3133,1.4624,0.3914,0.76714,0.015503,0.01445,0.68787,253.67
0.8731,7.8767,4.7611,16.485,2.3885,7.3348,1.4614,0.39139,0.76712,0.015502,0.01445,0.68788,253.67
0.87311,7.8771,4.761,16.487,2.3884,7.3354,1.4612,0.39138,0.76712,0.015505,0.01445,0.68786,253.67
0.87312,7.8777,4.7609,16.488,2.3883,7.3361,1.4611,0.39138,0.76712,0.015505,0.01445,0.68786,253.67
0.87313,7.8813,4.7607,16.496,2.3879,7.3404,1.4608,0.39139,0.76712,0.015505,0.01445,0.68786,253.68
0.87314,7.8829,4.7606,16.5,2.3878,7.3423,1.4607,0.39139,0.76712,0.015507,0.01445,0.68786,253.68
0.87314,7.8872,4.7603,16.51,2.3875,7.3473,1.4604,0.3914,0.76711,0.015507,0.01445,0.68786,253.68
0.87315,7.8895,4.7602,16.515,2.3874,7.35,1.4603,0.3914,0.76712,0.015507,0.01445,0.68785,253.68
0.87316,7.8909,4.7601,16.518,2.3872,7.3516,1.4602,0.39139,0.76712,0.015509,0.01445,0.68785,253.68
0.87317,7.8965,4.7599,16.53,2.387,7.3582,1.4599,0.3914,0.76711,0.015509,0.01445,0.68785,253.69
0.87318,7.898,4.7598,16.534,2.3868,7.3598,1.4598,0.39138,0.76711,0.015511,0.01445,0.68784,253.69
0.87319,7.9193,4.7592,16.58,2.386,7.3847,1.459,0.39138,0.76709,0.01551,0.01445,0.68785,253.69
0.87319,7.9197,4.7589,16.582,2.3858,7.3851,1.4587,0.39136,0.76708,0.015513,0.01445,0.68783,253.69
0.8732,7.9216,4.7586,16.587,2.3853,7.3873,1.4584,0.39136,0.76708,0.015514,0.01445,0.68783,253.69
0.87321,7.9222,4.7585,16.588,2.3853,7.3882,1.4584,0.39138,0.76709,0.015513,0.01445,0.68783,253.7
0.87322,7.9239,4.7584,16.592,2.3851,7.3901,1.4582,0.39137,0.76709,0.015515,0.01445,0.68783,253.7
0.87323,7.9281,4.7581,16.602,2.3848,7.3948,1.4579,0.39136,0.76708,0.015516,0.01445,0.68782,253.7
0.87324,7.9297,4.7581,16.605,2.3847,7.3968,1.4579,0.39137,0.76708,0.015515,0.01445,0.68782,253.7
0.87325,7.9315,4.758,16.609,2.3846,7.3989,1.4578,0.39137,0.76708,0.015516,0.01445,0.68782,253.7
0.87325,7.9364,4.7576,16.62,2.3841,7.4046,1.4574,0.39137,0.76708,0.015518,0.01445,0.68781,253.71
0.87326,7.9441,4.7575,16.637,2.3839,7.4137,1.4571,0.39139,0.76707,0.015517,0.01445,0.68782,253.71
0.87327,7.9459,4.7573,16.641,2.3838,7.4158,1.457,0.39139,0.76708,0.015518,0.01445,0.68781,253.71
0.87328,7.948,4.7572,16.647,2.3837,7.4183,1.4569,0.39137,0.76707,0.01552,0.01445,0.68781,253.71
0.87329,7.9494,4.7571,16.65,2.3835,7.4198,1.4568,0.39136,0.76707,0.015521,0.01445,0.6878,253.71
0.8733,7.9577,4.7568,16.668,2.3831,7.4293,1.4565,0.39135,0.76706,0.015521,0.01445,0.6878,253.71
0.87331,7.9646,4.7565,16.683,2.3827,7.4372,1.4561,0.39134,0.76705,0.015522,0.01445,0.6878,253.72
0.87331,7.969,4.7561,16.693,2.3822,7.4423,1.4556,0.39133,0.76704,0.015522,0.01445,0.68779,253.72
0.87332,7.9705,4.756,16.696,2.3822,7.4443,1.4556,0.39136,0.76705,0.015522,0.01445,0.6878,253.72
0.87333,7.9717,4.7559,16.7,2.382,7.4457,1.4555,0.39134,0.76705,0.015524,0.01445,0.68779,253.72
0.87334,7.9795,4.7557,16.716,2.3818,7.4548,1.4552,0.39135,0.76705,0.015524,0.01445,0.68779,253.72
0.87335,7.9805,4.7556,16.719,2.3816,7.4559,1.455,0.39134,0.76704,0.015525,0.01445,0.68778,253.73
0.87336,7.9929,4.7545,16.747,2.3802,7.4707,1.4538,0.39134,0.76704,0.015523,0.01445,0.68777,253.73
0.87336,7.9949,4.7544,16.752,2.3801,7.4728,1.4537,0.39133,0.76702,0.015525,0.01445,0.68777,253.73
0.87337,8.0014,4.7542,16.765,2.3798,7.4803,1.4535,0.39133,0.76702,0.015526,0.01445,0.68777,253.73
0.87338,8.0022,4.7541,16.768,2.3797,7.4811,1.4534,0.39132,0.76702,0.015527,0.01445,0.68777,253.73
0.87339,8.0031,4.754,16.769,2.3796,7.4823,1.4533,0.39134,0.76702,0.015527,0.01445,0.68777,253.74
0.8734,8.0049,4.7539,16.774,2.3795,7.4844,1.4532,0.39134,0.76702,0.015528,0.01445,0.68777,253.74
0.87341,8.0066,4.7538,16.778,2.3794,7.4865,1.4531,0.39134,0.76702,0.015529,0.01445,0.68776,253.74
0.87342,8.0105,4.7536,16.787,2.3792,7.491,1.453,0.39134,0.76702,0.015531,0.01445,0.68776,253.74
0.87342,8.0183,4.7534,16.804,2.3789,7.5001,1.4526,0.39134,0.76702,0.015533,0.01445,0.68775,253.74
0.87343,8.0213,4.7533,16.81,2.3787,7.5036,1.4524,0.39133,0.76701,0.015534,0.01445,0.68775,253.75
0.87344,8.0225,4.7532,16.814,2.3786,7.505,1.4524,0.39133,0.76702,0.015535,0.01445,0.68775,253.75
0.87345,8.0291,4.7529,16.828,2.3783,7.5126,1.452,0.39133,0.76701,0.015536,0.01445,0.68775,253.75
0.87346,8.0349,4.7525,16.841,2.3778,7.5195,1.4517,0.39132,0.767,0.015537,0.01445,0.68774,253.75
0.87347,8.0415,4.7522,16.855,2.3773,7.5271,1.4512,0.39133,0.76699,0.015536,0.01445,0.68774,253.75
0.87348,8.0431,4.752,16.86,2.3772,7.529,1.4511,0.39132,0.767,0.015539,0.01445,0.68773,253.76
0.87348,8.0485,4.7517,16.872,2.3768,7.5353,1.4507,0.39131,0.76699,0.01554,0.01445,0.68773,253.76
0.87349,8.0648,4.7507,16.906,2.3755,7.5543,1.4495,0.39131,0.76698,0.015537,0.01445,0.68773,253.76
0.8735,8.0652,4.7505,16.909,2.3752,7.5548,1.4493,0.39129,0.76697,0.01554,0.01445,0.68772,253.76
0.87351,8.069,4.7502,16.917,2.3748,7.5593,1.4489,0.3913,0.76696,0.015541,0.01445,0.68772,253.76
0.87352,8.0741,4.75,16.928,2.3745,7.5652,1.4486,0.39129,0.76696,0.015542,0.01445,0.68771,253.77
0.87353,8.0748,4.7499,16.93,2.3744,7.566,1.4485,0.39129,0.76696,0.015543,0.01445,0.68771,253.77
0.87354,8.0886,4.7489,16.961,2.3732,7.5821,1.4475,0.39129,0.76694,0.015543,0.01445,0.6877,253.77
0.87354,8.0892,4.7489,16.962,2.3731,7.5829,1.4474,0.39129,0.76695,0.015543,0.01445,0.6877,253.77
0.87355,8.09,4.7488,16.964,2.373,7.5838,1.4473,0.39129,0.76695,0.015544,0.01445,0.6877,253.77
0.87356,8.0936,4.7486,16.972,2.3728,7.5879,1.4471,0.39129,0.76694,0.015545,0.01445,0.6877,253.78
0.87357,8.0981,4.7483,16.982,2.3725,7.5931,1.4468,0.3913,0.76694,0.015545,0.01445,0.6877,253.78
0.87358,8.0981,4.7484,16.982,2.3725,7.5932,1.4468,0.39129,0.76695,0.015546,0.01445,0.6877,253.78
0.87359,8.1004,4.7483,16.987,2.3724,7.5959,1.4467,0.3913,0.76695,0.015546,0.01445,0.68769,253.78
0.87359,8.1019,4.7482,16.992,2.3723,7.5976,1.4467,0.39129,0.76695,0.015548,0.01445,0.68769,253.78
0.8736,8.1088,4.748,17.006,2.3721,7.6056,1.4465,0.39129,0.76694,0.015548,0.01445,0.68769,253.79
0.87361,8.1099,4.7479,17.009,2.372,7.6069,1.4464,0.39128,0.76694,0.01555,0.01445,0.68768,253.79
0.87362,8.116,4.7477,17.022,2.3717,7.6138,1.4461,0.39127,0.76693,0.015551,0.01445,0.68768,253.79
0.87363,8.1345,4.7468,17.063,2.3705,7.6353,1.445,0.39124,0.7669,0.015549,0.01445,0.68768,253.79
0.87364,8.1332,4.7467,17.06,2.3704,7.6339,1.445,0.39126,0.7669,0.015549,0.01445,0.68767,253.79
0.87365,8.1333,4.7466,17.061,2.3703,7.6339,1.4449,0.39124,0.76691,0.015551,0.01445,0.68767,253.8
0.87365,8.1333,4.7466,17.061,2.3704,7.6341,1.4449,0.39128,0.76692,0.01555,0.01445,0.68767,253.8
0.87366,8.1345,4.7465,17.064,2.3703,7.6356,1.4448,0.39128,0.76692,0.015553,0.01445,0.68766,253.8
0.87367,8.1406,4.7463,17.077,2.37,7.6427,1.4446,0.39128,0.76691,0.015554,0.01445,0.68766,253.8
0.87368,8.1421,4.7462,17.081,2.3698,7.6443,1.4444,0.39126,0.76691,0.015556,0.01445,0.68766,253.8
0.87369,8.1454,4.7461,17.089,2.3698,7.6484,1.4443,0.39128,0.76692,0.015556,0.01445,0.68766,253.81
0.8737,8.149,4.7461,17.096,2.3697,7.6525,1.4442,0.39127,0.76691,0.015557,0.01445,0.68765,253.81
0.87371,8.152,4.7459,17.103,2.3695,7.656,1.4441,0.39128,0.76691,0.015558,0.01445,0.68765,253.81
0.87371,8.1538,4.7458,17.108,2.3694,7.6581,1.444,0.39127,0.76691,0.015559,0.01445,0.68765,253.81
0.87372,8.1592,4.7455,17.12,2.369,7.6643,1.4437,0.39127,0.7669,0.01556,0.01445,0.68765,253.81
0.87373,8.1647,4.7453,17.132,2.3687,7.6708,1.4433,0.39126,0.7669,0.015561,0.01445,0.68764,253.82
0.87374,8.1703,4.745,17.144,2.3684,7.6773,1.443,0.39126,0.76689,0.015563,0.01445,0.68764,253.82
0.87375,8.1752,4.7447,17.155,2.368,7.683,1.4427,0.39126,0.76689,0.015562,0.01445,0.68764,253.82
0.87376,8.1766,4.7445,17.159,2.3678,7.6846,1.4425,0.39125,0.76688,0.015564,0.01445,0.68763,253.82
0.87377,8.1959,4.7437,17.201,2.3666,7.7071,1.4413,0.39124,0.76687,0.015563,0.01445,0.68763,253.82
0.87377,8.1961,4.7435,17.202,2.3665,7.7075,1.4412,0.39124,0.76686,0.015565,0.01445,0.68762,253.83
0.87378,8.1992,4.7432,17.209,2.366,7.711,1.4409,0.39124,0.76686,0.015565,0.01445,0.68762,253.83
0.87379,8.2013,4.743,17.214,2.3659,7.7135,1.4407,0.39124,0.76686,0.015566,0.01445,0.68762,253.83
0.8738,8.2036,4.7428,17.219,2.3656,7.7162,1.4406,0.39124,0.76686,0.015567,0.01445,0.68761,253.83
0.87381,8.2095,4.7425,17.231,2.3652,7.7229,1.4402,0.39125,0.76685,0.015567,0.01445,0.68761,253.83
0.87382,8.2095,4.7425,17.232,2.3652,7.723,1.4402,0.39124,0.76686,0.015568,0.01445,0.68761,253.83
0.87382,8.2107,4.7424,17.235,2.365,7.7243,1.4401,0.39124,0.76685,0.015569,0.01445,0.68761,253.84
0.87383,8.2297,4.7415,17.276,2.3639,7.7461,1.4391,0.39119,0.76683,0.015569,0.01445,0.68761,253.84
0.87384,8.2287,4.7415,17.274,2.3639,7.7453,1.439,0.39123,0.76684,0.015569,0.01445,0.6876,253.84
0.87385,8.2291,4.7413,17.276,2.3638,7.7458,1.4389,0.39123,0.76684,0.015571,0.01445,0.68759,253.84
0.87386,8.2332,4.7411,17.285,2.3634,7.7505,1.4385,0.39123,0.76683,0.015572,0.01445,0.68759,253.84
0.87387,8.2352,4.741,17.289,2.3633,7.7529,1.4385,0.39123,0.76684,0.015572,0.01445,0.68759,253.85
0.87388,8.2364,4.7408,17.292,2.3631,7.7542,1.4383,0.39122,0.76683,0.015574,0.01445,0.68759,253.85
0.87388,8.2383,4.7408,17.296,2.3631,7.7566,1.4383,0.39123,0.76684,0.015573,0.01445,0.68759,253.85
0.87389,8.2397,4.7407,17.3,2.363,7.7581,1.4382,0.39122,0.76683,0.015575,0.01445,0.68758,253.85
0.8739,8.2466,4.7405,17.315,2.3628,7.7662,1.438,0.39123,0.76684,0.015576,0.01445,0.68758,253.85
0.87391,8.2484,4.7404,17.32,2.3626,7.7684,1.4379,0.39123,0.76683,0.015577,0.01445,0.68758,253.86
0.87392,8.2546,4.7402,17.333,2.3623,7.7755,1.4376,0.39123,0.76683,0.015577,0.01445,0.68758,253.86
0.87393,8.2561,4.7401,17.337,2.3622,7.7773,1.4375,0.39122,0.76683,0.015579,0.01445,0.68757,253.86
0.87394,8.2627,4.7398,17.351,2.3619,7.7849,1.4371,0.39122,0.76682,0.015579,0.01445,0.68757,253.86
0.87394,8.2655,4.7397,17.357,2.3617,7.7883,1.437,0.39123,0.76682,0.015579,0.01445,0.68757,253.86
0.87395,8.2673,4.7396,17.362,2.3615,7.7902,1.4369,0.39121,0.76682,0.015581,0.01445,0.68756,253.87
0.87396,8.2758,4.7392,17.381,2.361,7.8,1.4364,0.3912,0.7668,0.015582,0.01445,0.68756,253.87
0.87397,8.2768,4.7391,17.382,2.361,7.8014,1.4364,0.39122,0.76681,0.015581,0.01445,0.68756,253.87
0.87398,8.2783,4.739,17.386,2.3608,7.8031,1.4362,0.39123,0.76681,0.015582,0.01445,0.68756,253.87
0.87399,8.2817,4.7388,17.394,2.3606,7.8071,1.4361,0.39122,0.76681,0.015583,0.01445,0.68756,253.87
0.87399,8.2833,4.7387,17.398,2.3605,7.8089,1.436,0.39121,0.7668,0.015585,0.01445,0.68755,253.88
0.874,8.2935,4.7383,17.42,2.3599,7.8206,1.4355,0.39121,0.76679,0.015584,0.01445,0.68755,253.88
0.87401,8.2954,4.7381,17.424,2.3597,7.8229,1.4353,0.3912,0.76679,0.015585,0.01445,0.68755,253.88
0.87402,8.2993,4.738,17.433,2.3597,7.8277,1.4351,0.39121,0.7668,0.015586,0.01445,0.68754,253.88
0.87403,8.3011,4.7379,17.438,2.3595,7.8297,1.4349,0.39121,0.76679,0.015588,0.01445,0.68754,253.88
0.87404,8.3081,4.7376,17.453,2.3591,7.8376,1.4346,0.3912,0.76678,0.015588,0.01445,0.68754,253.89
0.87405,8.31,4.7375,17.457,2.3589,7.8399,1.4345,0.39121,0.76678,0.015588,0.01445,0.68754,253.89
0.87405,8.3118,4.7373,17.462,2.3587,7.842,1.4343,0.39119,0.76678,0.01559,0.01445,0.68753,253.89
0.87406,8.3205,4.737,17.48,2.3583,7.8522,1.434,0.39119,0.76678,0.01559,0.01445,0.68753,253.89
0.87407,8.3219,4.7369,17.484,2.3582,7.8538,1.4338,0.39119,0.76677,0.015592,0.01445,0.68753,253.89
0.87408,8.3475,4.7356,17.538,2.3565,7.8834,1.4324,0.39117,0.76674,0.01559,0.01445,0.68753,253.9
0.87409,8.3471,4.7354,17.54,2.3564,7.8834,1.432,0.39117,0.76675,0.015593,0.01445,0.68751,253.9
0.8741,8.3483,4.7353,17.543,2.3562,7.8848,1.4318,0.39118,0.76674,0.015594,0.01445,0.68751,253.9
0.87411,8.3495,4.7352,17.545,2.356,7.8861,1.4318,0.39117,0.76675,0.015595,0.01445,0.68751,253.9
0.87411,8.3544,4.7347,17.556,2.3555,7.8918,1.4313,0.39117,0.76674,0.015597,0.01445,0.6875,253.9
0.87412,8.3578,4.7344,17.564,2.3551,7.8957,1.4309,0.39117,0.76674,0.015598,0.01445,0.6875,253.91
0.87413,8.3742,4.7333,17.599,2.3536,7.9145,1.4297,0.39113,0.76671,0.015597,0.01445,0.6875,253.91
0.87414,8.3731,4.7333,17.598,2.3536,7.9136,1.4296,0.39115,0.76672,0.015597,0.01445,0.68749,253.91
0.87415,8.3734,4.7332,17.599,2.3535,7.9139,1.4295,0.39116,0.76672,0.015598,0.01445,0.68749,253.91
0.87416,8.3742,4.7331,17.601,2.3534,7.9149,1.4295,0.39116,0.76673,0.015599,0.01445,0.68749,253.91
0.87417,8.3789,4.7329,17.611,2.3531,7.9203,1.4292,0.39116,0.76672,0.015599,0.01445,0.68749,253.92
0.87417,8.3801,4.7328,17.614,2.353,7.9219,1.4292,0.39117,0.76672,0.0156,0.01445,0.68748,253.92
0.87418,8.3812,4.7327,17.617,2.353,7.9231,1.4291,0.39116,0.76672,0.015601,0.01445,0.68748,253.92
0.87419,8.3821,4.7327,17.619,2.3529,7.9241,1.4291,0.39116,0.76672,0.015602,0.01445,0.68748,253.92
0.8742,8.4046,4.7319,17.667,2.352,7.9501,1.4283,0.39114,0.76669,0.015604,0.01445,0.68748,253.92
0.87421,8.4046,4.7319,17.669,2.352,7.9504,1.428,0.39114,0.7667,0.015605,0.01445,0.68747,253.93
0.87422,8.4053,4.7318,17.67,2.3518,7.9512,1.4279,0.39114,0.7667,0.015606,0.01445,0.68747,253.93
0.87422,8.4177,4.7306,17.697,2.3503,7.9655,1.4267,0.39113,0.76668,0.015605,0.01445,0.68746,253.93
0.87423,8.4179,4.7306,17.698,2.3502,7.9658,1.4265,0.39113,0.76668,0.015606,0.01445,0.68746,253.93
0.87424,8.4184,4.7305,17.7,2.3501,7.9664,1.4265,0.39113,0.76668,0.015607,0.01445,0.68745,253.93
0.87425,8.4193,4.7304,17.701,2.3501,7.9674,1.4265,0.39114,0.76669,0.015607,0.01445,0.68746,253.93
0.87426,8.4206,4.7304,17.705,2.35,7.969,1.4264,0.39115,0.76669,0.015607,0.01445,0.68745,253.94
0.87427,8.4231,4.7303,17.71,2.3499,7.9719,1.4263,0.39114,0.76669,0.015609,0.01445,0.68745,253.94
0.87428,8.4243,4.7302,17.713,2.3498,7.9732,1.4263,0.39114,0.76669,0.01561,0.01445,0.68745,253.94
0.87428,8.4308,4.73,17.728,2.3496,7.9808,1.426,0.39114,0.76668,0.015611,0.01445,0.68744,253.94
0.87429,8.4359,4.7297,17.739,2.3492,7.9866,1.4257,0.39113,0.76667,0.015612,0.01445,0.68744,253.94
0.8743,8.4387,4.7297,17.745,2.3492,7.99,1.4257,0.39113,0.76668,0.015612,0.01445,0.68744,253.95
0.87431,8.4399,4.7296,17.748,2.349,7.9913,1.4256,0.39113,0.76667,0.015613,0.01445,0.68744,253.95
0.87432,8.4604,4.7287,17.792,2.348,8.0151,1.4245,0.39111,0.76665,0.015613,0.01445,0.68744,253.95
0.87433,8.4606,4.7286,17.794,2.3478,8.0154,1.4243,0.3911,0.76664,0.015615,0.01445,0.68743,253.95
0.87434,8.4607,4.7286,17.794,2.3478,8.0156,1.4243,0.39112,0.76665,0.015615,0.01445,0.68743,253.95
0.87434,8.4615,4.7285,17.796,2.3477,8.0165,1.4242,0.39111,0.76665,0.015616,0.01445,0.68742,253.96
0.87435,8.4627,4.7285,17.799,2.3476,8.018,1.4242,0.39113,0.76666,0.015616,0.01445,0.68742,253.96
0.87436,8.4644,4.7284,17.803,2.3475,8.02,1.4241,0.39114,0.76666,0.015617,0.01445,0.68742,253.96
0.87437,8.4731,4.7278,17.822,2.3469,8.03,1.4235,0.39111,0.76665,0.015619,0.01445,0.68742,253.96
0.87438,8.4747,4.7278,17.826,2.3468,8.0319,1.4235,0.39112,0.76665,0.01562,0.01445,0.68741,253.96
0.87439,8.4758,4.7277,17.829,2.3467,8.0332,1.4234,0.39111,0.76665,0.015621,0.01445,0.68741,253.97
0.87439,8.4821,4.7274,17.842,2.3463,8.0404,1.423,0.39111,0.76664,0.015621,0.01445,0.68741,253.97
0.8744,8.5002,4.7263,17.881,2.3449,8.0612,1.4218,0.39108,0.7666,0.01562,0.01445,0.68741,253.97
0.87441,8.5,4.7262,17.882,2.3447,8.061,1.4217,0.39107,0.76661,0.015621,0.01445,0.6874,253.97
0.87442,8.4999,4.7262,17.881,2.3448,8.0612,1.4218,0.3911,0.76663,0.015621,0.01445,0.6874,253.97
0.87443,8.5011,4.7261,17.885,2.3447,8.0627,1.4216,0.3911,0.76663,0.015623,0.01445,0.68739,253.98
0.87444,8.5022,4.726,17.888,2.3446,8.064,1.4215,0.3911,0.76663,0.015624,0.01445,0.68739,253.98
0.87445,8.508,4.7258,17.9,2.3443,8.0706,1.4213,0.39111,0.76661,0.015625,0.01445,0.68739,253.98
0.87445,8.5085,4.7258,17.901,2.3443,8.0712,1.4212,0.3911,0.76662,0.015626,0.01445,0.68739,253.98
0.87446,8.51,4.7257,17.905,2.3442,8.073,1.4212,0.39111,0.76663,0.015627,0.01445,0.68739,253.98
0.87447,8.5135,4.7256,17.913,2.3442,8.0772,1.4211,0.39111,0.76663,0.015628,0.01445,0.68738,253.99
0.87448,8.5154,4.7255,17.918,2.344,8.0794,1.421,0.3911,0.76662,0.01563,0.01445,0.68738,253.99
0.87449,8.5222,4.7253,17.932,2.3437,8.0874,1.4207,0.39112,0.76663,0.015629,0.01445,0.68738,253.99
0.8745,8.5233,4.7252,17.935,2.3436,8.0885,1.4206,0.3911,0.76662,0.015631,0.01445,0.68738,253.99
0.87451,8.5249,4.7251,17.939,2.3435,8.0903,1.4205,0.3911,0.76662,0.015632,0.01445,0.68737,253.99
0.87451,8.5364,4.7247,17.964,2.343,8.1038,1.42,0.3911,0.76661,0.015631,0.01445,0.68737,254
0.87452,8.5441,4.7244,17.981,2.3425,8.1126,1.4195,0.39109,0.76659,0.015632,0.01445,0.68737,254
0.87453,8.5443,4.7243,17.982,2.3425,8.113,1.4195,0.39108,0.7666,0.015632,0.01445,0.68737,254
0.87454,8.5456,4.7242,17.985,2.3423,8.1144,1.4194,0.39108,0.76659,0.015634,0.01445,0.68736,254
0.87455,8.5524,4.724,17.999,2.342,8.1223,1.4191,0.39109,0.7666,0.015632,0.01445,0.68737,254
0.87456,8.5525,4.7239,18,2.3419,8.1224,1.4191,0.39108,0.7666,0.015634,0.01445,0.68736,254.01
0.87457,8.5541,4.7238,18.004,2.3417,8.1242,1.4189,0.39109,0.76658,0.015635,0.01445,0.68736,254.01
0.87457,8.5588,4.7236,18.013,2.3416,8.1296,1.4188,0.39109,0.76658,0.015635,0.01445,0.68736,254.01
0.87458,8.5589,4.7237,18.014,2.3416,8.1299,1.4188,0.39109,0.76659,0.015636,0.01445,0.68736,254.01
0.87459,8.5609,4.7236,18.02,2.3414,8.1322,1.4187,0.39108,0.76658,0.015638,0.01445,0.68735,254.01
0.8746,8.5693,4.7233,18.038,2.3411,8.1421,1.4183,0.39109,0.76659,0.015639,0.01445,0.68735,254.02
0.87461,8.5717,4.7232,18.043,2.341,8.1448,1.4182,0.39108,0.76658,0.01564,0.01445,0.68734,254.02
0.87462,8.5748,4.7231,18.05,2.3409,8.1483,1.4181,0.39109,0.76658,0.015641,0.01445,0.68734,254.02
0.87462,8.5856,4.7225,18.074,2.3402,8.161,1.4174,0.39107,0.76656,0.015642,0.01445,0.68734,254.02
0.87463,8.5872,4.7224,18.077,2.34,8.1629,1.4172,0.39109,0.76657,0.015642,0.01445,0.68734,254.02
0.87464,8.5877,4.7223,18.079,2.3399,8.1634,1.4172,0.39107,0.76657,0.015643,0.01445,0.68733,254.03
0.87465,8.5898,4.7222,18.084,2.3398,8.1659,1.4171,0.39107,0.76657,0.015644,0.01445,0.68733,254.03
0.87466,8.5917,4.7221,18.088,2.3397,8.168,1.417,0.39107,0.76657,0.015645,0.01445,0.68733,254.03
0.87467,8.5996,4.7217,18.106,2.3392,8.1771,1.4166,0.39106,0.76655,0.015646,0.01445,0.68732,254.03
0.87468,8.6063,4.7213,18.12,2.3387,8.185,1.4161,0.39107,0.76655,0.015646,0.01445,0.68732,254.03
0.87468,8.6141,4.7209,18.137,2.3383,8.194,1.4157,0.39106,0.76654,0.015648,0.01445,0.68732,254.03
0.87469,8.616,4.7208,18.142,2.3381,8.1962,1.4156,0.39105,0.76654,0.015649,0.01445,0.68731,254.04
0.8747,8.6236,4.7204,18.158,2.3375,8.205,1.415,0.39106,0.76652,0.015648,0.01445,0.68731,254.04
0.87471,8.6237,4.7203,18.159,2.3374,8.205,1.415,0.39104,0.76653,0.015649,0.01445,0.68731,254.04
0.87472,8.6254,4.7201,18.163,2.3372,8.207,1.4148,0.39105,0.76653,0.01565,0.01445,0.68731,254.04
0.87473,8.6273,4.72,18.167,2.3371,8.2093,1.4147,0.39104,0.76653,0.015651,0.01445,0.6873,254.04
0.87474,8.633,4.7196,18.18,2.3365,8.2159,1.4143,0.39104,0.76652,0.015651,0.01445,0.6873,254.05
0.87474,8.6449,4.7191,18.206,2.336,8.2295,1.4138,0.39101,0.7665,0.015652,0.01445,0.6873,254.05
0.87475,8.6449,4.7191,18.206,2.3359,8.23,1.4135,0.39105,0.76652,0.015653,0.01445,0.68729,254.05
0.87476,8.6525,4.7186,18.223,2.3354,8.2387,1.4131,0.39103,0.76651,0.015655,0.01445,0.68729,254.05
0.87477,8.6538,4.7185,18.227,2.3352,8.2403,1.4129,0.39103,0.76651,0.015655,0.01445,0.68729,254.05
0.87478,8.6551,4.7184,18.23,2.3351,8.2418,1.4128,0.39104,0.76651,0.015656,0.01445,0.68728,254.06
0.87479,8.6614,4.718,18.243,2.3346,8.2492,1.4124,0.39104,0.7665,0.015657,0.01445,0.68728,254.06
0.87479,8.6648,4.7177,18.251,2.3343,8.253,1.4121,0.39103,0.7665,0.015658,0.01445,0.68728,254.06
0.8748,8.6725,4.7173,18.268,2.3337,8.262,1.4117,0.39103,0.76648,0.015658,0.01445,0.68728,254.06
0.87481,8.6726,4.7173,18.268,2.3337,8.262,1.4116,0.39102,0.76649,0.015659,0.01445,0.68727,254.06
0.87482,8.6739,4.7172,18.272,2.3336,8.2637,1.4115,0.39103,0.7665,0.01566,0.01445,0.68727,254.07
0.87483,8.6755,4.7171,18.276,2.3334,8.2655,1.4114,0.39102,0.76649,0.015661,0.01445,0.68727,254.07
0.87484,8.6856,4.7167,18.297,2.333,8.2771,1.411,0.39102,0.76648,0.015661,0.01445,0.68727,254.07
0.87485,8.686,4.7167,18.298,2.333,8.2777,1.4109,0.39102,0.76649,0.015662,0.01445,0.68726,254.07
0.87485,8.6879,4.7166,18.303,2.3328,8.28,1.4108,0.39104,0.76648,0.015662,0.01445,0.68726,254.07
0.87486,8.6884,4.7165,18.304,2.3327,8.2806,1.4107,0.39103,0.76649,0.015663,0.01445,0.68726,254.08
0.87487,8.6908,4.7164,18.31,2.3326,8.2833,1.4106,0.39103,0.76649,0.015664,0.01445,0.68726,254.08
0.87488,8.6928,4.7163,18.315,2.3324,8.2857,1.4105,0.39103,0.76648,0.015665,0.01445,0.68725,254.08
0.87489,8.7018,4.716,18.334,2.3321,8.2962,1.4101,0.39102,0.76648,0.015666,0.01445,0.68725,254.08
0.8749,8.7038,4.7159,18.339,2.3319,8.2985,1.41,0.39102,0.76647,0.015667,0.01445,0.68725,254.08
0.87491,8.7111,4.7154,18.355,2.3314,8.3069,1.4095,0.39102,0.76647,0.015667,0.01445,0.68725,254.09
0.87491,8.7187,4.715,18.371,2.3309,8.3158,1.4091,0.39102,0.76646,0.015668,0.01445,0.68724,254.09
0.87492,8.7196,4.715,18.374,2.3308,8.3167,1.409,0.391,0.76646,0.015669,0.01445,0.68724,254.09
0.87493,8.7246,4.7146,18.385,2.3304,8.3227,1.4085,0.39101,0.76646,0.01567,0.01445,0.68723,254.09
0.87494,8.7287,4.7145,18.394,2.3303,8.3274,1.4084,0.391,0.76645,0.015671,0.01445,0.68723,254.09
0.87495,8.7303,4.7144,18.398,2.3301,8.3293,1.4083,0.391,0.76645,0.015672,0.01445,0.68723,254.1
0.87496,8.7371,4.7139,18.413,2.3295,8.3372,1.4078,0.39101,0.76644,0.015672,0.01445,0.68723,254.1
0.87497,8.7375,4.7139,18.414,2.3294,8.3377,1.4078,0.391,0.76645,0.015673,0.01445,0.68723,254.1
0.87497,8.7395,4.7137,18.419,2.3293,8.3399,1.4076,0.391,0.76644,0.015674,0.01445,0.68722,254.1
0.87498,8.7485,4.7134,18.439,2.3289,8.3505,1.4071,0.39099,0.76644,0.015675,0.01445,0.68722,254.1
0.87499,8.75,4.7133,18.442,2.3287,8.3523,1.407,0.39099,0.76644,0.015676,0.01445,0.68721,254.11
0.875,8.7768,4.7117,18.5,2.3267,8.3831,1.4054,0.39096,0.7664,0.015676,0.01445,0.68721,254.11
0.87501,8.7766,4.7116,18.5,2.3266,8.3829,1.4052,0.39095,0.76639,0.015677,0.01445,0.68721,254.11
0.87502,8.7767,4.7111,18.501,2.326,8.3834,1.4046,0.39098,0.76642,0.015676,0.01445,0.6872,254.11
0.87502,8.7769,4.7111,18.502,2.3259,8.3837,1.4045,0.39097,0.76641,0.015677,0.01445,0.6872,254.11
0.87503,8.7782,4.7109,18.505,2.3257,8.3851,1.4044,0.39098,0.7664,0.015679,0.01445,0.68719,254.12
0.87504,8.7844,4.7106,18.518,2.3254,8.3923,1.4041,0.39097,0.7664,0.015679,0.01445,0.68719,254.12
0.87505,8.7858,4.7105,18.522,2.3252,8.3938,1.4039,0.39097,0.7664,0.01568,0.01445,0.68719,254.12
0.87506,8.7887,4.7104,18.528,2.3251,8.3973,1.4038,0.39097,0.7664,0.015681,0.01445,0.68719,254.12
0.87507,8.7904,4.7103,18.532,2.3249,8.3993,1.4037,0.39098,0.7664,0.015681,0.01445,0.68719,254.12
0.87508,8.7931,4.7101,18.538,2.3247,8.4023,1.4035,0.39097,0.7664,0.015683,0.01445,0.68718,254.12
0.87508,8.7957,4.71,18.544,2.3246,8.4054,1.4034,0.39098,0.7664,0.015683,0.01445,0.68718,254.13
0.87509,8.8017,4.7097,18.558,2.3243,8.4124,1.4031,0.39097,0.76639,0.015685,0.01445,0.68718,254.13
0.8751,8.8034,4.7096,18.562,2.3242,8.4145,1.403,0.39097,0.76639,0.015686,0.01445,0.68717,254.13
0.87511,8.8103,4.7093,18.577,2.3237,8.4222,1.4026,0.39095,0.76638,0.015687,0.01445,0.68717,254.13
0.87512,8.8337,4.708,18.629,2.322,8.4497,1.4008,0.39093,0.76635,0.015686,0.01445,0.68716,254.13
0.87513,8.8341,4.7076,18.63,2.3215,8.4503,1.4004,0.39095,0.76636,0.015686,0.01445,0.68716,254.14
0.87514,8.8349,4.7075,18.632,2.3214,8.4512,1.4004,0.39094,0.76635,0.015687,0.01445,0.68715,254.14
0.87514,8.8381,4.7072,18.639,2.3211,8.4549,1.4002,0.39094,0.76635,0.015688,0.01445,0.68715,254.14
0.87515,8.8393,4.7071,18.641,2.321,8.4563,1.4,0.39095,0.76635,0.015689,0.01445,0.68715,254.14
0.87516,8.8398,4.7071,18.643,2.3209,8.4568,1.4,0.39094,0.76636,0.015689,0.01445,0.68715,254.14
0.87517,8.8448,4.7068,18.654,2.3206,8.4627,1.3998,0.39094,0.76635,0.015691,0.01445,0.68715,254.15
0.87518,8.8463,4.7067,18.658,2.3205,8.4645,1.3997,0.39094,0.76635,0.015692,0.01445,0.68714,254.15
0.87519,8.8516,4.7065,18.669,2.3202,8.4705,1.3994,0.39093,0.76635,0.015693,0.01445,0.68714,254.15
0.8752,8.8525,4.7064,18.671,2.3201,8.4716,1.3993,0.39094,0.76635,0.015694,0.01445,0.68714,254.15
0.8752,8.8581,4.7062,18.683,2.3198,8.478,1.399,0.39094,0.76634,0.015694,0.01445,0.68714,254.15
0.87521,8.8586,4.7061,18.685,2.3197,8.4786,1.3991,0.39094,0.76635,0.015695,0.01445,0.68714,254.16
0.87522,8.8605,4.706,18.689,2.3196,8.4808,1.399,0.39095,0.76635,0.015695,0.01445,0.68714,254.16
0.87523,8.8619,4.7059,18.692,2.3195,8.4824,1.3989,0.39094,0.76635,0.015696,0.01445,0.68713,254.16
0.87524,8.8652,4.7058,18.699,2.3194,8.4862,1.3988,0.39094,0.76634,0.015697,0.01445,0.68713,254.16
0.87525,8.8703,4.7057,18.711,2.3193,8.4923,1.3986,0.39095,0.76634,0.015698,0.01445,0.68713,254.16
0.87525,8.8708,4.7057,18.712,2.3192,8.4928,1.3985,0.39094,0.76634,0.015699,0.01445,0.68712,254.17
0.87526,8.8729,4.7056,18.717,2.3191,8.4953,1.3985,0.39094,0.76634,0.0157,0.01445,0.68712,254.17
0.87527,8.8759,4.7055,18.724,2.319,8.4987,1.3984,0.39095,0.76634,0.0157,0.01445,0.68712,254.17
0.87528,8.8764,4.7055,18.725,2.319,8.4993,1.3984,0.39094,0.76634,0.015701,0.01445,0.68712,254.17
0.87529,8.8788,4.7054,18.731,2.3189,8.5022,1.3983,0.39095,0.76634,0.015702,0.01445,0.68712,254.17
0.8753,8.8824,4.7054,18.738,2.3188,8.5062,1.3982,0.39095,0.76634,0.015702,0.01445,0.68712,254.18
0.87531,8.8869,4.7051,18.749,2.3185,8.5115,1.3979,0.39094,0.76634,0.015705,0.01445,0.68711,254.18
0.87531,8.8969,4.7049,18.771,2.3182,8.5231,1.3976,0.39093,0.76633,0.015705,0.01445,0.68711,254.18
0.87532,8.8992,4.7048,18.775,2.318,8.5257,1.3974,0.39094,0.76632,0.015705,0.01445,0.68711,254.18
0.87533,8.9007,4.7047,18.779,2.3179,8.5274,1.3973,0.39092,0.76632,0.015706,0.01445,0.68711,254.18
0.87534,8.9134,4.7042,18.807,2.3174,8.542,1.3969,0.39091,0.7663,0.015707,0.01445,0.68711,254.19
0.87535,8.9155,4.7042,18.812,2.3173,8.5446,1.3967,0.39091,0.76631,0.015709,0.01445,0.6871,254.19
0.87536,8.9179,4.704,18.818,2.3171,8.5475,1.3965,0.39092,0.7663,0.015709,0.01445,0.6871,254.19
0.87537,8.9196,4.7038,18.822,2.3169,8.5495,1.3964,0.39091,0.7663,0.01571,0.01445,0.68709,254.19
0.87537,8.9268,4.7034,18.837,2.3164,8.5578,1.3959,0.39092,0.7663,0.015709,0.01445,0.6871,254.19
0.87538,8.9273,4.7033,18.839,2.3163,8.5584,1.3958,0.39091,0.7663,0.015711,0.01445,0.68709,254.2
0.87539,8.9387,4.7029,18.863,2.3157,8.5715,1.3953,0.39091,0.76627,0.015711,0.01445,0.68709,254.2
0.8754,8.9388,4.7028,18.864,2.3156,8.5715,1.3953,0.39089,0.76628,0.015712,0.01445,0.68709,254.2
0.87541,8.9459,4.7023,18.879,2.3149,8.5798,1.3947,0.3909,0.76626,0.015711,0.01445,0.68709,254.2
0.87542,8.9459,4.7022,18.88,2.3149,8.5798,1.3946,0.39089,0.76627,0.015712,0.01445,0.68708,254.2
0.87542,8.9481,4.7021,18.885,2.3147,8.5823,1.3945,0.39088,0.76627,0.015713,0.01445,0.68708,254.21
0.87543,8.9485,4.7021,18.886,2.3148,8.583,1.3945,0.39091,0.76629,0.015713,0.01445,0.68708,254.21
0.87544,8.949,4.7021,18.887,2.3147,8.5836,1.3944,0.39091,0.76629,0.015714,0.01445,0.68707,254.21
0.87545,8.952,4.702,18.894,2.3145,8.5871,1.3943,0.39093,0.76628,0.015714,0.01445,0.68707,254.21
0.87546,8.9533,4.7019,18.897,2.3144,8.5885,1.3942,0.3909,0.76628,0.015716,0.01445,0.68707,254.21
0.87547,8.9702,4.7015,18.933,2.314,8.608,1.3938,0.39088,0.76626,0.015718,0.01445,0.68707,254.21
0.87548,8.9714,4.7013,18.937,2.3138,8.6096,1.3935,0.39089,0.76626,0.01572,0.01445,0.68706,254.22
0.87548,8.9739,4.7012,18.943,2.3136,8.6126,1.3933,0.39089,0.76626,0.015721,0.01445,0.68706,254.22
0.87549,8.976,4.701,18.948,2.3134,8.6149,1.3932,0.39089,0.76626,0.015721,0.01445,0.68705,254.22
0.8755,8.9836,4.7005,18.964,2.3128,8.6238,1.3926,0.39088,0.76625,0.015722,0.01445,0.68705,254.22
0.87551,8.9859,4.7004,18.969,2.3127,8.6265,1.3925,0.39089,0.76625,0.015722,0.01445,0.68705,254.22
0.87552,8.9873,4.7003,18.973,2.3126,8.628,1.3924,0.39088,0.76625,0.015723,0.01445,0.68705,254.23
0.87553,8.9978,4.6998,18.995,2.3119,8.6402,1.3919,0.39088,0.76624,0.015724,0.01445,0.68705,254.23
0.87554,8.9998,4.6997,19.001,2.3117,8.6426,1.3917,0.39087,0.76624,0.015725,0.01445,0.68704,254.23
0.87554,9.0022,4.6995,19.006,2.3116,8.6454,1.3915,0.39088,0.76624,0.015725,0.01445,0.68704,254.23
0.87555,9.0045,4.6994,19.011,2.3113,8.6482,1.3913,0.39089,0.76624,0.015726,0.01445,0.68704,254.23
0.87556,9.0056,4.6993,19.014,2.3112,8.6494,1.3912,0.39087,0.76624,0.015727,0.01445,0.68703,254.24
0.87557,9.016,4.6989,19.036,2.3107,8.6614,1.3907,0.39087,0.76622,0.015728,0.01445,0.68703,254.24
0.87558,9.0164,4.6988,19.038,2.3107,8.662,1.3906,0.39087,0.76623,0.015729,0.01445,0.68703,254.24
0.87559,9.0185,4.6986,19.043,2.3104,8.6643,1.3905,0.39086,0.76622,0.01573,0.01445,0.68702,254.24
0.8756,9.0214,4.6985,19.049,2.3103,8.6678,1.3903,0.39088,0.76623,0.01573,0.01445,0.68702,254.24
0.8756,9.0235,4.6983,19.055,2.31,8.6702,1.3902,0.39087,0.76622,0.015732,0.01445,0.68702,254.25
0.87561,9.0385,4.6976,19.087,2.3091,8.6875,1.3893,0.39085,0.7662,0.015732,0.01445,0.68702,254.25
0.87562,9.044,4.697,19.099,2.3084,8.6939,1.3887,0.39085,0.76619,0.015732,0.01445,0.68701,254.25
0.87563,9.0445,4.697,19.1,2.3083,8.6945,1.3886,0.39085,0.7662,0.015733,0.01445,0.68701,254.25
0.87564,9.0465,4.6968,19.105,2.3082,8.697,1.3884,0.39085,0.7662,0.015734,0.01445,0.68701,254.25
0.87565,9.0536,4.6963,19.12,2.3076,8.7052,1.3879,0.39085,0.76619,0.015734,0.01445,0.68701,254.26
0.87565,9.0542,4.6963,19.122,2.3075,8.7058,1.3879,0.39084,0.76619,0.015735,0.01445,0.687,254.26
0.87566,9.0617,4.6958,19.138,2.3069,8.7144,1.3873,0.39085,0.76618,0.015735,0.01445,0.687,254.26
0.87567,9.0618,4.6958,19.139,2.3068,8.7147,1.3873,0.39084,0.76619,0.015736,0.01445,0.687,254.26
0.87568,9.0622,4.6957,19.14,2.3068,8.7151,1.3872,0.39085,0.76619,0.015736,0.01445,0.687,254.26
0.87569,9.0648,4.6955,19.146,2.3066,8.7181,1.3871,0.39084,0.76618,0.015738,0.01445,0.68699,254.27
0.8757,9.0741,4.6952,19.166,2.3061,8.729,1.3866,0.39084,0.76618,0.015739,0.01445,0.68699,254.27
0.87571,9.0745,4.6952,19.168,2.3061,8.7294,1.3866,0.39084,0.76618,0.015739,0.01445,0.68699,254.27
0.87571,9.0767,4.695,19.173,2.3059,8.732,1.3864,0.39084,0.76618,0.01574,0.01445,0.68698,254.27
0.87572,9.0854,4.6946,19.192,2.3054,8.7422,1.386,0.39083,0.76617,0.015742,0.01445,0.68698,254.27
0.87573,9.0876,4.6945,19.196,2.3053,8.7448,1.3858,0.39085,0.76617,0.015741,0.01445,0.68698,254.28
0.87574,9.0887,4.6944,19.2,2.3051,8.7459,1.3857,0.39083,0.76617,0.015743,0.01445,0.68697,254.28
0.87575,9.1007,4.6939,19.225,2.3045,8.7598,1.3852,0.39082,0.76615,0.015743,0.01445,0.68698,254.28
0.87576,9.1011,4.6939,19.227,2.3045,8.7605,1.3851,0.39083,0.76616,0.015744,0.01445,0.68697,254.28
0.87577,9.1016,4.6938,19.228,2.3044,8.761,1.385,0.39083,0.76616,0.015745,0.01445,0.68697,254.28
0.87577,9.1037,4.6937,19.233,2.3042,8.7634,1.3849,0.39083,0.76616,0.015746,0.01445,0.68696,254.29
0.87578,9.1124,4.6932,19.251,2.3037,8.7735,1.3844,0.39083,0.76615,0.015745,0.01445,0.68697,254.29
0.87579,9.1129,4.6931,19.254,2.3035,8.774,1.3843,0.39081,0.76615,0.015747,0.01445,0.68696,254.29
0.8758,9.1287,4.6926,19.287,2.3029,8.7923,1.3838,0.39081,0.76613,0.015747,0.01445,0.68697,254.29
0.87581,9.1288,4.6926,19.288,2.3028,8.7926,1.3835,0.39081,0.76614,0.015749,0.01445,0.68696,254.29
0.87582,9.1291,4.6925,19.289,2.3027,8.7929,1.3835,0.39081,0.76614,0.01575,0.01445,0.68695,254.29
0.87582,9.1309,4.6923,19.294,2.3025,8.795,1.3833,0.39081,0.76613,0.015751,0.01445,0.68695,254.3
0.87583,9.1381,4.6918,19.309,2.3019,8.8033,1.3828,0.3908,0.76613,0.01575,0.01445,0.68695,254.3
0.87584,9.1385,4.6917,19.31,2.3018,8.8036,1.3827,0.3908,0.76613,0.015752,0.01445,0.68695,254.3
0.87585,9.1423,4.6916,19.319,2.3016,8.8082,1.3826,0.39081,0.76613,0.015752,0.01445,0.68694,254.3
0.87586,9.144,4.6914,19.323,2.3014,8.8102,1.3824,0.39081,0.76612,0.015754,0.01445,0.68694,254.3
0.87587,9.1469,4.6912,19.33,2.3012,8.8136,1.3822,0.39081,0.76612,0.015754,0.01445,0.68694,254.31
0.87588,9.1492,4.691,19.335,2.3009,8.8163,1.3819,0.39081,0.76612,0.015755,0.01445,0.68693,254.31
0.87588,9.1518,4.6909,19.341,2.3008,8.8194,1.3818,0.39081,0.76612,0.015756,0.01445,0.68693,254.31
0.87589,9.1544,4.6907,19.347,2.3006,8.8224,1.3816,0.39081,0.76612,0.015757,0.01445,0.68693,254.31
0.8759,9.1568,4.6906,19.352,2.3004,8.825,1.3815,0.3908,0.76612,0.015758,0.01445,0.68692,254.31
0.87591,9.1608,4.6904,19.361,2.3001,8.8298,1.3813,0.39081,0.76612,0.015758,0.01445,0.68692,254.32
0.87592,9.1619,4.6903,19.364,2.3001,8.831,1.3812,0.3908,0.76612,0.015759,0.01445,0.68692,254.32
