0.41586,2.0245,5.1007,3.1208,2.8192,0.36303,1.8273,0.38645,0.7633,0.014307,0.01445,0.69518,250.94
0.40984,2.0787,5.163,3.256,2.8788,0.4299,1.8666,0.3828,0.76461,0.014432,0.01445,0.69499,252.16
0.40381,2.1501,5.232,3.4088,2.9611,0.49381,1.9301,0.37782,0.76505,0.01461,0.01445,0.69466,254.12
0.42792,1.974,5.1192,3.1622,2.8338,0.41257,1.8335,0.40103,0.76339,0.014331,0.01445,0.69533,251.07
0.43394,2.0327,5.0859,3.2621,2.796,0.50661,1.8026,0.40465,0.76565,0.014836,0.01445,0.69627,251.94
0.43997,2.0575,5.0827,3.3621,2.7935,0.55822,1.8034,0.41069,0.76348,0.01476,0.01445,0.69638,253.57
0.40357,2.1847,5.1655,3.4336,2.8836,0.50102,1.8705,0.3751,0.76421,0.015049,0.01445,0.69468,253.83
0.40334,2.1172,5.0226,3.2063,2.7053,0.41027,1.7278,0.37277,0.76616,0.015539,0.01445,0.6951,253.72
0.4031,2.1115,5.0144,3.2102,2.6967,0.39008,1.7251,0.373,0.76398,0.015265,0.01445,0.69475,253.77
0.40286,2.0326,4.9929,3.0246,2.6705,0.30356,1.6999,0.37284,0.76481,0.015577,0.01445,0.69475,253.79
0.40262,2.0347,4.9944,3.0284,2.672,0.30354,1.7013,0.37263,0.76462,0.01553,0.01445,0.69475,253.87
0.40239,2.0358,4.9956,3.0304,2.6728,0.30353,1.7019,0.37244,0.76456,0.015511,0.01445,0.69474,253.95
0.40215,2.0359,4.9967,3.0321,2.6737,0.30353,1.7027,0.37233,0.76454,0.015507,0.01445,0.69472,254.03
0.40191,2.0273,4.9835,3.0007,2.6571,0.28873,1.6901,0.37193,0.76455,0.015359,0.01445,0.69481,254.1
0.40168,2.0273,4.9854,3.0029,2.6588,0.28873,1.6922,0.37187,0.76453,0.015368,0.01445,0.69479,254.19
0.40144,2.0276,4.9913,3.0048,2.6665,0.28872,1.697,0.37163,0.76454,0.015399,0.01445,0.69474,254.27
0.44023,2.1137,5.0389,3.4731,2.7367,0.62491,1.7577,0.41072,0.76379,0.015381,0.01445,0.69647,253.54
0.44049,2.1345,5.0278,3.5171,2.7223,0.64571,1.7466,0.41078,0.76326,0.015307,0.01445,0.69646,253.61
0.44075,2.2258,4.9835,3.7066,2.6643,0.7609,1.6986,0.41066,0.76441,0.015476,0.01445,0.6965,253.66
0.441,2.2404,4.981,3.7402,2.6614,0.771,1.6979,0.41085,0.76332,0.015352,0.01445,0.69647,253.73
0.44126,2.3403,4.9583,3.9541,2.6323,0.89628,1.6723,0.41078,0.76432,0.015531,0.01445,0.69641,253.78
0.44152,2.3679,4.9597,4.0165,2.6344,0.92258,1.6756,0.41092,0.76336,0.015397,0.01445,0.69637,253.85
0.44178,2.4705,4.9499,4.2381,2.6217,1.05,1.6633,0.41088,0.76414,0.015532,0.01445,0.69632,253.89
0.44204,2.4977,4.9505,4.2997,2.6228,1.077,1.6656,0.41104,0.76334,0.015422,0.01445,0.69628,253.97
0.4423,2.6124,4.9437,4.5475,2.6137,1.219,1.6559,0.411,0.76419,0.015584,0.01445,0.69623,254.01
0.44255,2.652,4.9458,4.636,2.6168,1.2605,1.6598,0.41108,0.76336,0.01546,0.01445,0.69618,254.08
0.44281,3.0446,4.9157,5.4812,2.5781,1.727,1.6247,0.41022,0.76425,0.015885,0.01445,0.69591,254.04
0.44307,3.0765,4.9207,5.5537,2.5847,1.7591,1.6318,0.41038,0.76335,0.015694,0.01445,0.69588,254.09
0.44333,3.1908,4.9273,5.7999,2.5908,1.8941,1.6351,0.4101,0.76345,0.015241,0.01445,0.69588,254.15
0.44359,3.3574,4.9174,6.1614,2.581,2.0943,1.6252,0.40996,0.76399,0.015722,0.01445,0.69569,254.17
0.44385,3.3849,4.919,6.2231,2.5831,2.1227,1.6287,0.41013,0.7633,0.015571,0.01445,0.69566,254.24
0.4441,5.5042,4.8438,10.773,2.4802,4.5881,1.532,0.40248,0.76382,0.015272,0.01445,0.69445,253.73
0.44436,5.5389,4.8511,10.863,2.4934,4.6301,1.5417,0.40292,0.76337,0.015379,0.01445,0.69422,253.78
0.44462,5.6397,4.8359,11.091,2.4769,4.7519,1.5267,0.40323,0.76318,0.015656,0.01445,0.69395,253.84
0.44488,5.6685,4.8331,11.155,2.4731,4.7864,1.5247,0.40348,0.7631,0.015541,0.01445,0.69393,253.91
0.44514,6.1604,4.7969,12.219,2.4264,5.3661,1.4811,0.40198,0.76393,0.015416,0.01445,0.69352,253.91
0.4454,6.1916,4.8002,12.29,2.4323,5.3987,1.487,0.4022,0.76301,0.015427,0.01445,0.69345,253.97
0.44565,6.2356,4.7998,12.382,2.4317,5.4537,1.4852,0.40238,0.76338,0.015533,0.01445,0.69346,254.04
0.44591,6.2667,4.7992,12.45,2.4316,5.4884,1.4866,0.40258,0.76293,0.015511,0.01445,0.69344,254.12
0.44617,6.3098,4.7986,12.537,2.4306,5.5424,1.4839,0.40271,0.76335,0.015596,0.01445,0.69347,254.19
0.44643,6.3427,4.7993,12.609,2.4321,5.5803,1.4853,0.40288,0.76298,0.015553,0.01445,0.69345,254.26
0.4014,2.0144,4.9712,2.9743,2.6434,0.27201,1.6784,0.37138,0.76457,0.015712,0.01445,0.69456,254.27
0.40136,2.0046,4.9705,2.9505,2.6424,0.25687,1.6785,0.37148,0.76418,0.015591,0.01445,0.69462,254.27
0.40132,1.7991,4.945,2.467,2.6098,0.01721,1.6526,0.37203,0.76458,0.015527,0.01445,0.695,254.14
0.40128,1.7991,4.9452,2.4672,2.6099,0.01721,1.6527,0.37202,0.76458,0.015527,0.01445,0.695,254.15
0.40124,1.8008,4.9554,2.4737,2.6225,0.016188,1.6638,0.37203,0.76419,0.015533,0.01445,0.695,254.16
0.4012,1.8008,4.9554,2.4737,2.6225,0.016188,1.664,0.37203,0.76421,0.015533,0.01445,0.695,254.18
0.40116,1.8008,4.9554,2.4737,2.6225,0.016188,1.6641,0.37203,0.76421,0.015533,0.01445,0.695,254.19
0.40113,1.8008,4.9563,2.4737,2.6237,0.016188,1.6648,0.37201,0.76421,0.015533,0.01445,0.69499,254.2
0.40109,1.8008,4.9563,2.4737,2.6237,0.016188,1.6653,0.372,0.76424,0.015533,0.01445,0.69499,254.22
0.40105,1.8008,4.9584,2.4738,2.6259,0.016772,1.6668,0.37197,0.76431,0.015534,0.01445,0.69499,254.23
0.40101,1.8008,4.96,2.4742,2.6275,0.016772,1.6683,0.37194,0.76432,0.015534,0.01445,0.69499,254.25
0.40097,1.8008,4.9628,2.4745,2.6318,0.016829,1.671,0.37188,0.76431,0.015535,0.01445,0.69498,254.26
0.40093,1.8,4.9656,2.4711,2.6355,0.016579,1.6733,0.37177,0.76448,0.015548,0.01445,0.69499,254.27
0.40089,1.8001,4.9628,2.4675,2.6321,0.016091,1.6705,0.37162,0.76459,0.015589,0.01445,0.69502,254.28
0.40085,1.8003,4.9633,2.4679,2.6326,0.016091,1.6709,0.3716,0.76458,0.015588,0.01445,0.69502,254.3
0.40081,1.8005,4.9642,2.4684,2.6337,0.01609,1.6717,0.37157,0.76456,0.015587,0.01445,0.69502,254.31
0.44647,6.9436,4.7736,13.908,2.3982,6.2811,1.4529,0.40097,0.76321,0.015743,0.01445,0.69303,254.19
0.44652,6.9859,4.7724,13.999,2.3969,6.3283,1.452,0.40081,0.76285,0.015718,0.01445,0.693,254.2
0.44656,7.1368,4.7667,14.33,2.3886,6.5052,1.4442,0.4005,0.76282,0.015687,0.01445,0.69289,254.19
0.44661,7.7802,4.7392,15.726,2.3541,7.2528,1.4113,0.39838,0.7627,0.015748,0.01445,0.69238,254.16
0.44665,7.7811,4.738,15.73,2.3526,7.2539,1.4101,0.39845,0.76264,0.015728,0.01445,0.69237,254.17
0.44669,7.792,4.7324,15.757,2.3451,7.2683,1.4037,0.3985,0.76267,0.015676,0.01445,0.69233,254.18
0.44674,7.9533,4.7092,16.113,2.3167,7.4566,1.38,0.39812,0.76254,0.015712,0.01445,0.69209,254.19
0.44678,7.9742,4.6958,16.165,2.3001,7.485,1.3647,0.39823,0.7626,0.015618,0.01445,0.69197,254.2
0.44682,8.008,4.6911,16.238,2.2948,7.5257,1.3599,0.39817,0.76284,0.015683,0.01445,0.69192,254.21
0.44687,8.0093,4.6915,16.241,2.2954,7.5259,1.3608,0.39824,0.76254,0.015664,0.01445,0.69192,254.22
0.44691,8.0149,4.6905,16.252,2.2943,7.5331,1.3597,0.39825,0.76264,0.015675,0.01445,0.69191,254.23
0.44696,8.02,4.6899,16.264,2.2935,7.539,1.3592,0.39829,0.76254,0.015675,0.01445,0.69191,254.24
0.447,8.0403,4.687,16.307,2.29,7.5644,1.3557,0.39831,0.76279,0.015704,0.01445,0.69189,254.25
0.44704,8.0433,4.6876,16.314,2.2907,7.5668,1.3567,0.39835,0.76252,0.015686,0.01445,0.69189,254.27
0.44709,8.0605,4.6848,16.35,2.2873,7.5886,1.3534,0.39836,0.76279,0.015715,0.01445,0.69187,254.28
0.44713,8.0626,4.6854,16.355,2.2881,7.5897,1.3544,0.3984,0.7625,0.015696,0.01445,0.69187,254.29
0.44717,8.0676,4.6845,16.365,2.2872,7.596,1.3535,0.39841,0.76259,0.015703,0.01445,0.69187,254.3
0.44722,8.0893,4.6824,16.412,2.2845,7.6204,1.3518,0.39838,0.76249,0.015697,0.01445,0.69186,254.31
0.44725,8.0928,4.682,16.418,2.2841,7.6256,1.351,0.39842,0.76258,0.015705,0.01445,0.69186,254.32
0.40079,1.8006,4.9645,2.4688,2.6341,0.01609,1.6721,0.37155,0.76455,0.015587,0.01445,0.69502,254.32
