0.82637,2.0601,5.1258,3.2051,2.8371,0.41601,1.8292,0.39379,0.7575,0.014128,0.01445,0.69689,251.22
0.81959,2.2079,5.175,3.4871,2.8997,0.55711,1.8632,0.39249,0.75266,0.014366,0.01445,0.69761,252.92
0.83991,2.0402,5.0718,3.2209,2.7739,0.48271,1.793,0.39419,0.77103,0.015015,0.01445,0.69557,251.13
0.84669,2.0575,5.0535,3.2668,2.7496,0.5391,1.7845,0.39368,0.77787,0.014643,0.01445,0.69524,252.7
0.81802,2.2726,5.134,3.5589,2.846,0.59301,1.8204,0.38853,0.75151,0.015041,0.01445,0.69813,253.22
0.81646,2.2646,4.9196,3.5865,2.569,0.59228,1.5969,0.39196,0.74804,0.015781,0.01445,0.69736,253.74
0.81489,2.3114,4.9421,3.6704,2.5979,0.63139,1.6181,0.39083,0.74671,0.015683,0.01445,0.69757,254.28
0.84831,2.0632,5.0396,3.3538,2.7401,0.56491,1.7796,0.39541,0.7779,0.015346,0.01445,0.69393,253.13
0.84993,2.0661,5.008,3.3497,2.7019,0.57329,1.7508,0.39462,0.7798,0.015056,0.01445,0.69382,253.69
0.85155,2.069,5.0065,3.4057,2.7024,0.59992,1.7526,0.39608,0.78097,0.015585,0.01445,0.69312,254.28
0.81481,2.3262,4.9435,3.6627,2.6002,0.62509,1.624,0.38809,0.74693,0.015506,0.01445,0.69783,254.26
0.81474,2.3214,4.9401,3.649,2.5964,0.61873,1.6205,0.38796,0.74698,0.015486,0.01445,0.69787,254.29
0.81466,2.3008,4.9299,3.6028,2.5818,0.59405,1.6092,0.38819,0.7468,0.01558,0.01445,0.69792,254.32
0.85163,2.0719,5.0054,3.4081,2.7013,0.60074,1.7523,0.39576,0.78102,0.01556,0.01445,0.69312,254.31
0.81465,2.2742,4.931,3.5378,2.584,0.55944,1.6116,0.38791,0.7469,0.015492,0.01445,0.69798,254.31
0.81464,2.245,4.9283,3.4775,2.5795,0.52722,1.6078,0.38826,0.74682,0.015531,0.01445,0.69801,254.31
0.81464,2.2209,4.9294,3.4201,2.5814,0.49601,1.611,0.38808,0.74689,0.015479,0.01445,0.69805,254.31
0.81463,2.1943,4.9302,3.369,2.5819,0.46814,1.6101,0.38867,0.74668,0.015569,0.01445,0.69805,254.32
0.81462,2.1917,4.9317,3.3568,2.5843,0.46177,1.6132,0.38823,0.74683,0.015498,0.01445,0.69808,254.32
0.81461,2.1672,4.9314,3.3072,2.5836,0.43531,1.6115,0.38863,0.74674,0.015543,0.01445,0.69808,254.32
0.8146,2.1484,4.9329,3.2599,2.5857,0.40971,1.6141,0.38828,0.7468,0.015485,0.01445,0.69813,254.32
0.85164,2.075,5.0048,3.414,2.7006,0.60359,1.7517,0.39563,0.78104,0.015547,0.01445,0.69311,254.31
0.85165,2.097,5.0008,3.4638,2.6956,0.62836,1.748,0.39551,0.78101,0.015528,0.01445,0.69306,254.31
0.85165,2.1061,4.9977,3.4845,2.692,0.63904,1.7453,0.39549,0.78102,0.015547,0.01445,0.69302,254.32
0.85166,2.1061,4.9977,3.4847,2.6924,0.6393,1.7453,0.39551,0.78102,0.015547,0.01445,0.69302,254.32
