0.46447,2.031,5.0877,3.3003,2.8047,0.43614,1.809,0.39254,0.76261,0.014438,0.01445,0.69322,250.94
0.45774,2.0573,5.1534,3.4706,2.8449,0.51422,1.8252,0.39239,0.76331,0.014575,0.01445,0.69268,251.96
0.45101,2.1173,5.2566,3.7223,2.9517,0.62216,1.9003,0.39169,0.76419,0.01484,0.01445,0.69163,253.77
0.47793,2.1134,5.1405,3.2147,2.8595,0.47597,1.8676,0.39199,0.76457,0.01432,0.01445,0.69851,250.87
0.48466,2.206,5.0969,3.3815,2.8247,0.60034,1.8438,0.39704,0.76531,0.014867,0.01445,0.69936,251.92
0.49139,2.3331,5.085,3.4899,2.8297,0.70282,1.8569,0.39379,0.76781,0.01571,0.01445,0.70139,253.31
0.49428,2.4033,5.0749,3.6141,2.8308,0.77125,1.8606,0.39445,0.76692,0.015633,0.01445,0.70152,254.23
0.45037,2.1163,5.2228,3.7494,2.9149,0.6136,1.8736,0.39232,0.76191,0.014908,0.01445,0.69105,253.8
0.44973,2.131,5.1333,3.8209,2.818,0.65227,1.7869,0.39265,0.76294,0.015538,0.01445,0.6897,253.72
0.44909,2.1559,5.103,3.9032,2.7863,0.68254,1.7591,0.393,0.76211,0.015523,0.01445,0.68905,253.84
0.44844,2.1695,5.0694,3.9522,2.7461,0.70546,1.7247,0.39316,0.76209,0.015554,0.01445,0.68859,253.98
0.4478,2.1728,5.0427,3.9762,2.7142,0.71227,1.6978,0.39323,0.76178,0.015571,0.01445,0.68819,254.14
0.44716,2.1476,4.6591,3.9375,2.2319,0.70816,1.3062,0.39357,0.76229,0.015529,0.01445,0.68627,254.18
0.44671,2.1442,4.7161,3.9442,2.306,0.71011,1.3641,0.39371,0.76278,0.015788,0.01445,0.68626,254.3
0.44662,2.1429,4.7217,3.9456,2.3125,0.70315,1.3714,0.39392,0.76197,0.015693,0.01445,0.68627,254.32
0.49437,2.4135,5.0644,3.6361,2.8208,0.78241,1.8522,0.39455,0.76672,0.015625,0.01445,0.70139,254.23
0.49447,2.414,5.0644,3.6362,2.8208,0.78274,1.8522,0.39455,0.76672,0.015625,0.01445,0.70139,254.27
0.49456,2.4146,5.0644,3.6364,2.821,0.78308,1.8522,0.39454,0.76671,0.015625,0.01445,0.70139,254.3
0.49459,2.8603,5.0482,4.5804,2.7879,1.2956,1.8258,0.39202,0.76635,0.015407,0.01445,0.70139,254.09
0.49463,2.8603,5.0482,4.5804,2.7879,1.2956,1.8258,0.39202,0.76635,0.015407,0.01445,0.70139,254.1
0.49466,2.8603,5.0482,4.5804,2.7879,1.2956,1.8258,0.39202,0.76635,0.015407,0.01445,0.70139,254.11
0.49469,2.8606,5.0482,4.5804,2.7879,1.2957,1.8258,0.39202,0.76635,0.015407,0.01445,0.70139,254.12
0.49472,2.8608,5.0482,4.5804,2.7879,1.2958,1.8258,0.39202,0.76635,0.015407,0.01445,0.70139,254.13
0.49476,2.8611,5.0482,4.5804,2.7879,1.2959,1.8258,0.39202,0.76635,0.015407,0.01445,0.70139,254.14
0.49479,2.8611,5.0482,4.5804,2.7879,1.2959,1.8258,0.39202,0.76635,0.015407,0.01445,0.70139,254.15
0.49482,2.8612,5.0482,4.5804,2.7879,1.296,1.8258,0.39202,0.76635,0.015407,0.01445,0.70139,254.16
0.49485,2.8708,5.0433,4.5981,2.7819,1.3064,1.8212,0.39186,0.76641,0.015429,0.01445,0.70139,254.17
0.49489,2.8708,5.0433,4.5981,2.7819,1.3064,1.8212,0.39186,0.76641,0.015429,0.01445,0.70139,254.18
0.49492,2.8708,5.0433,4.5981,2.7819,1.3064,1.8212,0.39188,0.76641,0.015429,0.01445,0.70139,254.19
0.49495,2.8709,5.0433,4.5981,2.7819,1.3065,1.8212,0.3919,0.76641,0.015429,0.01445,0.70139,254.2
0.49498,2.871,5.0433,4.5981,2.7819,1.3065,1.8212,0.39191,0.76641,0.015429,0.01445,0.70139,254.22
0.49502,2.8711,5.0433,4.5981,2.7819,1.3066,1.8212,0.39193,0.76641,0.015429,0.01445,0.70139,254.23
0.49505,2.8712,5.0433,4.5981,2.7819,1.3067,1.8212,0.39194,0.76641,0.015429,0.01445,0.70139,254.24
0.49508,2.8712,5.0433,4.5981,2.7819,1.3067,1.8212,0.39195,0.76641,0.015429,0.01445,0.70139,254.25
0.49511,2.8713,5.0433,4.5981,2.7819,1.3069,1.8212,0.39199,0.76641,0.015429,0.01445,0.70139,254.26
0.49515,2.8714,5.0433,4.5981,2.782,1.307,1.8212,0.39201,0.76641,0.015429,0.01445,0.70139,254.27
0.49518,2.8715,5.0433,4.5981,2.782,1.3071,1.8212,0.39201,0.76641,0.01543,0.01445,0.70139,254.29
0.49521,2.9083,5.0168,4.6685,2.7499,1.3473,1.7954,0.39152,0.76648,0.015495,0.01445,0.70139,254.27
0.49524,2.9083,5.0168,4.6685,2.7499,1.3473,1.7954,0.39154,0.76648,0.015495,0.01445,0.70139,254.28
0.49528,3.0071,5.0095,4.8822,2.7377,1.467,1.786,0.39146,0.76678,0.0155,0.01445,0.70139,254.26
0.49531,3.0071,5.0095,4.8822,2.7377,1.467,1.786,0.39146,0.76678,0.0155,0.01445,0.70139,254.27
0.49534,3.0071,5.0095,4.8822,2.7377,1.467,1.786,0.39146,0.76678,0.0155,0.01445,0.70139,254.28
0.49537,3.0073,5.0095,4.8822,2.7377,1.467,1.786,0.39146,0.76678,0.0155,0.01445,0.70139,254.29
0.49541,3.0074,5.0095,4.8822,2.7377,1.467,1.786,0.39147,0.76678,0.0155,0.01445,0.70139,254.31
0.49544,3.0075,5.0095,4.8822,2.7377,1.4671,1.786,0.39151,0.76678,0.0155,0.01445,0.70139,254.32
0.49545,3.0079,5.0095,4.8824,2.7378,1.4679,1.786,0.39151,0.76678,0.0155,0.01445,0.70139,254.32
