0.92574,2.118,4.9988,3.3204,2.6744,0.57159,1.6628,0.39279,0.767,0.014139,0.01445,0.6966,251.2
0.91815,2.1513,4.8161,3.2738,2.4305,0.59685,1.4382,0.38977,0.76649,0.015258,0.01445,0.69815,252.54
0.94092,2.1506,5.1335,3.53,2.8674,0.54896,1.8884,0.39396,0.76295,0.015361,0.01445,0.69408,251.12
0.94851,2.2669,5.1597,3.8172,2.9009,0.66926,1.9569,0.39485,0.76478,0.014729,0.01445,0.69377,252.46
0.91639,2.1674,4.808,3.301,2.4157,0.62665,1.4169,0.39011,0.76691,0.015013,0.01445,0.69849,253.03
0.91464,2.1775,4.7886,3.3032,2.3895,0.63838,1.3862,0.3896,0.76664,0.015361,0.01445,0.69877,253.55
0.91288,2.1894,4.7652,3.316,2.3579,0.66099,1.3513,0.38951,0.76715,0.015382,0.01445,0.69901,254.13
0.95032,2.323,5.207,3.9505,2.9654,0.70276,2.017,0.3937,0.76198,0.014797,0.01445,0.69346,252.8
0.95214,2.3568,5.2417,4.0442,3.0127,0.73738,2.0624,0.39389,0.76185,0.014916,0.01445,0.6932,253.28
0.95395,2.4036,5.2718,4.1673,3.0539,0.78149,2.103,0.39391,0.76098,0.015033,0.01445,0.6929,253.77
0.95576,2.4591,5.2518,4.3356,3.0391,0.84189,2.0936,0.39394,0.75998,0.015478,0.01445,0.69183,254.23
0.91228,2.1721,4.7226,3.2624,2.3021,0.63491,1.305,0.38907,0.76682,0.015587,0.01445,0.69917,254.31
0.95585,2.8989,5.1941,5.3331,2.9692,1.355,2.0323,0.39294,0.75967,0.015621,0.01445,0.69113,254.21
0.95594,2.9033,5.1936,5.3432,2.9688,1.3596,2.0324,0.39293,0.75968,0.015616,0.01445,0.69112,254.24
0.95603,2.9073,5.1938,5.3529,2.969,1.3641,2.033,0.39293,0.75968,0.015615,0.01445,0.6911,254.27
0.95612,2.9102,5.1941,5.3603,2.9695,1.3671,2.0338,0.39294,0.75966,0.015613,0.01445,0.69109,254.29
0.91226,2.0626,4.6639,3.001,2.2301,0.49173,1.2516,0.38851,0.76651,0.01543,0.01445,0.69927,254.27
0.91224,2.0513,4.6643,2.9954,2.2277,0.4908,1.2478,0.38968,0.76656,0.015541,0.01445,0.69922,254.27
0.91222,2.0369,4.6694,2.9462,2.2355,0.46386,1.2554,0.38869,0.76664,0.015511,0.01445,0.69935,254.27
0.91219,1.9909,4.6794,2.8469,2.2467,0.41429,1.2645,0.38903,0.76708,0.01553,0.01445,0.69949,254.26
0.91217,1.8951,4.6822,2.6358,2.2507,0.29743,1.2686,0.38931,0.7666,0.015551,0.01445,0.6996,254.22
0.91215,1.676,4.7169,2.1296,2.2975,0.0327,1.3099,0.38909,0.76758,0.015505,0.01445,0.70023,254.15
0.91213,1.6524,4.7191,2.0869,2.2977,0.0010683,1.3102,0.38967,0.76633,0.015544,0.01445,0.70024,254.13
0.91211,1.6557,4.718,2.0873,2.2963,0.0013844,1.3096,0.38929,0.76635,0.015537,0.01445,0.7003,254.14
0.91209,1.6546,4.718,2.0849,2.2963,0.00010971,1.3097,0.3893,0.76634,0.015536,0.01445,0.7003,254.15
0.91207,1.6535,4.717,2.0851,2.2951,2.819e-05,1.3084,0.38951,0.76627,0.015544,0.01445,0.70029,254.15
0.91204,1.6535,4.7172,2.0851,2.2954,0.00014949,1.3084,0.3895,0.76626,0.015544,0.01445,0.70029,254.16
0.91202,1.6534,4.7172,2.0848,2.2954,3.7371e-07,1.3085,0.3895,0.76626,0.015544,0.01445,0.70029,254.17
0.912,1.6534,4.7175,2.0848,2.2957,0.00017634,1.3085,0.3895,0.76626,0.015544,0.01445,0.7003,254.18
0.91198,1.6533,4.7175,2.0845,2.2957,6.0576e-05,1.3085,0.3895,0.76626,0.015543,0.01445,0.7003,254.18
0.91196,1.6532,4.7175,2.0844,2.2957,0.00010529,1.3085,0.3895,0.76625,0.015543,0.01445,0.7003,254.19
0.91194,1.6531,4.7175,2.0843,2.2957,8.5059e-05,1.3085,0.3895,0.76625,0.015543,0.01445,0.7003,254.2
0.91192,1.6531,4.7179,2.0841,2.2963,0.00012093,1.3085,0.38949,0.76625,0.015543,0.01445,0.7003,254.21
0.91189,1.6531,4.7182,2.0839,2.2965,0.00013398,1.3085,0.38949,0.76624,0.015544,0.01445,0.7003,254.21
0.91187,1.653,4.7182,2.0837,2.2965,3.3495e-07,1.3085,0.38949,0.76624,0.015543,0.01445,0.7003,254.22
0.91185,1.653,4.7182,2.0837,2.2966,0.00016788,1.3085,0.38949,0.76624,0.015543,0.01445,0.7003,254.23
0.91183,1.6529,4.7182,2.0834,2.2966,8.2866e-05,1.3085,0.38949,0.76624,0.015543,0.01445,0.7003,254.24
0.91181,1.653,4.7186,2.0833,2.2971,0.0001465,1.3085,0.38948,0.76623,0.015544,0.01445,0.70031,254.24
0.91179,1.6529,4.7186,2.083,2.2971,3.6625e-07,1.3085,0.38948,0.76623,0.015544,0.01445,0.70031,254.25
0.91177,1.6529,4.7187,2.083,2.2973,0.0001903,1.3085,0.38948,0.76623,0.015544,0.01445,0.70031,254.26
0.91174,1.6528,4.7187,2.0827,2.2973,0.00011079,1.3085,0.38948,0.76622,0.015544,0.01445,0.70031,254.27
0.91172,1.6528,4.7187,2.0825,2.2973,9.4716e-05,1.3085,0.38947,0.76622,0.015544,0.01445,0.70031,254.27
0.9117,1.6528,4.7192,2.0824,2.2979,0.0001186,1.3085,0.38947,0.76621,0.015545,0.01445,0.70032,254.28
0.91168,1.6527,4.7192,2.0822,2.2979,6.4616e-05,1.3085,0.38947,0.76621,0.015546,0.01445,0.70032,254.29
0.91166,1.6538,4.7183,2.0813,2.2976,0.00054838,1.3075,0.38935,0.76627,0.015565,0.01445,0.70035,254.29
0.91164,1.6538,4.7193,2.0815,2.2978,0.00054838,1.308,0.38937,0.76626,0.015566,0.01445,0.70037,254.3
0.91161,1.6534,4.7193,2.0805,2.2977,4.7232e-05,1.308,0.38937,0.76625,0.015567,0.01445,0.70037,254.31
0.91159,1.6533,4.7193,2.0804,2.2977,0.00010585,1.308,0.38937,0.76625,0.015567,0.01445,0.70037,254.32
0.95614,3.0306,5.194,5.6295,2.9694,1.5063,2.033,0.39264,0.7596,0.015651,0.01445,0.69103,254.3
0.95616,3.0641,5.1933,5.7046,2.9686,1.5451,2.0322,0.39257,0.75959,0.015652,0.01445,0.69101,254.3
0.95619,3.1176,5.1928,5.8235,2.9678,1.6068,2.0313,0.39243,0.75959,0.015658,0.01445,0.69099,254.31
0.95621,3.1197,5.1928,5.8286,2.9678,1.6092,2.0314,0.39244,0.75957,0.015655,0.01445,0.69099,254.32
