0.91421,2.1178,4.981,3.2795,2.6488,0.53869,1.6481,0.39142,0.765,0.014588,0.01445,0.69715,251.11
0.90671,2.1768,4.8153,3.3543,2.4309,0.63705,1.4326,0.39065,0.766,0.01476,0.01445,0.69775,252.75
0.92919,2.1534,5.1116,3.5202,2.838,0.54733,1.8674,0.3933,0.76342,0.01469,0.01445,0.69422,251.04
0.93669,2.2337,5.0351,3.7699,2.7474,0.63,1.8307,0.39471,0.76346,0.014531,0.01445,0.69274,252.53
0.90498,2.1951,4.8044,3.3522,2.413,0.64178,1.4136,0.38948,0.76488,0.015212,0.01445,0.69848,253.22
0.90324,2.2114,4.7901,3.367,2.3913,0.66466,1.388,0.3893,0.76514,0.01526,0.01445,0.69891,253.8
0.93848,2.2688,5.1051,3.8647,2.8392,0.66328,1.9118,0.39469,0.76321,0.014652,0.01445,0.6926,252.98
0.94027,2.3002,5.1538,3.9538,2.9037,0.69385,1.9714,0.39498,0.76286,0.014762,0.01445,0.69242,253.48
0.94206,2.336,5.196,4.0504,2.9601,0.72947,2.0246,0.39513,0.76266,0.014886,0.01445,0.69222,254.03
0.90265,2.2117,4.7707,3.3499,2.3666,0.65896,1.3665,0.38856,0.76501,0.015457,0.01445,0.69908,253.99
0.90205,2.2055,4.7493,3.3294,2.3369,0.65198,1.3404,0.38872,0.76483,0.01548,0.01445,0.69926,254.2
0.94268,2.5253,5.1932,4.5081,2.9657,0.9466,2.0256,0.39458,0.76163,0.015508,0.01445,0.69131,254.09
0.9433,2.5446,5.1951,4.5565,2.9687,0.9683,2.0307,0.39464,0.76175,0.015512,0.01445,0.69122,254.29
0.90196,2.1881,4.7377,3.2732,2.3241,0.62001,1.3324,0.38796,0.76461,0.015428,0.01445,0.69939,254.22
0.90188,2.1257,4.7188,3.1414,2.2972,0.5512,1.3102,0.38846,0.76467,0.015525,0.01445,0.69945,254.22
0.90179,2.0214,4.6963,2.9033,2.2701,0.42178,1.2901,0.38839,0.76446,0.015498,0.01445,0.69955,254.2
0.90171,2.0041,4.6978,2.864,2.2714,0.40397,1.2906,0.38849,0.76477,0.015519,0.01445,0.69964,254.23
0.90162,1.9859,4.7018,2.8185,2.2764,0.37808,1.2954,0.38828,0.76456,0.015508,0.01445,0.69972,254.25
0.90154,1.9784,4.7017,2.7994,2.277,0.36968,1.2953,0.3883,0.76469,0.015514,0.01445,0.69977,254.28
0.90145,1.9483,4.7062,2.7285,2.2824,0.33164,1.2998,0.38819,0.76465,0.015517,0.01445,0.69988,254.3
0.94339,2.5598,5.1962,4.5911,2.9708,0.98326,2.0327,0.39448,0.76153,0.015522,0.01445,0.69118,254.31
0.90143,1.9271,4.7109,2.6969,2.2864,0.31412,1.3018,0.38912,0.76443,0.015578,0.01445,0.69985,254.3
0.90141,1.9206,4.7211,2.6653,2.3014,0.29758,1.3154,0.38823,0.76462,0.015506,0.01445,0.7,254.3
0.90139,1.892,4.7204,2.6082,2.2994,0.26639,1.3137,0.38871,0.76443,0.015551,0.01445,0.70004,254.29
0.90137,1.7003,4.7319,2.1663,2.317,0.024723,1.3326,0.38845,0.76401,0.01538,0.01445,0.70048,254.23
0.90134,1.6806,4.7383,2.1267,2.3226,0.0076008,1.3361,0.38878,0.76441,0.015493,0.01445,0.70057,254.23
0.90132,1.6743,4.7384,2.1138,2.3227,0.000125,1.3362,0.38888,0.76433,0.015501,0.01445,0.70057,254.23
0.9013,1.6742,4.7384,2.1136,2.3227,9.9939e-05,1.3362,0.38888,0.76433,0.015501,0.01445,0.70057,254.24
0.90128,1.6741,4.7384,2.1134,2.3228,0.00010418,1.3362,0.38888,0.76432,0.015501,0.01445,0.70057,254.25
0.90126,1.6741,4.7392,2.1136,2.3235,0.00024961,1.3362,0.38888,0.7643,0.015503,0.01445,0.70058,254.25
0.90124,1.6741,4.7399,2.1138,2.324,0.0002496,1.3364,0.38888,0.76427,0.015505,0.01445,0.70058,254.26
0.90122,1.6738,4.7398,2.1134,2.324,5.6404e-05,1.3364,0.38888,0.76427,0.015505,0.01445,0.70058,254.27
0.9012,1.6738,4.7398,2.1133,2.324,6.9781e-05,1.3364,0.38888,0.76427,0.015505,0.01445,0.70058,254.28
0.90117,1.6737,4.7398,2.1132,2.324,0.00010497,1.3364,0.38888,0.76427,0.015505,0.01445,0.70058,254.29
0.90115,1.6737,4.7399,2.113,2.3241,0.00010072,1.3364,0.38889,0.76427,0.015506,0.01445,0.70058,254.29
0.90113,1.6734,4.739,2.1129,2.3228,0.00031166,1.3346,0.38896,0.76423,0.015544,0.01445,0.70059,254.3
0.90111,1.6737,4.7375,2.1129,2.3207,0.00027288,1.3329,0.38894,0.7642,0.015555,0.01445,0.7006,254.31
0.90109,1.6738,4.7364,2.1127,2.3192,0.00025648,1.3317,0.38891,0.7642,0.015556,0.01445,0.70061,254.32
0.94341,2.685,5.1908,4.8704,2.9639,1.1275,2.0264,0.39409,0.76147,0.015575,0.01445,0.6911,254.29
0.94343,2.7679,5.1893,5.0576,2.962,1.2245,2.024,0.39398,0.76147,0.015593,0.01445,0.69104,254.29
0.94346,3.0864,5.1811,5.7669,2.9508,1.5937,2.0129,0.39327,0.76138,0.015608,0.01445,0.69093,254.25
0.94348,3.46,5.1762,6.5997,2.9428,2.0281,2.0034,0.39253,0.76131,0.015598,0.01445,0.69082,254.21
0.9435,3.5391,5.1742,6.7761,2.9398,2.1203,2.0005,0.3924,0.76132,0.015595,0.01445,0.69079,254.21
0.94352,3.7276,5.1673,7.196,2.9306,2.3395,1.9917,0.39203,0.76128,0.015596,0.01445,0.69071,254.21
0.94355,3.8066,5.1656,7.3719,2.9281,2.4312,1.9891,0.39188,0.76126,0.015596,0.01445,0.69068,254.21
0.94357,3.8817,5.1639,7.5395,2.9257,2.5185,1.9866,0.39172,0.76123,0.015598,0.01445,0.69065,254.21
0.94359,3.9121,5.1636,7.6071,2.9252,2.5537,1.986,0.39166,0.76122,0.015599,0.01445,0.69064,254.22
0.94361,4.1383,5.158,8.1104,2.9172,2.8168,1.9778,0.39125,0.76118,0.015606,0.01445,0.69056,254.22
0.94363,4.1397,5.158,8.1138,2.9172,2.8184,1.9779,0.39126,0.76117,0.015605,0.01445,0.69055,254.23
0.94366,4.1427,5.158,8.1205,2.9173,2.8216,1.9781,0.39124,0.76116,0.015604,0.01445,0.69055,254.23
0.94368,4.1464,5.1582,8.129,2.9176,2.826,1.9784,0.39124,0.76117,0.015605,0.01445,0.69055,254.24
0.9437,4.1482,5.1583,8.1331,2.9177,2.8279,1.9786,0.39125,0.76117,0.015605,0.01445,0.69055,254.25
0.94372,4.1489,5.1583,8.135,2.9178,2.8285,1.9787,0.39125,0.76114,0.015604,0.01445,0.69054,254.26
0.94374,4.1521,5.1587,8.1424,2.9183,2.8324,1.9792,0.39125,0.76117,0.015607,0.01445,0.69054,254.26
0.94377,4.1914,5.1585,8.2299,2.918,2.8777,1.9787,0.39115,0.76115,0.01562,0.01445,0.69052,254.27
0.94379,4.1924,5.1586,8.2325,2.9181,2.8789,1.9789,0.39117,0.76114,0.015619,0.01445,0.69052,254.28
0.94381,4.1929,5.1586,8.2339,2.9181,2.8793,1.979,0.39118,0.76113,0.015618,0.01445,0.69051,254.28
0.94383,4.1968,5.1589,8.2424,2.9186,2.8836,1.9794,0.39114,0.76114,0.01562,0.01445,0.69051,254.29
0.94386,4.1972,5.159,8.2437,2.9186,2.884,1.9795,0.39117,0.76111,0.015619,0.01445,0.69051,254.3
0.94388,4.1977,5.1591,8.2448,2.9188,2.8845,1.9799,0.39116,0.76115,0.01562,0.01445,0.69051,254.3
0.9439,4.1997,5.1593,8.2496,2.9191,2.8867,1.9802,0.39116,0.76113,0.01562,0.01445,0.6905,254.31
0.94392,4.2024,5.1598,8.2561,2.9198,2.8899,1.9809,0.39116,0.76113,0.015623,0.01445,0.6905,254.32
