0.48476,2.0326,5.0939,3.2905,2.8095,0.43676,1.8164,0.39354,0.76243,0.014426,0.01445,0.69373,250.81
0.47774,2.0703,5.1686,3.4944,2.8616,0.55488,1.8397,0.39541,0.76501,0.014493,0.01445,0.6934,251.57
0.47071,2.1197,5.2137,3.7331,2.8913,0.6446,1.8572,0.39735,0.76292,0.014667,0.01445,0.69246,252.76
0.46399,2.1216,5.2025,3.8625,2.8685,0.66994,1.8341,0.39728,0.76142,0.016364,0.01445,0.69071,254.04
0.49169,2.0914,5.1001,3.3588,2.8514,0.51219,1.8456,0.39703,0.76419,0.014444,0.01445,0.69445,250.98
0.49861,2.1915,5.0514,3.4348,2.7964,0.5815,1.8113,0.39316,0.76496,0.014132,0.01445,0.69612,251.12
0.50554,2.3587,5.0512,3.664,2.7897,0.7406,1.8143,0.39096,0.76631,0.014455,0.01445,0.69842,251.65
0.51246,2.4812,5.0377,3.793,2.7823,0.84248,1.8161,0.38834,0.76717,0.014314,0.01445,0.70018,252.83
0.51547,2.5245,5.0087,3.8219,2.7376,0.87609,1.7846,0.38706,0.76751,0.01478,0.01445,0.70139,253.22
0.51849,2.5361,5.0085,3.8324,2.7572,0.89119,1.8,0.38935,0.76731,0.014854,0.01445,0.70139,254.18
0.46333,2.1266,5.1794,3.8951,2.8432,0.68887,1.8099,0.3985,0.76144,0.015517,0.01445,0.69038,254.02
0.46267,2.173,5.1659,4.0149,2.8295,0.75427,1.7944,0.39848,0.76226,0.01573,0.01445,0.68999,254.09
0.46201,2.2168,5.1708,4.1252,2.8361,0.80651,1.7987,0.39838,0.76205,0.015739,0.01445,0.68983,254.22
0.46155,2.2549,5.1684,4.2208,2.8333,0.85247,1.7958,0.39839,0.76182,0.0157,0.01445,0.68968,254.3
0.51901,2.5626,5.0036,3.8625,2.7582,0.9023,1.8033,0.38745,0.76698,0.015016,0.01445,0.70139,254.27
0.46146,2.2645,5.159,4.2437,2.8225,0.85789,1.7895,0.39838,0.76119,0.015545,0.01445,0.68961,254.3
0.46137,2.2992,5.1495,4.3249,2.812,0.90352,1.7782,0.39825,0.76161,0.015626,0.01445,0.68948,254.28
0.46128,2.3397,5.1129,4.4141,2.7702,0.94502,1.746,0.39776,0.76133,0.015599,0.01445,0.6892,254.22
0.4612,2.4112,5.0805,4.5891,2.7325,1.0395,1.712,0.39855,0.76152,0.015732,0.01445,0.68889,254.16
0.46111,2.4201,5.0692,4.6089,2.7186,1.0469,1.7019,0.39835,0.76129,0.015624,0.01445,0.68882,254.17
0.46102,2.4489,5.0581,4.674,2.705,1.0828,1.6894,0.39808,0.76162,0.015645,0.01445,0.68873,254.16
0.46093,2.5064,5.0231,4.8021,2.6641,1.146,1.6579,0.39771,0.76138,0.015442,0.01445,0.68849,254.13
0.46084,2.5445,5.0219,4.8954,2.6632,1.2013,1.6536,0.39794,0.76221,0.015583,0.01445,0.68842,254.13
0.46075,2.5857,5.017,4.9891,2.6574,1.245,1.6491,0.39787,0.76163,0.015607,0.01445,0.68835,254.13
0.46066,2.6117,4.9801,5.0479,2.6131,1.2735,1.6138,0.39753,0.76148,0.015541,0.01445,0.68812,254.1
0.46057,2.6301,4.9741,5.0911,2.6049,1.3005,1.6064,0.39746,0.76212,0.015633,0.01445,0.68807,254.11
0.46049,2.6497,4.9739,5.1402,2.6049,1.3227,1.6059,0.39776,0.76161,0.015615,0.01445,0.68803,254.13
0.4604,2.6865,4.9497,5.2227,2.5766,1.3605,1.5851,0.39737,0.76133,0.01559,0.01445,0.68784,254.11
0.46031,2.7186,4.9467,5.3016,2.5732,1.4061,1.5791,0.39769,0.76172,0.015649,0.01445,0.68778,254.11
0.46022,2.7382,4.9415,5.3467,2.5666,1.425,1.5754,0.39761,0.7613,0.01558,0.01445,0.68774,254.13
0.46013,2.7602,4.9338,5.399,2.5573,1.4526,1.5679,0.39775,0.76132,0.01558,0.01445,0.68768,254.14
0.46004,2.7934,4.9337,5.4758,2.5575,1.4985,1.565,0.39757,0.76219,0.015682,0.01445,0.68762,254.15
0.45995,2.817,4.9339,5.5312,2.558,1.5223,1.5658,0.39755,0.7616,0.015648,0.01445,0.68759,254.16
0.45986,2.8651,4.913,5.6393,2.5338,1.5758,1.547,0.39722,0.76145,0.015548,0.01445,0.68743,254.15
0.45978,2.8815,4.9086,5.6784,2.5276,1.6016,1.5404,0.39717,0.76221,0.015645,0.01445,0.68739,254.16
0.45969,2.9051,4.908,5.7349,2.5266,1.626,1.5396,0.39727,0.76155,0.01563,0.01445,0.68736,254.17
0.4596,3.1069,4.8229,6.1947,2.4252,1.862,1.4573,0.39667,0.76144,0.015963,0.01445,0.68676,254.09
0.45951,3.1162,4.8207,6.219,2.4221,1.875,1.4547,0.39688,0.76144,0.015811,0.01445,0.68674,254.1
0.45942,3.1294,4.8182,6.2514,2.4188,1.8921,1.4515,0.397,0.76143,0.015712,0.01445,0.68671,254.11
0.45933,3.3761,4.766,6.8103,2.3592,2.192,1.399,0.39661,0.76272,0.015385,0.01445,0.68629,254.06
0.45924,3.3993,4.7711,6.8647,2.3654,2.2123,1.4051,0.39653,0.7618,0.015442,0.01445,0.68628,254.07
0.45915,3.4762,4.7688,7.0394,2.3634,2.2968,1.4044,0.39606,0.76145,0.015781,0.01445,0.68619,254.06
0.45907,3.4871,4.7653,7.0675,2.3583,2.3114,1.4001,0.39627,0.76138,0.015691,0.01445,0.68617,254.08
0.45898,3.5071,4.7632,7.117,2.3552,2.3399,1.396,0.39653,0.76157,0.015669,0.01445,0.68615,254.09
0.45889,3.5969,4.7531,7.3163,2.3431,2.4383,1.3878,0.39585,0.76136,0.015615,0.01445,0.68607,254.09
0.4588,3.6103,4.7555,7.3505,2.3457,2.46,1.3875,0.39606,0.76169,0.015641,0.01445,0.68607,254.11
0.45871,3.6247,4.7546,7.3849,2.3443,2.4748,1.3875,0.39604,0.76142,0.015615,0.01445,0.68605,254.13
0.45862,3.6415,4.7527,7.4246,2.3414,2.5018,1.3832,0.39598,0.76233,0.015694,0.01445,0.68603,254.15
0.45853,3.6454,4.754,7.4358,2.3428,2.5001,1.3853,0.39605,0.76135,0.015639,0.01445,0.68603,254.16
0.45845,3.6459,4.7552,7.4386,2.3436,2.5025,1.3855,0.39606,0.76148,0.015639,0.01445,0.68603,254.18
0.45836,3.6634,4.7535,7.4797,2.3408,2.5265,1.3827,0.39596,0.76196,0.015697,0.01445,0.68601,254.2
0.45827,3.6674,4.7548,7.4907,2.3422,2.5273,1.3845,0.39602,0.76136,0.015658,0.01445,0.686,254.22
0.45818,3.6824,4.7578,7.5266,2.3459,2.5487,1.3864,0.396,0.76179,0.015683,0.01445,0.686,254.24
0.45809,3.7098,4.7614,7.5917,2.3506,2.5802,1.3901,0.39614,0.7615,0.015688,0.01445,0.68598,254.26
0.458,3.7647,4.7527,7.715,2.34,2.6401,1.3827,0.39568,0.76133,0.015732,0.01445,0.68591,254.26
0.45791,3.7813,4.7521,7.7566,2.3387,2.6658,1.3798,0.39586,0.76175,0.015744,0.01445,0.68589,254.28
0.45782,3.7859,4.7534,7.7687,2.3399,2.6682,1.3814,0.39589,0.76132,0.015711,0.01445,0.68588,254.3
0.45774,3.8112,4.7525,7.8278,2.3386,2.6974,1.3811,0.39587,0.76128,0.015707,0.01445,0.68586,254.32
0.51911,2.568,5.0022,3.8686,2.7575,0.90439,1.803,0.38706,0.76686,0.015082,0.01445,0.70139,254.29
0.45771,3.8674,4.7562,7.9565,2.3441,2.7698,1.383,0.39598,0.76192,0.015766,0.01445,0.68584,254.31
0.45768,3.872,4.7572,7.968,2.3454,2.7707,1.385,0.39597,0.7613,0.01572,0.01445,0.68584,254.32
0.45765,3.9129,4.7545,8.0591,2.3419,2.8172,1.3818,0.39568,0.76132,0.015739,0.01445,0.68582,254.32
0.45762,4.0257,4.7451,8.315,2.3305,2.9515,1.3715,0.39554,0.76155,0.015769,0.01445,0.68575,254.3
0.45759,4.0317,4.7452,8.3302,2.3306,2.9582,1.3719,0.39559,0.7614,0.015744,0.01445,0.68574,254.31
0.45756,5.7834,4.6943,12.258,2.2655,4.9909,1.3145,0.39177,0.76105,0.016009,0.01445,0.6855,254.17
0.45753,5.7856,4.6995,12.267,2.272,4.9999,1.3163,0.39218,0.76121,0.015839,0.01445,0.68549,254.16
0.4575,5.7866,4.6998,12.27,2.2726,5.0001,1.3169,0.39214,0.7611,0.015809,0.01445,0.68549,254.16
0.45747,5.7866,4.6999,12.27,2.2726,5.0003,1.3169,0.39214,0.76113,0.015809,0.01445,0.68549,254.17
0.45744,5.7866,4.6995,12.271,2.2717,5.0012,1.3163,0.3922,0.76117,0.015787,0.01445,0.68548,254.18
0.45741,5.7867,4.6996,12.272,2.2719,5.0008,1.3162,0.39215,0.76111,0.015766,0.01445,0.68548,254.18
0.45738,5.7857,4.6894,12.268,2.2593,5.0027,1.306,0.3921,0.76163,0.015576,0.01445,0.68544,254.19
0.45735,5.7875,4.6911,12.273,2.2614,5.0027,1.3077,0.39214,0.76118,0.015573,0.01445,0.68543,254.19
0.45732,5.7902,4.6921,12.28,2.2626,5.0072,1.3084,0.39212,0.76136,0.015603,0.01445,0.68543,254.2
0.45729,5.7926,4.6924,12.287,2.2631,5.0083,1.3094,0.39214,0.76113,0.015625,0.01445,0.68542,254.21
0.45726,5.7954,4.6935,12.295,2.2645,5.0134,1.3097,0.39213,0.76131,0.01565,0.01445,0.68541,254.21
0.45723,5.7969,4.6937,12.299,2.2646,5.015,1.3097,0.39212,0.76127,0.015661,0.01445,0.68541,254.22
0.4572,5.7993,4.6926,12.305,2.263,5.0165,1.3091,0.39211,0.76112,0.015669,0.01445,0.6854,254.23
0.45717,5.8012,4.6933,12.311,2.2641,5.0205,1.3091,0.39215,0.76126,0.015683,0.01445,0.6854,254.23
0.45714,5.8016,4.6931,12.312,2.2638,5.02,1.3089,0.39214,0.76112,0.01568,0.01445,0.68539,254.24
0.45711,5.8016,4.6932,12.312,2.2638,5.0201,1.309,0.39214,0.76112,0.01568,0.01445,0.68539,254.25
0.45708,5.803,4.6939,12.317,2.2642,5.0231,1.3091,0.39217,0.76125,0.015693,0.01445,0.68539,254.25
0.45705,5.8035,4.6937,12.319,2.2641,5.0226,1.3091,0.39215,0.76111,0.015689,0.01445,0.68539,254.26
0.45702,5.8035,4.6939,12.319,2.2641,5.0229,1.3093,0.39215,0.76113,0.015689,0.01445,0.68539,254.27
0.45699,5.8055,4.6928,12.325,2.2623,5.0282,1.3072,0.39209,0.7616,0.015724,0.01445,0.68538,254.27
0.45696,5.8061,4.6932,12.327,2.2627,5.0266,1.3083,0.39223,0.7611,0.0157,0.01445,0.68537,254.28
0.45693,5.8117,4.695,12.341,2.2652,5.0335,1.3097,0.39216,0.76117,0.015715,0.01445,0.68537,254.29
0.4569,5.8127,4.6935,12.344,2.2633,5.0338,1.3086,0.39212,0.76109,0.015711,0.01445,0.68536,254.29
0.45687,5.8127,4.6937,12.344,2.2633,5.0341,1.3086,0.39212,0.76111,0.015711,0.01445,0.68536,254.3
0.45684,5.8138,4.6924,12.348,2.2613,5.0382,1.3067,0.39212,0.76152,0.015738,0.01445,0.68535,254.31
0.45681,5.8144,4.6935,12.351,2.263,5.0382,1.3074,0.39216,0.76129,0.01573,0.01445,0.68535,254.32
0.51914,2.5695,5.0021,3.871,2.7578,0.90583,1.8032,0.38703,0.76683,0.015099,0.01445,0.70139,254.3
0.51918,2.5697,5.0021,3.871,2.7578,0.90582,1.8032,0.38703,0.76683,0.015099,0.01445,0.70139,254.31
0.51921,2.5711,5.002,3.8727,2.7579,0.90634,1.8034,0.38698,0.76677,0.015138,0.01445,0.70139,254.32
0.45681,5.8164,4.6944,12.355,2.2639,5.0401,1.3085,0.39216,0.76121,0.01573,0.01445,0.68535,254.32
0.4568,5.8167,4.6947,12.355,2.2643,5.0403,1.3088,0.39215,0.76121,0.01573,0.01445,0.68535,254.32
0.4568,5.8174,4.6946,12.357,2.2643,5.0402,1.3089,0.39215,0.76108,0.015724,0.01445,0.68534,254.32
0.45679,5.8174,4.6947,12.357,2.2644,5.0404,1.309,0.39215,0.76111,0.015724,0.01445,0.68534,254.32
0.45679,5.8378,4.6934,12.404,2.2628,5.0656,1.3075,0.39215,0.76125,0.015743,0.01445,0.68533,254.32
0.45678,5.8397,4.6933,12.407,2.2628,5.0661,1.3078,0.39213,0.76108,0.01573,0.01445,0.68533,254.32
0.51922,2.5713,5.002,3.8731,2.758,0.90634,1.8034,0.38696,0.76675,0.015151,0.01445,0.70139,254.32
0.51922,2.5714,5.002,3.8731,2.758,0.90634,1.8034,0.38696,0.76675,0.015151,0.01445,0.70139,254.32
