0.45339,2.0301,5.0887,3.2899,2.8064,0.42445,1.811,0.39126,0.76235,0.014479,0.01445,0.69311,251.03
0.44682,2.0514,5.1564,3.4385,2.8538,0.49038,1.8314,0.39004,0.76319,0.014656,0.01445,0.69249,252.22
0.46653,2.0367,5.1406,3.1853,2.855,0.45593,1.8591,0.40044,0.76387,0.014275,0.01445,0.69753,251.29
0.4731,2.1671,5.1006,3.3122,2.8315,0.57597,1.8457,0.39802,0.76734,0.015045,0.01445,0.6992,252.1
0.47967,2.2579,5.0877,3.4428,2.8233,0.66556,1.8485,0.40116,0.76584,0.015007,0.01445,0.70075,253.88
0.44419,2.0632,5.1007,3.5266,2.7879,0.51712,1.7724,0.38963,0.76278,0.015032,0.01445,0.69103,252.78
0.44156,2.0846,5.1299,3.6263,2.8211,0.55538,1.7938,0.38908,0.76305,0.015149,0.01445,0.69036,253.57
0.44093,2.0749,5.0944,3.6224,2.7774,0.54349,1.7611,0.38939,0.76215,0.015201,0.01445,0.68993,253.72
0.4403,2.0683,5.0235,3.6241,2.6922,0.54585,1.6862,0.38898,0.76266,0.015502,0.01445,0.68917,253.83
0.43968,2.0676,5.0047,3.638,2.6651,0.54668,1.6658,0.38928,0.76212,0.015448,0.01445,0.68901,254.02
0.43905,2.0606,4.9373,3.6353,2.5839,0.54757,1.596,0.3889,0.76266,0.015601,0.01445,0.68834,254.18
0.48035,2.3665,5.0761,3.5961,2.8103,0.75965,1.8417,0.39738,0.76652,0.015774,0.01445,0.70148,253.89
0.48103,2.3673,5.0676,3.6006,2.8031,0.76349,1.8353,0.3981,0.76641,0.015759,0.01445,0.70139,254.11
0.43861,2.0589,4.9234,3.6436,2.5641,0.54631,1.5814,0.38922,0.76213,0.015554,0.01445,0.68822,254.32
0.48151,2.3693,5.0669,3.604,2.804,0.76686,1.8354,0.39846,0.76638,0.015755,0.01445,0.70139,254.28
0.4816,4.3802,5.0668,7.95,2.769,3.1152,1.8011,0.38995,0.76622,0.014844,0.01445,0.69972,253.67
0.4817,4.288,5.0477,7.7856,2.7511,3.0267,1.7824,0.39281,0.76593,0.015345,0.01445,0.6993,253.64
0.48179,4.3275,5.0389,7.8443,2.7417,3.063,1.7754,0.39095,0.76675,0.015513,0.01445,0.69941,253.65
0.48188,4.3272,5.0304,7.8567,2.7306,3.066,1.7665,0.39201,0.76586,0.015412,0.01445,0.69932,253.68
0.48197,4.3643,5.0245,7.9301,2.7227,3.1074,1.7603,0.39149,0.76604,0.015442,0.01445,0.69933,253.69
0.48207,4.3771,5.0239,7.9521,2.7224,3.1203,1.7601,0.39122,0.76611,0.01546,0.01445,0.69936,253.72
0.48216,4.3934,5.0168,7.987,2.7134,3.1392,1.753,0.39126,0.766,0.015445,0.01445,0.69933,253.74
0.48225,4.4086,5.0125,8.0148,2.7084,3.1565,1.7492,0.39104,0.7662,0.015478,0.01445,0.69935,253.77
0.48234,4.446,5.0005,8.0948,2.6929,3.1989,1.7372,0.39095,0.76599,0.015473,0.01445,0.6993,253.79
0.48244,4.455,4.9991,8.1127,2.6915,3.2106,1.7355,0.39097,0.76614,0.015484,0.01445,0.6993,253.82
0.48253,4.4916,4.9941,8.1892,2.6849,3.2525,1.7302,0.39087,0.76607,0.015502,0.01445,0.69927,253.84
0.48262,4.5609,4.9908,8.341,2.6797,3.3364,1.7251,0.39083,0.76616,0.015466,0.01445,0.6992,253.86
0.48271,4.5698,4.9902,8.3578,2.6795,3.3462,1.725,0.39076,0.7662,0.015502,0.01445,0.6992,253.89
0.48281,4.5993,4.9874,8.4251,2.6761,3.3822,1.7224,0.39106,0.76602,0.015507,0.01445,0.69914,253.91
0.4829,4.6043,4.9875,8.4319,2.6772,3.3873,1.7229,0.39087,0.76614,0.015521,0.01445,0.69915,253.94
0.48299,4.614,4.9873,8.4502,2.6772,3.3985,1.723,0.39083,0.76623,0.01554,0.01445,0.69917,253.97
0.48308,4.6483,4.9853,8.5216,2.674,3.4365,1.7208,0.39068,0.76604,0.01554,0.01445,0.69917,253.99
0.48318,4.6705,4.9859,8.5697,2.6742,3.4663,1.7205,0.39075,0.76645,0.015541,0.01445,0.69917,254.02
0.48327,4.6768,4.9874,8.5843,2.6766,3.4741,1.722,0.39099,0.76623,0.015546,0.01445,0.69916,254.04
0.48336,4.6897,4.9884,8.6074,2.6783,3.4876,1.7236,0.39077,0.7663,0.01558,0.01445,0.69919,254.07
0.48345,4.7164,4.9864,8.6636,2.6753,3.5171,1.722,0.39074,0.76608,0.015575,0.01445,0.69918,254.1
0.48355,4.7245,4.9862,8.6779,2.6756,3.5271,1.722,0.39067,0.76629,0.015595,0.01445,0.6992,254.12
0.48364,4.7302,4.9863,8.6919,2.6757,3.5352,1.7217,0.39091,0.76616,0.015586,0.01445,0.6992,254.15
0.48373,4.7334,4.9865,8.6968,2.6759,3.5387,1.7221,0.39087,0.76623,0.015598,0.01445,0.69921,254.18
0.48382,4.7433,4.9863,8.7134,2.6768,3.5498,1.723,0.39076,0.76641,0.015629,0.01445,0.69924,254.2
0.48392,4.75,4.986,8.7285,2.6763,3.558,1.7227,0.39094,0.76623,0.015621,0.01445,0.69923,254.23
0.48401,4.762,4.9869,8.7503,2.6772,3.5711,1.7232,0.39078,0.76632,0.015642,0.01445,0.69927,254.26
0.4841,4.7983,4.9849,8.8248,2.6739,3.6119,1.7212,0.39064,0.76621,0.015636,0.01445,0.69929,254.28
0.48419,4.8111,4.9851,8.8505,2.6746,3.6272,1.7215,0.3906,0.76632,0.015651,0.01445,0.69929,254.31
0.43858,2.0304,4.8972,3.5795,2.5345,0.51748,1.5549,0.38906,0.76254,0.015634,0.01445,0.68794,254.3
0.43855,2.0214,4.853,3.5723,2.4801,0.50958,1.5126,0.38982,0.76206,0.015522,0.01445,0.68764,254.29
0.43852,2.0147,4.8482,3.5495,2.4744,0.50425,1.5059,0.38937,0.76268,0.015598,0.01445,0.68764,254.29
0.43849,2.0067,4.8126,3.5331,2.4298,0.49037,1.4724,0.38946,0.76208,0.015557,0.01445,0.68747,254.29
0.43847,2.0067,4.8127,3.5331,2.4298,0.49087,1.4724,0.38946,0.76214,0.015557,0.01445,0.68747,254.3
0.43844,1.9996,4.8114,3.5153,2.4282,0.48754,1.4686,0.38932,0.76269,0.015607,0.01445,0.68747,254.31
0.43841,1.9816,4.7884,3.4768,2.3996,0.46315,1.4473,0.3895,0.76216,0.015593,0.01445,0.68734,254.31
0.43838,1.974,4.7871,3.4573,2.3977,0.4611,1.4435,0.38939,0.76298,0.015628,0.01445,0.68735,254.31
0.48422,4.8868,4.9856,9.0135,2.6744,3.715,1.721,0.39034,0.76619,0.015632,0.01445,0.69923,254.32
0.43835,1.9737,4.7871,3.4577,2.3979,0.45793,1.4441,0.38942,0.76259,0.015612,0.01445,0.68734,254.32
0.43833,1.8802,4.7517,3.2387,2.3541,0.35396,1.4081,0.38945,0.76333,0.015751,0.01445,0.68725,254.29
0.4383,1.8823,4.7603,3.2453,2.3648,0.35387,1.4173,0.38952,0.76296,0.015709,0.01445,0.68726,254.3
0.43828,1.8698,4.7632,3.2177,2.3686,0.3334,1.422,0.38967,0.76226,0.015616,0.01445,0.68728,254.3
0.43825,1.8514,4.7687,3.1711,2.375,0.31548,1.4259,0.38949,0.76288,0.015647,0.01445,0.68736,254.3
0.43823,1.8189,4.775,3.0954,2.383,0.27699,1.4325,0.38954,0.76288,0.015651,0.01445,0.68741,254.29
0.43821,1.8096,4.7701,3.0724,2.3769,0.26258,1.4288,0.38952,0.76259,0.015626,0.01445,0.68741,254.29
0.43818,1.615,4.7664,2.6097,2.3732,0.026905,1.4297,0.38983,0.76238,0.015236,0.01445,0.6877,254.24
0.43816,1.5917,4.7866,2.5539,2.3967,0.0096207,1.4456,0.3896,0.7637,0.015543,0.01445,0.68783,254.22
0.43813,1.6003,4.7903,2.5825,2.4013,0.011095,1.4512,0.38996,0.76226,0.015486,0.01445,0.68777,254.23
0.43811,1.6003,4.7904,2.5825,2.4013,0.011724,1.4515,0.38996,0.76236,0.015486,0.01445,0.68777,254.24
0.43809,1.5899,4.7914,2.5524,2.4032,0.0020009,1.4511,0.38961,0.76293,0.015576,0.01445,0.6878,254.24
0.43806,1.5909,4.7912,2.5564,2.4028,0.0019759,1.4512,0.38967,0.76271,0.015575,0.01445,0.68778,254.25
0.43804,1.5897,4.7879,2.5545,2.3992,0.00018476,1.4485,0.38967,0.76265,0.015612,0.01445,0.68773,254.25
0.43801,1.5896,4.7874,2.5552,2.3983,0.00018201,1.4478,0.38968,0.76262,0.015605,0.01445,0.68773,254.26
0.43799,1.5892,4.7871,2.5543,2.3979,0.00017931,1.4473,0.38966,0.76268,0.015608,0.01445,0.68772,254.27
0.43797,1.5894,4.7867,2.5556,2.3971,0.00017665,1.4467,0.38967,0.76262,0.015603,0.01445,0.68771,254.28
0.43794,1.5894,4.7871,2.5556,2.3977,0.00017665,1.4472,0.38967,0.76261,0.015604,0.01445,0.68771,254.28
0.43792,1.5891,4.7879,2.5553,2.3988,0.000176,1.4478,0.38965,0.76264,0.015608,0.01445,0.68771,254.29
0.43789,1.5887,4.7868,2.5545,2.3974,0.00017338,1.4466,0.38963,0.7627,0.015616,0.01445,0.68769,254.3
0.43787,1.5889,4.7864,2.5563,2.3966,0.00017081,1.446,0.38966,0.7626,0.01561,0.01445,0.68768,254.31
0.43784,1.5887,4.7867,2.5558,2.3971,0.00017018,1.4463,0.38964,0.76264,0.015615,0.01445,0.68768,254.32
0.43784,1.5887,4.7868,2.5558,2.3971,0.00017018,1.4464,0.38964,0.76264,0.015615,0.01445,0.68768,254.32
0.43783,1.5887,4.7873,2.5558,2.3978,0.00017018,1.4467,0.38963,0.76263,0.015615,0.01445,0.68768,254.32
0.48423,4.8868,4.9856,9.0137,2.6744,3.7153,1.721,0.39035,0.76621,0.015632,0.01445,0.69923,254.32
0.48423,4.8954,4.9837,9.0402,2.6716,3.7298,1.7179,0.39091,0.76612,0.015659,0.01445,0.69916,254.32
