0.76681,2.026,5.1204,3.1621,2.8374,0.36732,1.8436,0.39276,0.75811,0.014391,0.01445,0.69589,250.83
0.76053,2.0974,4.982,3.3318,2.6593,0.41976,1.7031,0.3933,0.75245,0.015509,0.01445,0.69537,251.64
0.75424,2.1639,5.0279,3.4912,2.7176,0.45884,1.755,0.39345,0.74673,0.015392,0.01445,0.6953,252.77
0.77939,2.0252,5.0882,3.0992,2.7967,0.43321,1.8034,0.39102,0.77032,0.014872,0.01445,0.69664,250.87
0.78567,2.0253,5.0525,3.1355,2.7458,0.48761,1.7564,0.39295,0.77505,0.014492,0.01445,0.69633,251.57
0.79196,2.0629,5.0195,3.1758,2.7128,0.55388,1.7292,0.39059,0.78147,0.014911,0.01445,0.69638,252.77
0.7528,2.19,5.0446,3.5546,2.7404,0.4776,1.7742,0.39316,0.74524,0.015346,0.01445,0.69515,253.09
0.75136,2.2095,5.0521,3.5997,2.7506,0.49029,1.7833,0.39299,0.74393,0.015352,0.01445,0.69509,253.45
0.74991,2.2322,5.0625,3.6537,2.7641,0.50788,1.7951,0.39294,0.7426,0.015391,0.01445,0.69504,253.82
0.74847,2.2566,5.0724,3.7097,2.7772,0.52699,1.8068,0.39289,0.74126,0.015453,0.01445,0.69501,254.22
0.79347,2.0626,5.0226,3.1973,2.7098,0.57227,1.7222,0.39165,0.78228,0.015116,0.01445,0.69633,253.09
0.79499,2.0699,4.975,3.2036,2.6516,0.58696,1.6753,0.39107,0.7838,0.015437,0.01445,0.6962,253.45
0.7965,2.074,4.9505,3.2285,2.6167,0.61277,1.6427,0.39207,0.78516,0.015377,0.01445,0.69611,253.84
0.79802,2.0911,4.9488,3.2573,2.6153,0.6381,1.6407,0.39148,0.78662,0.015514,0.01445,0.69613,254.25
0.7484,2.2659,5.0728,3.7313,2.7778,0.53696,1.8071,0.39282,0.74116,0.015514,0.01445,0.69496,254.24
0.74833,2.271,5.0729,3.7436,2.7782,0.54261,1.8074,0.39278,0.74106,0.015548,0.01445,0.69494,254.25
0.74826,2.2756,5.0729,3.754,2.7782,0.54722,1.8075,0.39275,0.74098,0.015578,0.01445,0.69493,254.27
0.74819,2.2798,5.0728,3.7638,2.7784,0.55165,1.8075,0.39273,0.7409,0.015604,0.01445,0.69491,254.29
0.74811,2.2836,5.0646,3.7711,2.7687,0.55495,1.7997,0.39266,0.74082,0.015677,0.01445,0.69487,254.31
0.7981,2.093,4.9396,3.2578,2.6038,0.63897,1.6316,0.39117,0.78675,0.01559,0.01445,0.69611,254.27
0.79817,2.0936,4.9039,3.2682,2.5584,0.6468,1.5938,0.39169,0.78689,0.015778,0.01445,0.69592,254.28
0.79825,2.0972,4.9002,3.267,2.5537,0.6466,1.5904,0.39113,0.78698,0.015711,0.01445,0.69597,254.3
0.7481,2.2836,5.0646,3.7717,2.7687,0.55524,1.7997,0.39267,0.74082,0.015677,0.01445,0.69487,254.31
0.7481,2.2836,5.0648,3.7722,2.7687,0.55532,1.7997,0.39267,0.74081,0.015677,0.01445,0.69487,254.31
0.74809,2.2851,5.0359,3.777,2.7318,0.55816,1.7696,0.3927,0.74078,0.015749,0.01445,0.69476,254.31
0.74808,2.2859,5.0327,3.7791,2.7278,0.55961,1.7664,0.39275,0.7408,0.0157,0.01445,0.69474,254.32
0.74807,2.286,5.0328,3.7794,2.7278,0.55974,1.7664,0.39274,0.7408,0.0157,0.01445,0.69474,254.32
0.74807,2.2863,5.0328,3.7801,2.7279,0.56002,1.7664,0.39274,0.74079,0.0157,0.01445,0.69474,254.32
0.79826,2.0972,4.9002,3.2675,2.5539,0.64687,1.5905,0.39116,0.78698,0.015711,0.01445,0.69597,254.31
0.79827,2.0773,4.8787,3.2298,2.5261,0.6281,1.5677,0.39166,0.78694,0.015653,0.01445,0.69589,254.31
0.79827,2.0774,4.8788,3.23,2.5261,0.62825,1.5677,0.39165,0.78694,0.015653,0.01445,0.69589,254.31
0.79828,2.0803,4.878,3.2301,2.5253,0.62766,1.5673,0.39117,0.78695,0.015677,0.01445,0.69591,254.31
0.79829,2.0778,4.8755,3.2273,2.5223,0.6267,1.5647,0.39135,0.78698,0.01569,0.01445,0.69589,254.31
0.7983,2.078,4.8737,3.227,2.5201,0.62639,1.563,0.39128,0.78698,0.015691,0.01445,0.69588,254.31
0.7983,2.066,4.8676,3.2013,2.5124,0.61328,1.5567,0.39136,0.78698,0.015696,0.01445,0.69586,254.32
0.79831,2.0616,4.8672,3.1908,2.5119,0.60778,1.5563,0.39131,0.78699,0.015691,0.01445,0.69587,254.32
0.79832,2.0616,4.8672,3.1908,2.5119,0.6078,1.5563,0.39132,0.78699,0.015691,0.01445,0.69587,254.32
