0.40893,2.0271,5.1004,3.1105,2.819,0.36317,1.8291,0.38656,0.7635,0.01425,0.01445,0.69551,250.89
0.40301,2.077,5.1524,3.2234,2.8675,0.42221,1.8595,0.38337,0.7647,0.014336,0.01445,0.69542,252.03
0.39708,2.1511,5.209,3.3589,2.9391,0.48161,1.9147,0.37803,0.76529,0.014488,0.01445,0.69524,253.69
0.42079,1.9764,5.116,3.1574,2.8317,0.4047,1.8355,0.40023,0.76305,0.014315,0.01445,0.69531,250.99
0.42671,2.0267,5.0955,3.2665,2.8047,0.50305,1.8082,0.40425,0.76554,0.014869,0.01445,0.69597,251.76
0.43264,2.0328,5.0847,3.3419,2.7902,0.53469,1.7994,0.41027,0.76311,0.01459,0.01445,0.69586,253.19
0.39474,2.2272,5.2346,3.4789,2.9791,0.53093,1.9499,0.37343,0.76481,0.014769,0.01445,0.69527,254.14
0.43518,2.0568,5.0443,3.4163,2.7403,0.59444,1.7551,0.41289,0.76473,0.015335,0.01445,0.69574,253.86
0.39451,2.16,5.1355,3.2499,2.8526,0.42289,1.8537,0.3713,0.76455,0.015439,0.01445,0.69604,253.89
0.39428,2.1455,5.085,3.1959,2.7883,0.40257,1.802,0.37075,0.76493,0.015421,0.01445,0.69619,253.93
0.39404,2.1309,5.0358,3.1728,2.725,0.38654,1.7522,0.37084,0.76464,0.015678,0.01445,0.6959,253.99
0.39381,2.1324,5.0385,3.1728,2.7298,0.3873,1.7542,0.3705,0.76474,0.015647,0.01445,0.69587,254.06
0.39358,2.1326,5.0336,3.1659,2.7235,0.38485,1.7497,0.37021,0.7648,0.015534,0.01445,0.69594,254.13
0.39335,2.0617,4.9495,2.9921,2.6172,0.30272,1.6631,0.36993,0.76531,0.015673,0.01445,0.69587,254.16
0.39312,2.0638,4.966,2.9983,2.6388,0.30272,1.6804,0.36976,0.7651,0.01565,0.01445,0.69585,254.23
0.39289,2.0655,4.9753,3.002,2.6506,0.30271,1.6901,0.36957,0.76498,0.01564,0.01445,0.69584,254.31
0.43544,2.0724,5.0344,3.4551,2.7285,0.60049,1.7484,0.41312,0.76288,0.015317,0.01445,0.69563,253.91
0.43569,2.0884,5.0216,3.4915,2.7129,0.62619,1.7343,0.41335,0.76348,0.015413,0.01445,0.6956,253.98
0.43595,2.1029,5.0124,3.5268,2.7012,0.6419,1.7255,0.41361,0.76298,0.01545,0.01445,0.69553,254.06
0.4362,2.1946,4.9746,3.7276,2.651,0.75912,1.6829,0.41377,0.76375,0.015652,0.01445,0.69545,254.11
0.43646,2.2067,4.9684,3.7564,2.6436,0.7683,1.6787,0.41401,0.76294,0.015541,0.01445,0.6954,254.19
0.43671,2.2829,4.9442,3.9245,2.6123,0.86737,1.6507,0.41411,0.76379,0.015691,0.01445,0.69529,254.25
0.39285,2.0498,4.982,2.9638,2.6588,0.28341,1.697,0.36957,0.76498,0.015641,0.01445,0.69593,254.31
0.39281,2.0354,4.9841,2.9295,2.6615,0.26498,1.6995,0.36957,0.76486,0.015621,0.01445,0.69597,254.31
0.39277,1.8295,4.9479,2.4402,2.6145,0.023645,1.6629,0.37001,0.76545,0.015548,0.01445,0.69648,254.23
0.39274,1.835,4.9591,2.4589,2.6299,0.024657,1.6765,0.37004,0.76463,0.015609,0.01445,0.69636,254.24
0.3927,1.8302,4.9908,2.4546,2.6719,0.01881,1.7093,0.37016,0.76442,0.015672,0.01445,0.69632,254.25
0.39266,1.8152,4.993,2.4174,2.6736,0.0010179,1.7117,0.37013,0.76454,0.015612,0.01445,0.69642,254.25
0.39262,1.8152,4.9938,2.4174,2.6736,0.0010179,1.7121,0.3701,0.76456,0.015611,0.01445,0.69642,254.27
0.39258,1.8152,4.9938,2.4176,2.674,0.0011036,1.7124,0.3701,0.76456,0.015611,0.01445,0.69642,254.28
0.39254,1.8145,4.9944,2.4139,2.675,0.0011721,1.7122,0.36998,0.76474,0.0156,0.01445,0.69644,254.29
0.3925,1.8149,4.9946,2.4144,2.6752,0.0011721,1.7123,0.36994,0.76473,0.015602,0.01445,0.69644,254.3
0.39247,1.8152,4.9952,2.4147,2.676,0.0011721,1.7129,0.3699,0.76472,0.015604,0.01445,0.69644,254.32
0.43675,2.3382,4.9457,4.0469,2.6142,0.92524,1.6542,0.41401,0.76288,0.015554,0.01445,0.69522,254.25
0.4368,2.4833,4.9317,4.3611,2.5966,1.1026,1.6366,0.41373,0.76376,0.015691,0.01445,0.6951,254.24
0.43684,2.8547,4.9319,5.1713,2.5969,1.5307,1.6374,0.41294,0.76282,0.015458,0.01445,0.69482,254.18
0.43688,5.4732,4.8654,10.865,2.5166,4.5921,1.5514,0.40646,0.76261,0.01587,0.01445,0.69281,253.86
0.43692,5.5151,4.8608,10.944,2.5083,4.6372,1.5458,0.4061,0.76249,0.015634,0.01445,0.69294,253.84
0.43697,5.565,4.8519,11.046,2.4969,4.6934,1.5373,0.40591,0.76241,0.015518,0.01445,0.69295,253.85
0.43701,5.6567,4.8167,11.241,2.4503,4.8032,1.4979,0.40551,0.76272,0.015512,0.01445,0.69286,253.85
0.43705,5.711,4.8104,11.358,2.4429,4.8647,1.4927,0.40537,0.76251,0.015482,0.01445,0.69281,253.86
0.4371,5.7593,4.8031,11.463,2.434,4.9223,1.4847,0.4053,0.76257,0.015519,0.01445,0.69275,253.87
0.43714,5.9271,4.7825,11.828,2.4077,5.1191,1.4624,0.40492,0.76252,0.01552,0.01445,0.69258,253.87
0.43718,6.262,4.7229,12.557,2.3326,5.5138,1.3983,0.40416,0.76252,0.015671,0.01445,0.69216,253.87
0.43722,6.2675,4.7242,12.569,2.3341,5.5197,1.3998,0.40416,0.76247,0.015643,0.01445,0.69216,253.88
0.43727,6.2832,4.7291,12.603,2.3401,5.5385,1.4043,0.40416,0.7625,0.015551,0.01445,0.69218,253.89
0.43731,6.3219,4.7298,12.687,2.3413,5.5826,1.4052,0.40405,0.76244,0.015545,0.01445,0.69215,253.9
0.43735,6.3362,4.7297,12.718,2.3414,5.6006,1.4047,0.40404,0.76257,0.015554,0.01445,0.69214,253.91
0.43739,6.342,4.73,12.731,2.3418,5.6071,1.4053,0.40409,0.76245,0.015545,0.01445,0.69214,253.92
0.43744,6.4455,4.7275,12.957,2.3387,5.7276,1.4021,0.40387,0.76239,0.015583,0.01445,0.69206,253.93
0.43748,6.4564,4.7272,12.98,2.3382,5.7407,1.4017,0.40389,0.7624,0.015557,0.01445,0.69206,253.95
0.43752,6.4682,4.7263,13.006,2.3374,5.7557,1.4003,0.4039,0.76255,0.015567,0.01445,0.69205,253.96
0.43757,6.4727,4.7266,13.015,2.3378,5.7603,1.4009,0.40394,0.7624,0.015558,0.01445,0.69205,253.97
0.43761,6.4885,4.7252,13.05,2.3362,5.7799,1.3992,0.40394,0.76255,0.015579,0.01445,0.69203,253.98
0.43765,6.4932,4.7256,13.06,2.3367,5.7847,1.3999,0.40399,0.7624,0.015567,0.01445,0.69203,253.99
0.43769,6.5645,4.721,13.215,2.3309,5.869,1.3943,0.40387,0.76243,0.01562,0.01445,0.69198,254
0.43774,6.5676,4.7213,13.222,2.3312,5.8723,1.3948,0.4039,0.76238,0.015605,0.01445,0.69198,254.01
0.43778,6.5809,4.721,13.25,2.3308,5.8876,1.3947,0.4039,0.76237,0.015581,0.01445,0.69198,254.03
0.43782,6.6272,4.7174,13.35,2.3264,5.9437,1.3901,0.40383,0.76263,0.015633,0.01445,0.69194,254.04
0.43787,6.6286,4.7185,13.353,2.3279,5.9437,1.3918,0.40388,0.76234,0.015606,0.01445,0.69194,254.05
0.43791,6.6924,4.7133,13.491,2.3213,6.0194,1.3856,0.40374,0.76248,0.015627,0.01445,0.6919,254.06
0.43795,6.6945,4.7141,13.496,2.3222,6.021,1.3866,0.40378,0.76231,0.015609,0.01445,0.6919,254.07
0.43799,6.7038,4.7133,13.515,2.3213,6.0332,1.3854,0.4038,0.76247,0.015616,0.01445,0.6919,254.08
0.43804,6.7076,4.7138,13.524,2.3218,6.0367,1.3861,0.40383,0.76229,0.015603,0.01445,0.6919,254.09
0.43808,6.7102,4.7136,13.529,2.3217,6.0407,1.3859,0.40389,0.76237,0.01561,0.01445,0.69189,254.11
0.43812,6.7144,4.7135,13.539,2.3216,6.0454,1.3858,0.40391,0.76231,0.015609,0.01445,0.69189,254.12
0.43817,6.7276,4.7122,13.567,2.3201,6.0624,1.3842,0.40394,0.76251,0.015631,0.01445,0.69188,254.13
0.43821,6.7293,4.7132,13.571,2.3213,6.0633,1.3855,0.40397,0.7623,0.015614,0.01445,0.69189,254.14
0.43825,6.7434,4.7119,13.601,2.3198,6.0811,1.3838,0.404,0.76248,0.01564,0.01445,0.69188,254.15
0.43829,6.7453,4.7129,13.605,2.321,6.0822,1.3851,0.40403,0.76227,0.015622,0.01445,0.69188,254.17
0.43834,6.7486,4.7124,13.612,2.3205,6.0868,1.3846,0.40407,0.76235,0.015629,0.01445,0.69188,254.18
0.43838,6.7668,4.7119,13.651,2.3198,6.1072,1.3843,0.40405,0.76224,0.015628,0.01445,0.69187,254.19
0.43842,6.7697,4.7117,13.657,2.3199,6.1119,1.3838,0.40411,0.76235,0.015637,0.01445,0.69187,254.2
0.43846,6.7745,4.7116,13.668,2.3196,6.1173,1.3837,0.40414,0.76227,0.015636,0.01445,0.69187,254.21
0.43851,6.7914,4.7094,13.704,2.317,6.1381,1.3814,0.40414,0.76243,0.015664,0.01445,0.69185,254.23
0.43855,6.7952,4.71,13.712,2.3177,6.1414,1.3821,0.40419,0.76221,0.015647,0.01445,0.69185,254.24
0.43859,6.7984,4.7094,13.719,2.317,6.1462,1.3814,0.40422,0.76233,0.015656,0.01445,0.69185,254.25
0.43864,6.8028,4.7093,13.728,2.3169,6.151,1.3815,0.40426,0.76223,0.015652,0.01445,0.69185,254.26
0.43868,6.8069,4.7088,13.737,2.3164,6.1566,1.3809,0.40429,0.76231,0.01566,0.01445,0.69185,254.27
0.43872,6.8293,4.7082,13.785,2.3155,6.182,1.3805,0.40429,0.76221,0.015658,0.01445,0.69184,254.29
0.43876,6.834,4.7078,13.795,2.3153,6.1883,1.3798,0.40431,0.7623,0.015667,0.01445,0.69184,254.3
0.43881,6.8547,4.7068,13.839,2.3138,6.2117,1.3789,0.40429,0.76218,0.015666,0.01445,0.69183,254.31
0.43884,6.86,4.7065,13.85,2.3137,6.2193,1.3781,0.40432,0.7623,0.015677,0.01445,0.69183,254.32
0.39247,1.8154,4.9953,2.4148,2.6763,0.0011721,1.7133,0.36988,0.76471,0.015605,0.01445,0.69644,254.32
0.39246,1.8155,4.9942,2.4146,2.675,0.0011553,1.7124,0.36985,0.76474,0.015628,0.01445,0.69643,254.32
0.39246,1.8155,4.9943,2.4146,2.6752,0.0011553,1.7125,0.36985,0.76474,0.015628,0.01445,0.69644,254.32
0.43884,6.8692,4.7065,13.869,2.3134,6.229,1.378,0.40429,0.7622,0.015676,0.01445,0.69183,254.32
