0.48947,2.0573,5.0507,3.3393,2.7016,0.50353,1.7225,0.39539,0.76414,0.01446,0.01445,0.69547,250.95
0.48237,2.044,5.3044,3.4538,2.9936,0.53537,1.9532,0.39953,0.76288,0.014808,0.01445,0.6953,252.11
0.47528,2.1017,5.4385,3.6727,3.1202,0.64224,2.0468,0.39882,0.76452,0.014933,0.01445,0.69528,253.91
0.50365,2.1194,5.1378,3.219,2.8607,0.47,1.8709,0.38994,0.76466,0.014438,0.01445,0.69819,250.77
0.51075,2.2117,5.1474,3.3523,2.9035,0.57328,1.9083,0.39271,0.76561,0.014499,0.01445,0.6991,251.6
0.51784,2.34,5.1115,3.4831,2.8737,0.66722,1.8925,0.38814,0.76649,0.014312,0.01445,0.70056,252.67
0.52493,2.4165,5.048,3.5315,2.8238,0.71211,1.8579,0.38612,0.7664,0.015021,0.01445,0.7014,254.24
0.4746,2.1078,5.4889,3.6867,3.1836,0.62517,2.1011,0.39766,0.76215,0.015078,0.01445,0.69527,254
0.47393,2.1274,5.5176,3.7388,3.2175,0.65042,2.127,0.39749,0.76237,0.015136,0.01445,0.69526,254.2
0.47346,2.1485,5.5732,3.7929,3.2892,0.67431,2.1839,0.39681,0.7626,0.015685,0.01445,0.69522,254.27
0.47337,2.158,5.577,3.8147,3.2945,0.67866,2.19,0.3968,0.7618,0.015559,0.01445,0.69521,254.29
0.47328,2.2237,5.5952,3.9658,3.3187,0.76324,2.207,0.39669,0.76275,0.015797,0.01445,0.69518,254.29
0.47319,2.2406,5.597,4.0034,3.3211,0.77411,2.2115,0.39668,0.76171,0.015637,0.01445,0.69517,254.3
0.4731,2.2804,5.59,4.09,3.3124,0.81891,2.2043,0.39635,0.76174,0.015545,0.01445,0.69514,254.3
0.47301,2.295,5.5913,4.1238,3.3137,0.83704,2.2041,0.39623,0.76181,0.015597,0.01445,0.69513,254.32
0.47291,2.3545,5.5956,4.2616,3.3186,0.91453,2.2061,0.39639,0.76257,0.015771,0.01445,0.6951,254.32
0.52503,2.4198,5.0407,3.534,2.8156,0.71385,1.8511,0.38586,0.76638,0.015206,0.01445,0.70139,254.23
0.52513,2.4234,5.0381,3.5357,2.814,0.71538,1.85,0.38557,0.76647,0.015482,0.01445,0.70139,254.24
0.52523,2.4234,5.038,3.5357,2.8139,0.71536,1.8499,0.38564,0.76647,0.015482,0.01445,0.70139,254.28
0.52533,2.4245,5.037,3.5354,2.8141,0.71544,1.8496,0.38554,0.76641,0.015529,0.01445,0.7014,254.31
0.47288,2.3709,5.5944,4.2984,3.3175,0.9273,2.2073,0.39643,0.76173,0.015609,0.01445,0.69509,254.32
0.47285,2.4907,5.5915,4.5647,3.3133,1.0748,2.2013,0.39599,0.76282,0.015789,0.01445,0.69507,254.3
0.47282,2.516,5.5965,4.6215,3.32,1.1012,2.2067,0.39599,0.76245,0.015756,0.01445,0.69507,254.29
0.47279,2.5276,5.5953,4.6474,3.3188,1.1078,2.2078,0.39597,0.76166,0.015616,0.01445,0.69506,254.29
0.47275,2.6519,5.5894,4.9241,3.3111,1.2533,2.2011,0.39573,0.76175,0.015619,0.01445,0.69504,254.26
0.47272,2.765,5.5847,5.172,3.3048,1.3831,2.1946,0.39507,0.76188,0.015629,0.01445,0.69502,254.24
0.47269,3.1113,5.5635,5.9391,3.2781,1.7861,2.1715,0.39448,0.76187,0.01532,0.01445,0.69496,254.17
0.47266,3.1664,5.5707,6.0619,3.2873,1.8482,2.1793,0.39419,0.76181,0.015476,0.01445,0.69495,254.16
0.47263,3.1921,5.572,6.12,3.2889,1.8787,2.1803,0.3942,0.7618,0.015532,0.01445,0.69495,254.16
0.4726,3.2134,5.5719,6.1673,3.2883,1.9029,2.1795,0.39403,0.76179,0.015559,0.01445,0.69494,254.17
0.47257,3.3127,5.5753,6.39,3.2925,2.026,2.1812,0.39391,0.76271,0.015694,0.01445,0.69493,254.16
0.47254,3.3234,5.5755,6.4136,3.2928,2.0329,2.1821,0.39393,0.76191,0.015622,0.01445,0.69493,254.16
0.47251,3.3773,5.5698,6.5291,3.2858,2.0908,2.1779,0.39348,0.76176,0.015489,0.01445,0.69492,254.16
0.47247,3.398,5.5739,6.5781,3.2909,2.1206,2.1797,0.39368,0.76219,0.015571,0.01445,0.69491,254.17
0.47244,3.4069,5.5738,6.5988,3.2905,2.1281,2.1805,0.39369,0.76178,0.015535,0.01445,0.69491,254.17
0.47241,3.4351,5.5756,6.6622,3.2927,2.1639,2.1811,0.39364,0.76213,0.015594,0.01445,0.6949,254.18
0.47238,3.4495,5.5748,6.6941,3.2916,2.1782,2.181,0.3936,0.76182,0.015551,0.01445,0.6949,254.18
0.47235,3.4654,5.5745,6.7289,3.2909,2.1983,2.18,0.39342,0.76214,0.015597,0.01445,0.6949,254.19
0.47232,3.4746,5.5752,6.7506,3.2916,2.207,2.1811,0.39353,0.76178,0.015552,0.01445,0.6949,254.2
0.47229,3.5022,5.5779,6.8126,3.295,2.2419,2.1825,0.39348,0.76212,0.015603,0.01445,0.69489,254.2
0.47226,3.5097,5.5767,6.83,3.2933,2.2483,2.1822,0.3935,0.76176,0.015555,0.01445,0.69489,254.21
0.47223,3.5387,5.5788,6.8947,3.2961,2.2846,2.1833,0.39342,0.76209,0.015609,0.01445,0.69488,254.22
0.4722,3.5479,5.5774,6.9153,3.2942,2.2924,2.1825,0.39339,0.76174,0.015564,0.01445,0.69488,254.22
0.47217,3.578,5.5791,6.9824,3.2962,2.3304,2.183,0.39335,0.76212,0.015613,0.01445,0.69487,254.22
0.47214,3.5902,5.5805,7.0104,3.2981,2.3437,2.1847,0.39336,0.76192,0.015602,0.01445,0.69487,254.23
0.47211,3.63,5.5744,7.0954,3.2901,2.3854,2.1792,0.3929,0.76171,0.015591,0.01445,0.69486,254.23
0.47208,3.63,5.5746,7.0965,3.2902,2.3867,2.1792,0.39297,0.76179,0.015591,0.01445,0.69486,254.24
0.47206,3.6347,5.5749,7.1095,3.2898,2.3959,2.1778,0.39314,0.76201,0.015617,0.01445,0.69486,254.25
0.47203,3.6465,5.575,7.1361,3.2898,2.4077,2.1783,0.39313,0.76176,0.015594,0.01445,0.69486,254.25
0.472,3.6674,5.5768,7.1835,3.2921,2.4351,2.1792,0.39316,0.76206,0.015629,0.01445,0.69486,254.26
0.47198,3.6768,5.5772,7.2046,3.2925,2.4433,2.1805,0.39313,0.76175,0.015588,0.01445,0.69485,254.26
0.47195,3.6959,5.5784,7.2475,3.2941,2.4691,2.1806,0.39311,0.76216,0.015632,0.01445,0.69485,254.27
0.52536,2.4246,5.0354,3.5347,2.8126,0.71508,1.8483,0.38551,0.76642,0.015553,0.01445,0.70139,254.31
0.52537,2.4253,5.0353,3.5349,2.8126,0.71523,1.8488,0.38546,0.7664,0.015563,0.01445,0.70143,254.31
0.52537,2.4198,5.0144,3.5218,2.7874,0.70915,1.828,0.38546,0.76641,0.015572,0.01445,0.70144,254.29
0.52538,2.4125,4.9932,3.5057,2.7584,0.70147,1.8053,0.38551,0.76646,0.015575,0.01445,0.70146,254.26
0.52538,2.4055,4.9721,3.4879,2.7295,0.69283,1.7816,0.38531,0.76649,0.015568,0.01445,0.7015,254.24
0.52539,2.4055,4.9721,3.4878,2.7293,0.69281,1.7816,0.38528,0.76653,0.015587,0.01445,0.70146,254.24
0.52539,2.4054,4.9719,3.4879,2.7293,0.69277,1.7816,0.3853,0.76657,0.015599,0.01445,0.70142,254.24
0.5254,2.4031,4.9662,3.4829,2.7225,0.68991,1.7758,0.38527,0.76654,0.015594,0.01445,0.70139,254.23
0.52541,2.4031,4.9662,3.4829,2.7225,0.68991,1.7758,0.38527,0.76654,0.015594,0.01445,0.70139,254.23
0.52541,2.4031,4.9662,3.4829,2.7225,0.68991,1.7758,0.38527,0.76654,0.015594,0.01445,0.70139,254.23
0.52542,2.4031,4.9662,3.4829,2.7225,0.68991,1.7758,0.38527,0.76654,0.015594,0.01445,0.70139,254.23
0.52542,2.4031,4.9662,3.4829,2.7225,0.68991,1.7758,0.38527,0.76654,0.015594,0.01445,0.70139,254.24
0.52543,2.4031,4.9662,3.4829,2.7225,0.68991,1.7758,0.38527,0.76654,0.015594,0.01445,0.70139,254.24
0.52543,2.4031,4.9662,3.4829,2.7225,0.68991,1.7758,0.38528,0.76654,0.015594,0.01445,0.70139,254.24
0.52544,2.4031,4.9662,3.4829,2.7225,0.68991,1.7758,0.38528,0.76654,0.015594,0.01445,0.70139,254.24
0.52545,2.4031,4.9662,3.4829,2.7225,0.68991,1.7758,0.38529,0.76654,0.015594,0.01445,0.70139,254.24
0.52545,2.4031,4.9662,3.4829,2.7225,0.68991,1.7758,0.38529,0.76654,0.015594,0.01445,0.70139,254.24
0.52546,2.4031,4.9662,3.4829,2.7225,0.68991,1.7758,0.38529,0.76654,0.015594,0.01445,0.70139,254.25
0.52546,2.4031,4.9662,3.4829,2.7225,0.68991,1.7758,0.3853,0.76654,0.015594,0.01445,0.70139,254.25
0.52547,2.4031,4.9662,3.4829,2.7225,0.68991,1.7758,0.3853,0.76654,0.015594,0.01445,0.70139,254.25
0.52547,2.4031,4.9662,3.4829,2.7225,0.68991,1.7758,0.3853,0.76654,0.015594,0.01445,0.70139,254.25
0.52548,2.4031,4.9662,3.4829,2.7225,0.68991,1.7758,0.38531,0.76654,0.015594,0.01445,0.70139,254.25
0.52549,2.4031,4.9662,3.4829,2.7225,0.68991,1.7758,0.38531,0.76654,0.015594,0.01445,0.70139,254.26
0.52549,2.4031,4.9662,3.4829,2.7225,0.68991,1.7758,0.38531,0.76654,0.015594,0.01445,0.70139,254.26
0.5255,2.4031,4.9662,3.4829,2.7225,0.68991,1.7758,0.38532,0.76654,0.015594,0.01445,0.70139,254.26
0.5255,2.4032,4.9662,3.4829,2.7225,0.68991,1.7758,0.38532,0.76654,0.015594,0.01445,0.70139,254.26
0.52551,2.4032,4.9662,3.4829,2.7225,0.68991,1.7758,0.38532,0.76654,0.015594,0.01445,0.70139,254.26
0.52551,2.4032,4.9662,3.4829,2.7225,0.68991,1.7758,0.38532,0.76654,0.015594,0.01445,0.70139,254.27
0.52552,2.4032,4.9662,3.4829,2.7225,0.68991,1.7758,0.38532,0.76654,0.015594,0.01445,0.70139,254.27
0.52553,2.4032,4.9662,3.4829,2.7225,0.68991,1.7758,0.38532,0.76654,0.015594,0.01445,0.70139,254.27
0.52553,2.4033,4.9662,3.4829,2.7225,0.68991,1.7758,0.38532,0.76654,0.015594,0.01445,0.70139,254.27
0.52554,2.4034,4.9662,3.4829,2.7224,0.68991,1.7758,0.38532,0.76654,0.015594,0.01445,0.70139,254.27
0.52554,2.4034,4.9662,3.4829,2.7224,0.68994,1.7758,0.38532,0.76654,0.015594,0.01445,0.70139,254.27
0.52555,2.4034,4.9662,3.4829,2.7224,0.68994,1.7758,0.38532,0.76654,0.015594,0.01445,0.70139,254.28
0.52555,2.4034,4.9662,3.4829,2.7224,0.68994,1.7758,0.38532,0.76654,0.015594,0.01445,0.70139,254.28
0.52556,2.4034,4.9662,3.4829,2.7224,0.68994,1.7758,0.38532,0.76654,0.015594,0.01445,0.70139,254.28
0.52557,2.4034,4.9662,3.4829,2.7224,0.68994,1.7758,0.38532,0.76654,0.015594,0.01445,0.70139,254.28
0.52557,2.4035,4.9662,3.4829,2.7224,0.68994,1.7758,0.38532,0.76654,0.015594,0.01445,0.70139,254.28
0.52558,2.4035,4.9662,3.4829,2.7224,0.68996,1.7758,0.38532,0.76654,0.015594,0.01445,0.70139,254.29
0.52558,2.4035,4.9662,3.4829,2.7224,0.68997,1.7758,0.38532,0.76654,0.015594,0.01445,0.70139,254.29
0.52559,2.4035,4.9662,3.4829,2.7224,0.68997,1.7758,0.38532,0.76654,0.015594,0.01445,0.70139,254.29
0.52559,2.4036,4.9662,3.4829,2.7224,0.68998,1.7758,0.38532,0.76654,0.015594,0.01445,0.70139,254.29
0.5256,2.4036,4.9662,3.4829,2.7224,0.68998,1.7758,0.38532,0.76654,0.015594,0.01445,0.70139,254.29
0.52561,2.4036,4.9662,3.4829,2.7224,0.68999,1.7758,0.38532,0.76654,0.015594,0.01445,0.70139,254.29
0.52561,2.4037,4.9662,3.4829,2.7224,0.69,1.7758,0.38532,0.76654,0.015594,0.01445,0.70139,254.3
0.52562,2.4037,4.9662,3.4829,2.7224,0.69001,1.7758,0.38532,0.76654,0.015594,0.01445,0.70139,254.3
0.52562,2.4037,4.9662,3.4829,2.7224,0.69001,1.7758,0.38532,0.76654,0.015594,0.01445,0.70139,254.3
0.52563,2.4037,4.9662,3.4829,2.7224,0.69002,1.7758,0.38532,0.76654,0.015594,0.01445,0.70139,254.3
0.52563,2.4038,4.9662,3.4829,2.7224,0.69005,1.7758,0.38532,0.76654,0.015594,0.01445,0.70139,254.3
0.52564,2.4038,4.9662,3.4829,2.7224,0.69007,1.7758,0.38532,0.76654,0.015594,0.01445,0.70139,254.31
0.52564,2.4038,4.9662,3.4829,2.7224,0.69007,1.7758,0.38532,0.76654,0.015594,0.01445,0.70139,254.31
0.52565,2.4038,4.9662,3.4829,2.7224,0.69007,1.7758,0.38532,0.76654,0.015594,0.01445,0.70139,254.31
0.52566,2.4039,4.9662,3.4829,2.7224,0.69009,1.7758,0.38532,0.76654,0.015594,0.01445,0.70139,254.31
0.52566,2.404,4.9662,3.4829,2.7224,0.69023,1.7759,0.38532,0.76653,0.015594,0.01445,0.70139,254.31
0.52567,2.404,4.9662,3.4829,2.7224,0.69023,1.7759,0.38532,0.76653,0.015594,0.01445,0.70139,254.32
0.52567,2.404,4.9662,3.4829,2.7224,0.69023,1.7759,0.38532,0.76653,0.015594,0.01445,0.70139,254.32
0.52568,2.404,4.9662,3.4829,2.7224,0.69023,1.7759,0.38532,0.76653,0.015594,0.01445,0.70139,254.32
0.52568,2.4043,4.966,3.4828,2.7228,0.69056,1.7761,0.38532,0.76651,0.015601,0.01445,0.70141,254.32
0.52568,2.4026,4.9596,3.479,2.7153,0.68862,1.7701,0.38532,0.76652,0.015605,0.01445,0.70141,254.31
0.52568,2.4026,4.9595,3.4789,2.7153,0.68861,1.7701,0.38532,0.76651,0.015608,0.01445,0.7014,254.31
0.52568,2.4026,4.9594,3.4789,2.7152,0.68859,1.77,0.38531,0.76653,0.01561,0.01445,0.70139,254.31
0.52568,2.4026,4.9594,3.4789,2.7152,0.68859,1.77,0.38531,0.76653,0.01561,0.01445,0.70139,254.31
0.52568,2.4026,4.9594,3.4789,2.7152,0.68859,1.77,0.38531,0.76653,0.01561,0.01445,0.70139,254.31
0.52568,2.4026,4.9594,3.4789,2.7152,0.68859,1.77,0.38531,0.76653,0.01561,0.01445,0.70139,254.31
0.47195,3.707,5.5801,7.272,3.2964,2.4799,2.1828,0.39306,0.7619,0.01562,0.01445,0.69485,254.27
0.47195,3.754,5.5762,7.3731,3.2917,2.5309,2.1799,0.39272,0.76178,0.015607,0.01445,0.69484,254.26
0.47195,3.7681,5.5781,7.407,3.2938,2.5515,2.1802,0.39298,0.762,0.015626,0.01445,0.69484,254.26
0.47195,3.7813,5.5769,7.4356,3.2923,2.5649,2.1795,0.39287,0.76181,0.015597,0.01445,0.69484,254.26
0.47195,3.8104,5.5753,7.5003,3.2903,2.5987,2.1778,0.39285,0.76177,0.015595,0.01445,0.69484,254.26
0.47195,3.8212,5.5752,7.5231,3.29,2.6129,2.1767,0.39266,0.76216,0.015635,0.01445,0.69484,254.25
0.47195,3.8212,5.5752,7.5231,3.29,2.6132,2.1768,0.39269,0.76216,0.015635,0.01445,0.69484,254.25
0.47195,3.8295,5.5748,7.5424,3.2895,2.6211,2.1769,0.39286,0.76176,0.015614,0.01445,0.69483,254.25
0.47195,3.8295,5.5748,7.5425,3.2895,2.6215,2.177,0.39286,0.76181,0.015614,0.01445,0.69483,254.25
0.47195,3.8515,5.5753,7.5908,3.2901,2.648,2.177,0.39273,0.76199,0.015629,0.01445,0.69483,254.25
0.47195,3.8598,5.5745,7.6084,3.2892,2.6554,2.1767,0.39265,0.76178,0.015603,0.01445,0.69483,254.25
0.47195,3.8598,5.5745,7.6084,3.2892,2.6557,2.1767,0.39265,0.76182,0.015603,0.01445,0.69483,254.25
0.47195,3.8998,5.5712,7.6964,3.2846,2.7063,2.1719,0.39251,0.76247,0.015682,0.01445,0.69483,254.25
0.47195,3.9023,5.572,7.7032,3.2856,2.7072,2.1731,0.39264,0.76196,0.015645,0.01445,0.69483,254.25
0.47195,3.9076,5.5712,7.7137,3.2848,2.7108,2.1729,0.39255,0.76177,0.015612,0.01445,0.69483,254.25
0.47195,3.9076,5.5713,7.7137,3.2848,2.7117,2.173,0.39256,0.76188,0.015612,0.01445,0.69483,254.25
0.47195,4.0531,5.5642,8.0327,3.2754,2.8792,2.1652,0.39201,0.76197,0.015732,0.01445,0.69481,254.24
0.47195,4.0527,5.5654,8.0345,3.2761,2.881,2.165,0.39225,0.76191,0.015708,0.01445,0.69481,254.24
0.47195,4.0491,5.5651,8.0267,3.2765,2.876,2.1655,0.39231,0.76179,0.015638,0.01445,0.69481,254.24
0.47195,4.0491,5.5653,8.0267,3.2765,2.8764,2.1656,0.39231,0.76185,0.015638,0.01445,0.69481,254.24
0.47195,4.0492,5.5653,8.0267,3.2766,2.8767,2.1656,0.39231,0.76186,0.015638,0.01445,0.69481,254.24
0.47195,4.0277,5.5645,7.9768,3.2759,2.8494,2.1654,0.39213,0.76181,0.01558,0.01445,0.69481,254.24
0.47195,4.0291,5.5661,7.9825,3.278,2.8547,2.1665,0.39238,0.76202,0.015616,0.01445,0.69481,254.23
0.47195,4.0307,5.5661,7.9851,3.2781,2.8541,2.167,0.39229,0.76181,0.015594,0.01445,0.69481,254.23
0.47195,4.0307,5.5661,7.9851,3.2781,2.8543,2.167,0.39229,0.76184,0.015594,0.01445,0.69481,254.23
0.47195,4.0307,5.5661,7.9852,3.2781,2.8545,2.167,0.39229,0.76185,0.015595,0.01445,0.69481,254.23
0.47195,4.0307,5.5664,7.9854,3.2786,2.8551,2.167,0.3923,0.76189,0.015595,0.01445,0.69481,254.23
0.47195,4.0309,5.5669,7.9857,3.279,2.8556,2.1672,0.39225,0.76198,0.015614,0.01445,0.69481,254.23
0.47195,4.0221,5.5669,7.9668,3.2791,2.8444,2.1676,0.39237,0.76178,0.015599,0.01445,0.69481,254.23
0.47195,4.0221,5.5669,7.9668,3.2791,2.8446,2.1677,0.39237,0.7618,0.015599,0.01445,0.69481,254.23
0.47195,4.0221,5.5669,7.9668,3.2791,2.8446,2.1677,0.39237,0.76181,0.015599,0.01445,0.69481,254.23
0.47195,4.0221,5.5669,7.9668,3.2791,2.8448,2.1677,0.39237,0.76183,0.015599,0.01445,0.69481,254.23
0.47195,4.0222,5.5669,7.9667,3.2791,2.8456,2.1678,0.39234,0.76196,0.015606,0.01445,0.69481,254.23
0.47195,4.0237,5.5669,7.9693,3.2796,2.8459,2.168,0.39229,0.76183,0.015606,0.01445,0.69481,254.23
0.47195,4.0237,5.567,7.9696,3.2796,2.8464,2.1682,0.3923,0.76187,0.015606,0.01445,0.69481,254.23
0.47195,4.0205,5.5662,7.9625,3.278,2.8442,2.1667,0.39224,0.76214,0.015644,0.01445,0.69481,254.23
0.47195,4.021,5.567,7.9645,3.2797,2.8435,2.1682,0.39245,0.76178,0.015611,0.01445,0.69481,254.23
0.47195,4.021,5.567,7.9646,3.2797,2.8437,2.1682,0.39245,0.76181,0.015611,0.01445,0.69481,254.23
0.47195,4.021,5.5671,7.9647,3.2797,2.8439,2.1682,0.39245,0.76182,0.015611,0.01445,0.69481,254.23
0.47195,4.0212,5.5673,7.9643,3.2794,2.8447,2.1678,0.39229,0.76204,0.015624,0.01445,0.69481,254.23
0.47195,4.0214,5.5675,7.9649,3.28,2.8451,2.168,0.39229,0.76204,0.015624,0.01445,0.69481,254.23
0.47195,4.022,5.5672,7.9664,3.2797,2.845,2.1679,0.39232,0.7619,0.015618,0.01445,0.6948,254.23
0.47195,4.0227,5.5657,7.9675,3.2779,2.8441,2.1666,0.39223,0.76177,0.015604,0.01445,0.6948,254.23
0.47195,4.0227,5.5658,7.9675,3.2779,2.8445,2.1668,0.39225,0.76181,0.015604,0.01445,0.6948,254.23
0.47195,4.0227,5.5658,7.9675,3.2779,2.8447,2.1668,0.39226,0.76183,0.015604,0.01445,0.6948,254.23
0.47195,4.0227,5.5659,7.9675,3.2779,2.8449,2.1668,0.39227,0.76184,0.015604,0.01445,0.6948,254.23
0.47195,4.0227,5.5659,7.9675,3.278,2.8451,2.1668,0.39228,0.76186,0.015604,0.01445,0.6948,254.23
0.47194,4.0141,5.5656,7.9495,3.2775,2.8362,2.1659,0.39239,0.76186,0.015622,0.01445,0.6948,254.23
0.47194,4.0153,5.5662,7.9519,3.2784,2.8378,2.1669,0.39236,0.76194,0.015618,0.01445,0.6948,254.23
0.47194,4.0167,5.5661,7.9544,3.2783,2.838,2.167,0.3923,0.76183,0.015608,0.01445,0.6948,254.23
0.47194,4.0167,5.5661,7.9544,3.2783,2.8381,2.167,0.3923,0.76184,0.015608,0.01445,0.6948,254.23
0.47194,4.0167,5.5661,7.9544,3.2783,2.8381,2.167,0.3923,0.76185,0.015608,0.01445,0.6948,254.23
0.47194,4.0163,5.5657,7.9538,3.2778,2.8392,2.1665,0.39234,0.762,0.01562,0.01445,0.6948,254.23
0.47194,4.0172,5.5664,7.9553,3.2786,2.8388,2.1671,0.39231,0.76184,0.015612,0.01445,0.6948,254.23
0.47194,4.0171,5.5657,7.9559,3.278,2.8396,2.1667,0.39233,0.76195,0.015617,0.01445,0.6948,254.23
0.47194,4.0175,5.5661,7.9563,3.2783,2.8392,2.1669,0.39231,0.76185,0.015604,0.01445,0.6948,254.23
0.47194,4.0175,5.5659,7.9561,3.278,2.8405,2.1666,0.39233,0.76201,0.01562,0.01445,0.6948,254.23
0.47194,4.0177,5.5662,7.957,3.2784,2.8407,2.1668,0.39233,0.76199,0.015619,0.01445,0.6948,254.23
0.47194,4.0186,5.5664,7.9584,3.2787,2.8404,2.1671,0.3923,0.76184,0.015613,0.01445,0.6948,254.23
0.47194,4.0174,5.5638,7.9559,3.2754,2.8412,2.1643,0.39225,0.76223,0.015632,0.01445,0.6948,254.23
0.47194,4.0173,5.5644,7.956,3.276,2.8399,2.1648,0.39233,0.76194,0.015614,0.01445,0.6948,254.23
0.47194,4.0173,5.5644,7.9562,3.2761,2.8389,2.1651,0.39232,0.76181,0.015605,0.01445,0.6948,254.23
0.47194,4.0173,5.5645,7.9562,3.2761,2.8392,2.1652,0.39232,0.76185,0.015605,0.01445,0.6948,254.23
0.47194,4.0181,5.5651,7.9582,3.277,2.8415,2.1656,0.39235,0.76199,0.015618,0.01445,0.6948,254.23
0.47194,4.0196,5.5657,7.9613,3.2779,2.8424,2.1664,0.39234,0.7619,0.015613,0.01445,0.6948,254.23
0.47194,4.0206,5.5647,7.9626,3.2766,2.8413,2.1658,0.39221,0.76177,0.015606,0.01445,0.6948,254.23
0.47194,4.0206,5.5647,7.9626,3.2766,2.8417,2.1659,0.39222,0.7618,0.015606,0.01445,0.6948,254.22
0.47194,4.0206,5.5647,7.9626,3.2766,2.8419,2.1659,0.39224,0.76182,0.015606,0.01445,0.6948,254.23
0.47194,4.0206,5.5647,7.9626,3.2766,2.8422,2.1659,0.39225,0.76184,0.015606,0.01445,0.6948,254.23
0.47194,4.019,5.5644,7.96,3.2768,2.8422,2.1654,0.39236,0.76196,0.015618,0.01445,0.6948,254.22
0.47194,4.0209,5.5657,7.9644,3.2778,2.8441,2.1664,0.39235,0.76191,0.015616,0.01445,0.69479,254.22
0.47194,4.0215,5.5655,7.9651,3.2776,2.8438,2.1662,0.39229,0.76186,0.015611,0.01445,0.69479,254.22
0.47194,4.0215,5.5655,7.9651,3.2776,2.844,2.1664,0.39229,0.76187,0.015611,0.01445,0.69479,254.22
0.47194,3.9874,5.5601,7.8903,3.2703,2.8073,2.1602,0.39238,0.76222,0.015658,0.01445,0.69479,254.22
0.47194,3.9903,5.5604,7.8964,3.2709,2.8075,2.1611,0.39236,0.76181,0.015614,0.01445,0.69479,254.22
0.47194,3.9903,5.5605,7.8964,3.2709,2.8076,2.1612,0.39236,0.76182,0.015614,0.01445,0.69479,254.22
0.47194,3.9903,5.5605,7.8964,3.2709,2.8077,2.1612,0.39236,0.76183,0.015614,0.01445,0.69479,254.22
0.47194,3.9903,5.5605,7.8964,3.2709,2.8078,2.1612,0.39236,0.76184,0.015614,0.01445,0.69479,254.22
0.47194,3.9903,5.5605,7.8964,3.2709,2.8079,2.1612,0.39236,0.76186,0.015614,0.01445,0.69479,254.22
0.47194,3.9903,5.5605,7.8964,3.271,2.808,2.1612,0.39236,0.76186,0.015614,0.01445,0.69479,254.22
0.47194,4.0012,5.5627,7.9203,3.274,2.8221,2.1627,0.39232,0.76206,0.015635,0.01445,0.69479,254.22
0.47194,4.0016,5.5626,7.922,3.2741,2.8218,2.1633,0.39238,0.76191,0.015623,0.01445,0.69479,254.22
0.47194,4.002,5.563,7.9221,3.2743,2.821,2.1637,0.39234,0.76181,0.015611,0.01445,0.69479,254.22
0.47194,4.002,5.563,7.9222,3.2743,2.8213,2.1638,0.39234,0.76185,0.015611,0.01445,0.69479,254.22
0.47194,4.002,5.563,7.9223,3.2744,2.8215,2.1638,0.39235,0.76187,0.015611,0.01445,0.69479,254.22
0.47194,4.0019,5.5633,7.9224,3.2747,2.8212,2.164,0.39239,0.76181,0.015611,0.01445,0.69479,254.22
0.47194,4.0019,5.5633,7.9224,3.2747,2.8214,2.1641,0.39239,0.76183,0.015611,0.01445,0.69479,254.22
0.47194,4.0019,5.5633,7.9224,3.2747,2.8215,2.1641,0.39239,0.76184,0.015611,0.01445,0.69479,254.22
0.47194,4.0019,5.5633,7.9224,3.2747,2.8216,2.1641,0.39239,0.76185,0.015611,0.01445,0.69479,254.22
0.47194,4.0019,5.5633,7.9224,3.2747,2.8216,2.1641,0.39239,0.76186,0.015611,0.01445,0.69479,254.22
0.47194,4.0019,5.5633,7.9224,3.2749,2.8218,2.1641,0.39239,0.76188,0.015611,0.01445,0.69479,254.22
0.47194,4.0019,5.5634,7.9225,3.275,2.8219,2.1641,0.39239,0.76188,0.015611,0.01445,0.69479,254.22
0.47194,4.005,5.5633,7.9293,3.2749,2.8249,2.1641,0.39238,0.76181,0.015605,0.01445,0.69479,254.22
0.47194,4.005,5.5633,7.9293,3.2749,2.825,2.1642,0.39238,0.76183,0.015605,0.01445,0.69479,254.22
0.47194,4.005,5.5633,7.9293,3.2749,2.8251,2.1642,0.39238,0.76184,0.015605,0.01445,0.69479,254.22
0.47194,4.005,5.5634,7.9293,3.2749,2.8252,2.1642,0.39238,0.76185,0.015605,0.01445,0.69479,254.22
0.47194,4.005,5.5634,7.9293,3.2749,2.8253,2.1642,0.39238,0.76186,0.015605,0.01445,0.69479,254.22
0.47194,4.0053,5.5635,7.9295,3.2753,2.8264,2.1642,0.39236,0.76198,0.015617,0.01445,0.69479,254.22
0.47194,4.006,5.5639,7.931,3.2756,2.826,2.1647,0.39232,0.76186,0.015612,0.01445,0.69479,254.22
0.47194,4.0054,5.5628,7.9303,3.2744,2.8253,2.1636,0.39238,0.7618,0.015607,0.01445,0.69479,254.22
0.47194,4.0054,5.5629,7.9303,3.2744,2.8258,2.1639,0.39239,0.76185,0.015607,0.01445,0.69479,254.22
0.47194,4.0054,5.563,7.9303,3.2744,2.8258,2.1639,0.39239,0.76186,0.015607,0.01445,0.69479,254.22
0.47194,4.0054,5.5631,7.9303,3.2746,2.826,2.1639,0.39239,0.76188,0.015607,0.01445,0.69479,254.22
0.47194,4.0085,5.5632,7.9366,3.2748,2.8297,2.1639,0.39234,0.76194,0.015613,0.01445,0.69479,254.22
0.47194,4.0091,5.5631,7.9384,3.2749,2.8294,2.164,0.39235,0.7618,0.015604,0.01445,0.69479,254.22
0.47194,4.0091,5.5633,7.9384,3.2749,2.8298,2.1642,0.39236,0.76185,0.015604,0.01445,0.69479,254.22
0.47194,4.0091,5.5633,7.9384,3.2749,2.8299,2.1642,0.39236,0.76185,0.015604,0.01445,0.69479,254.22
0.47194,4.0091,5.5633,7.9384,3.2749,2.83,2.1642,0.39236,0.76186,0.015604,0.01445,0.69479,254.22
0.47194,4.0091,5.5634,7.9384,3.275,2.8301,2.1642,0.39236,0.76187,0.015604,0.01445,0.69479,254.22
0.47194,4.0092,5.5636,7.9385,3.2753,2.8302,2.1643,0.39236,0.76187,0.015605,0.01445,0.69479,254.22
0.47194,4.0092,5.5636,7.9381,3.2753,2.8304,2.1644,0.3923,0.76197,0.015615,0.01445,0.69479,254.22
0.47194,4.0093,5.5639,7.9388,3.2758,2.8301,2.1648,0.39236,0.76185,0.015612,0.01445,0.69479,254.22
0.47194,4.0093,5.564,7.9388,3.2758,2.8303,2.1648,0.39236,0.76188,0.015612,0.01445,0.69479,254.22
0.47194,4.0094,5.5632,7.9379,3.275,2.8296,2.1641,0.39224,0.7619,0.015613,0.01445,0.69479,254.22
0.47194,4.0094,5.5632,7.9379,3.275,2.8297,2.1641,0.39225,0.7619,0.015613,0.01445,0.69479,254.22
0.47194,4.0094,5.5632,7.938,3.275,2.8297,2.1641,0.39226,0.7619,0.015613,0.01445,0.69479,254.22
0.47194,4.0094,5.5633,7.9382,3.275,2.8299,2.1642,0.39228,0.7619,0.015613,0.01445,0.69479,254.22
0.47194,4.0079,5.5632,7.9358,3.2748,2.8283,2.1641,0.39235,0.76183,0.015608,0.01445,0.69479,254.22
0.47194,4.008,5.5633,7.9358,3.2748,2.8285,2.1641,0.39235,0.76185,0.015608,0.01445,0.69479,254.22
0.47194,4.008,5.5633,7.9358,3.2748,2.8286,2.1641,0.39235,0.76186,0.015608,0.01445,0.69479,254.22
0.47194,4.008,5.5633,7.9358,3.2749,2.8287,2.1641,0.39235,0.76188,0.015608,0.01445,0.69479,254.22
0.47194,4.0081,5.564,7.9356,3.2754,2.829,2.1643,0.39227,0.76198,0.015629,0.01445,0.69479,254.22
0.47194,4.0081,5.564,7.9358,3.2756,2.8293,2.1645,0.39231,0.76198,0.015629,0.01445,0.69479,254.22
0.47194,4.0081,5.5641,7.9364,3.2761,2.8288,2.1649,0.39238,0.76184,0.015615,0.01445,0.69479,254.22
0.47194,4.0081,5.5642,7.9364,3.2761,2.8289,2.165,0.39238,0.76185,0.015615,0.01445,0.69479,254.22
0.47194,4.0081,5.5642,7.9364,3.2761,2.829,2.165,0.39237,0.76186,0.015615,0.01445,0.69479,254.22
0.47194,4.0081,5.5643,7.9364,3.2761,2.829,2.165,0.39237,0.76186,0.015615,0.01445,0.69479,254.22
0.47194,4.0083,5.564,7.9365,3.2758,2.8295,2.1647,0.39235,0.76193,0.015616,0.01445,0.69479,254.22
0.47194,4.0088,5.5638,7.9379,3.2759,2.8292,2.1647,0.39235,0.76182,0.015607,0.01445,0.69479,254.22
0.47194,4.0088,5.564,7.9379,3.2759,2.8295,2.1649,0.39236,0.76185,0.015607,0.01445,0.69479,254.22
0.47194,4.0092,5.5641,7.9382,3.2759,2.8304,2.1648,0.3923,0.76197,0.015619,0.01445,0.69479,254.22
0.47194,4.0092,5.564,7.9387,3.2759,2.8302,2.1649,0.39237,0.76186,0.015613,0.01445,0.69479,254.22
0.47194,4.0094,5.5639,7.9387,3.2757,2.8305,2.1647,0.39232,0.76194,0.015616,0.01445,0.69479,254.22
0.47194,4.0096,5.5638,7.9397,3.2758,2.8305,2.1647,0.39233,0.76187,0.015612,0.01445,0.69479,254.22
0.47194,4.0097,5.5639,7.9394,3.2756,2.8309,2.1647,0.39231,0.76194,0.015627,0.01445,0.69478,254.22
0.47194,4.01,5.5641,7.9403,3.276,2.831,2.1649,0.39233,0.76187,0.015621,0.01445,0.69478,254.22
0.47194,4.0102,5.5629,7.9405,3.274,2.8301,2.1634,0.39227,0.76179,0.015595,0.01445,0.69478,254.22
0.47194,4.0102,5.5629,7.9405,3.2741,2.8308,2.1637,0.39231,0.76186,0.015595,0.01445,0.69478,254.22
0.47194,4.0102,5.5629,7.9405,3.2743,2.8311,2.1637,0.39232,0.76187,0.015595,0.01445,0.69478,254.22
0.47194,4.0103,5.5631,7.941,3.2747,2.8321,2.1638,0.39234,0.76197,0.015612,0.01445,0.69478,254.22
0.47194,4.0103,5.5633,7.9413,3.2748,2.8319,2.1639,0.39236,0.76191,0.015608,0.01445,0.69478,254.22
0.47193,4.0108,5.5633,7.9418,3.2748,2.8317,2.164,0.39231,0.76186,0.015609,0.01445,0.69478,254.22
0.47193,4.0094,5.5631,7.9391,3.2748,2.8305,2.164,0.39238,0.76187,0.015612,0.01445,0.69478,254.22
0.47193,4.0093,5.5631,7.9387,3.2747,2.8302,2.1639,0.39232,0.76189,0.015613,0.01445,0.69478,254.22
0.47193,3.9937,5.563,7.9049,3.2743,2.8118,2.1637,0.3924,0.7618,0.015605,0.01445,0.69478,254.22
0.47193,3.9938,5.563,7.9049,3.2743,2.8119,2.1638,0.3924,0.76182,0.015605,0.01445,0.69478,254.22
0.47193,3.9938,5.563,7.9049,3.2743,2.812,2.1638,0.3924,0.76183,0.015605,0.01445,0.69478,254.22
0.47193,3.9938,5.563,7.9049,3.2743,2.8122,2.1638,0.3924,0.76184,0.015605,0.01445,0.69478,254.22
0.47193,3.9938,5.563,7.9049,3.2744,2.8124,2.1638,0.3924,0.76186,0.015605,0.01445,0.69478,254.22
0.47193,4,5.563,7.9176,3.2749,2.8198,2.1637,0.39231,0.76196,0.015617,0.01445,0.69478,254.22
0.47193,4.0001,5.5632,7.9188,3.2748,2.8197,2.1641,0.39242,0.76184,0.015614,0.01445,0.69478,254.22
0.47193,4.0001,5.5632,7.9189,3.2748,2.8198,2.1641,0.39242,0.76185,0.015614,0.01445,0.69478,254.22
0.47193,4.0017,5.563,7.9218,3.2746,2.8217,2.1639,0.39237,0.76195,0.015617,0.01445,0.69478,254.22
0.47193,4.0017,5.5632,7.9223,3.2748,2.8221,2.1639,0.39237,0.76195,0.015616,0.01445,0.69478,254.22
0.47193,4.0017,5.5633,7.9223,3.2748,2.8221,2.1639,0.39237,0.76195,0.015616,0.01445,0.69478,254.22
0.47193,4.0023,5.5636,7.9231,3.2752,2.8219,2.1643,0.39234,0.76187,0.015611,0.01445,0.69478,254.22
0.47193,4.0023,5.5625,7.9232,3.2739,2.8225,2.1632,0.39234,0.76198,0.01562,0.01445,0.69478,254.22
0.47193,4.0023,5.5627,7.9234,3.2741,2.8229,2.1633,0.39235,0.76197,0.01562,0.01445,0.69478,254.22
0.47193,4.003,5.5627,7.9249,3.2741,2.8231,2.1635,0.39235,0.76189,0.015615,0.01445,0.69478,254.22
0.47193,4.003,5.5627,7.925,3.2741,2.8227,2.1635,0.39234,0.76184,0.01561,0.01445,0.69478,254.22
0.47193,4.003,5.5627,7.925,3.2741,2.8227,2.1635,0.39234,0.76185,0.01561,0.01445,0.69478,254.22
0.47193,4.003,5.5627,7.925,3.2741,2.8228,2.1635,0.39234,0.76185,0.01561,0.01445,0.69478,254.22
0.47193,4.0031,5.5627,7.925,3.2741,2.8228,2.1635,0.39234,0.76186,0.01561,0.01445,0.69478,254.22
0.47193,4.0031,5.5627,7.925,3.2741,2.8229,2.1635,0.39234,0.76186,0.01561,0.01445,0.69478,254.22
0.47193,4.0108,5.5633,7.9418,3.2748,2.8317,2.164,0.39231,0.76187,0.015609,0.01445,0.69478,254.22
0.47192,4.0108,5.5633,7.9422,3.275,2.8318,2.1641,0.39232,0.76187,0.015609,0.01445,0.69478,254.22
0.47192,4.0108,5.5633,7.9422,3.275,2.8319,2.1641,0.39232,0.76187,0.015609,0.01445,0.69478,254.22
0.47192,4.0108,5.5633,7.9422,3.275,2.8319,2.1641,0.39232,0.76187,0.015609,0.01445,0.69478,254.22
0.47191,4.0107,5.5633,7.9421,3.2748,2.832,2.1639,0.39232,0.7619,0.015615,0.01445,0.69478,254.22
0.47191,4.0106,5.5633,7.9421,3.2748,2.8318,2.1639,0.39232,0.76188,0.015614,0.01445,0.69478,254.22
0.47191,4.0042,5.5633,7.9282,3.2747,2.8245,2.1638,0.39235,0.76187,0.015617,0.01445,0.69478,254.23
0.4719,4.0042,5.5633,7.9283,3.2748,2.8245,2.1639,0.39235,0.76187,0.015617,0.01445,0.69478,254.23
0.4719,4.0043,5.5633,7.9284,3.2747,2.8245,2.1638,0.39233,0.76187,0.015617,0.01445,0.69478,254.23
0.4719,4.0043,5.5633,7.9284,3.2747,2.8245,2.1638,0.39234,0.76187,0.015617,0.01445,0.69478,254.23
0.47189,4.0043,5.563,7.9285,3.2743,2.8245,2.1636,0.39235,0.76186,0.015619,0.01445,0.69478,254.23
0.47189,4.0043,5.563,7.9285,3.2743,2.8245,2.1636,0.39235,0.76186,0.015619,0.01445,0.69478,254.23
0.47189,4.0043,5.5631,7.9286,3.2743,2.8245,2.1635,0.39234,0.76187,0.015619,0.01445,0.69478,254.23
0.47188,4.0043,5.5631,7.9286,3.2743,2.8246,2.1635,0.39234,0.76187,0.015619,0.01445,0.69478,254.23
0.47188,4.0043,5.5631,7.9288,3.2744,2.8246,2.1636,0.39234,0.76187,0.015619,0.01445,0.69478,254.23
0.47188,4.0043,5.5631,7.9288,3.2744,2.8246,2.1636,0.39234,0.76187,0.015619,0.01445,0.69478,254.23
0.47187,4.0043,5.5631,7.9288,3.2744,2.8246,2.1636,0.39234,0.76187,0.015619,0.01445,0.69478,254.24
0.47187,4.0043,5.5632,7.929,3.2744,2.8247,2.1636,0.39234,0.76186,0.015619,0.01445,0.69478,254.24
0.47187,4.0043,5.5632,7.929,3.2744,2.8247,2.1636,0.39234,0.76186,0.015619,0.01445,0.69478,254.24
0.47186,4.0043,5.5633,7.9292,3.2745,2.8248,2.1637,0.39234,0.76188,0.015621,0.01445,0.69478,254.24
0.47186,4.0044,5.5634,7.9293,3.2745,2.8249,2.1637,0.39235,0.76187,0.015621,0.01445,0.69478,254.24
0.47186,4.0044,5.5634,7.9294,3.2746,2.8249,2.1637,0.39235,0.76187,0.015621,0.01445,0.69478,254.24
0.47185,4.0044,5.5635,7.9294,3.2746,2.8249,2.1637,0.39235,0.76187,0.015621,0.01445,0.69478,254.24
0.47185,4.005,5.5636,7.9309,3.2748,2.8255,2.1639,0.39234,0.76186,0.015622,0.01445,0.69478,254.24
0.47185,4.0054,5.5637,7.9319,3.2749,2.8261,2.164,0.39235,0.76187,0.015623,0.01445,0.69478,254.24
0.47184,4.0054,5.5638,7.932,3.2749,2.8262,2.164,0.39235,0.76187,0.015623,0.01445,0.69478,254.24
0.47184,4.0054,5.5638,7.9321,3.275,2.8262,2.164,0.39235,0.76186,0.015623,0.01445,0.69478,254.25
0.47184,4.0059,5.564,7.9333,3.2751,2.8267,2.1641,0.39234,0.76186,0.015624,0.01445,0.69478,254.25
0.47183,4.006,5.5644,7.9335,3.2756,2.8268,2.1645,0.39235,0.76186,0.015626,0.01445,0.69478,254.25
0.47183,4.006,5.5644,7.9336,3.2756,2.8269,2.1645,0.39235,0.76186,0.015626,0.01445,0.69478,254.25
0.47183,4.006,5.5644,7.9337,3.2757,2.8269,2.1645,0.39235,0.76186,0.015626,0.01445,0.69478,254.25
0.47182,4.006,5.5644,7.9337,3.2757,2.8269,2.1645,0.39235,0.76186,0.015626,0.01445,0.69478,254.25
0.47182,4.0072,5.5647,7.9364,3.276,2.8282,2.1648,0.39234,0.76186,0.015627,0.01445,0.69478,254.25
0.47182,4.0072,5.5647,7.9364,3.276,2.8282,2.1648,0.39234,0.76186,0.015627,0.01445,0.69478,254.25
0.47181,4.0072,5.5647,7.9366,3.276,2.8283,2.1648,0.39235,0.76186,0.015626,0.01445,0.69478,254.25
0.47181,4.0072,5.5648,7.9366,3.276,2.8283,2.1648,0.39235,0.76186,0.015626,0.01445,0.69478,254.25
0.47181,4.0072,5.5648,7.9366,3.276,2.8283,2.1648,0.39235,0.76186,0.015626,0.01445,0.69478,254.26
0.4718,4.0083,5.5651,7.9392,3.2764,2.8296,2.1652,0.39234,0.76186,0.015629,0.01445,0.69478,254.26
0.4718,4.0083,5.5651,7.9392,3.2764,2.8296,2.1652,0.39234,0.76186,0.015629,0.01445,0.69478,254.26
0.4718,4.0081,5.5652,7.9389,3.2765,2.8293,2.1652,0.39235,0.76185,0.015628,0.01445,0.69478,254.26
0.47179,4.0081,5.5652,7.9389,3.2765,2.8293,2.1652,0.39235,0.76185,0.015628,0.01445,0.69478,254.26
0.47179,4.0081,5.5652,7.9389,3.2765,2.8293,2.1652,0.39235,0.76185,0.015628,0.01445,0.69478,254.26
0.47179,4.0081,5.5652,7.9389,3.2765,2.8293,2.1652,0.39235,0.76185,0.015628,0.01445,0.69478,254.26
0.47178,4.0084,5.5654,7.9399,3.2767,2.8299,2.1654,0.39236,0.76186,0.015629,0.01445,0.69478,254.26
0.47178,4.0095,5.5656,7.9423,3.2769,2.8311,2.1655,0.39235,0.76186,0.01563,0.01445,0.69478,254.26
0.47178,4.0095,5.5656,7.9423,3.2769,2.8311,2.1655,0.39235,0.76186,0.01563,0.01445,0.69478,254.27
0.47177,4.0098,5.5658,7.9432,3.277,2.8316,2.1656,0.39235,0.76186,0.01563,0.01445,0.69478,254.27
0.47177,4.0099,5.5658,7.9435,3.2771,2.8317,2.1656,0.39235,0.76185,0.01563,0.01445,0.69478,254.27
0.47177,4.0099,5.5659,7.9436,3.2772,2.8317,2.1657,0.39235,0.76185,0.01563,0.01445,0.69478,254.27
0.47176,4.0111,5.5661,7.9462,3.2773,2.833,2.1658,0.39234,0.76186,0.015632,0.01445,0.69478,254.27
0.47176,4.0111,5.5661,7.9462,3.2773,2.8331,2.1658,0.39234,0.76186,0.015632,0.01445,0.69478,254.27
0.47176,4.0111,5.5662,7.9464,3.2775,2.833,2.1659,0.39235,0.76184,0.015631,0.01445,0.69478,254.27
0.47175,4.0111,5.5662,7.9464,3.2775,2.8331,2.166,0.39235,0.76185,0.015631,0.01445,0.69478,254.27
0.47175,4.0117,5.5664,7.9478,3.2777,2.8339,2.1661,0.39235,0.76186,0.015633,0.01445,0.69478,254.27
0.47175,4.0118,5.5665,7.9481,3.2779,2.8338,2.1662,0.39235,0.76184,0.015632,0.01445,0.69478,254.27
0.47174,4.0118,5.5665,7.9481,3.2779,2.8339,2.1662,0.39235,0.76184,0.015632,0.01445,0.69478,254.28
0.47174,4.0118,5.5665,7.9481,3.2779,2.8339,2.1662,0.39235,0.76185,0.015632,0.01445,0.69478,254.28
0.47174,4.0121,5.5667,7.9489,3.278,2.8344,2.1664,0.39235,0.76186,0.015634,0.01445,0.69478,254.28
0.47173,4.0121,5.5668,7.9491,3.2781,2.8344,2.1664,0.39235,0.76185,0.015634,0.01445,0.69478,254.28
0.47173,4.0147,5.5672,7.9548,3.2786,2.8373,2.1668,0.39234,0.76184,0.015637,0.01445,0.69478,254.28
0.47173,4.0147,5.5672,7.9548,3.2786,2.8373,2.1668,0.39234,0.76184,0.015637,0.01445,0.69478,254.28
0.47172,4.0143,5.5672,7.9542,3.2786,2.837,2.1668,0.39235,0.76185,0.015636,0.01445,0.69478,254.28
0.47172,4.0143,5.5673,7.9542,3.2786,2.837,2.1668,0.39235,0.76185,0.015636,0.01445,0.69478,254.28
0.47172,4.0146,5.5674,7.955,3.2788,2.8373,2.1669,0.39235,0.76185,0.015636,0.01445,0.69478,254.28
0.47171,4.0146,5.5674,7.955,3.2788,2.8374,2.1669,0.39235,0.76185,0.015636,0.01445,0.69478,254.28
0.47171,4.0147,5.5678,7.9552,3.2793,2.8374,2.1673,0.39235,0.76185,0.015639,0.01445,0.69478,254.29
0.47171,4.0147,5.5678,7.9552,3.2793,2.8375,2.1673,0.39235,0.76185,0.015639,0.01445,0.69478,254.29
0.4717,4.0147,5.5678,7.9554,3.2793,2.8375,2.1673,0.39235,0.76184,0.015639,0.01445,0.69478,254.29
0.4717,4.0147,5.5679,7.9554,3.2793,2.8375,2.1673,0.39235,0.76184,0.015639,0.01445,0.69478,254.29
0.4717,4.0153,5.568,7.9568,3.2794,2.8382,2.1674,0.39235,0.76184,0.015639,0.01445,0.69478,254.29
0.47169,4.0153,5.5681,7.9569,3.2795,2.8382,2.1675,0.39235,0.76185,0.015639,0.01445,0.69478,254.29
0.47169,4.0157,5.5682,7.9578,3.2797,2.8386,2.1676,0.39235,0.76184,0.015639,0.01445,0.69478,254.29
0.47169,4.0157,5.5682,7.9578,3.2797,2.8386,2.1676,0.39235,0.76184,0.015639,0.01445,0.69478,254.29
0.47168,4.0159,5.5683,7.9586,3.2798,2.8391,2.1677,0.39235,0.76185,0.015641,0.01445,0.69478,254.29
0.47168,4.0159,5.5683,7.9587,3.2798,2.8391,2.1677,0.39235,0.76185,0.015641,0.01445,0.69478,254.3
0.47168,4.016,5.5684,7.9588,3.2798,2.8391,2.1677,0.39235,0.76184,0.01564,0.01445,0.69478,254.3
0.47168,4.0172,5.5685,7.9617,3.28,2.8406,2.1678,0.39235,0.76184,0.015641,0.01445,0.69478,254.3
0.47167,4.0172,5.5686,7.9617,3.28,2.8406,2.1679,0.39235,0.76184,0.015641,0.01445,0.69478,254.3
0.47167,4.0172,5.5686,7.9617,3.28,2.8406,2.1679,0.39235,0.76184,0.015641,0.01445,0.69478,254.3
0.47167,4.0173,5.569,7.962,3.2805,2.8407,2.1683,0.39236,0.76184,0.015643,0.01445,0.69478,254.3
0.47166,4.0173,5.569,7.9621,3.2805,2.8407,2.1683,0.39236,0.76184,0.015643,0.01445,0.69478,254.3
0.47166,4.0184,5.5691,7.9645,3.2807,2.8419,2.1683,0.39234,0.76184,0.015643,0.01445,0.69478,254.3
0.47166,4.0184,5.5691,7.9645,3.2807,2.8419,2.1684,0.39234,0.76184,0.015643,0.01445,0.69478,254.3
0.47165,4.0184,5.5695,7.9648,3.2811,2.8421,2.1687,0.39237,0.76184,0.015645,0.01445,0.69478,254.3
0.47165,4.0194,5.5695,7.9669,3.2811,2.8432,2.1687,0.39235,0.76185,0.015644,0.01445,0.69478,254.31
0.47165,4.0194,5.5696,7.9671,3.2812,2.8432,2.1688,0.39235,0.76184,0.015644,0.01445,0.69478,254.31
0.47164,4.0194,5.5696,7.9671,3.2812,2.8433,2.1688,0.39235,0.76184,0.015644,0.01445,0.69478,254.31
0.47164,4.0194,5.5697,7.9672,3.2812,2.8433,2.1688,0.39235,0.76184,0.015644,0.01445,0.69478,254.31
0.47164,4.02,5.5698,7.9685,3.2814,2.8439,2.1689,0.39235,0.76183,0.015645,0.01445,0.69478,254.31
0.47163,4.0203,5.5699,7.9694,3.2815,2.8444,2.169,0.39235,0.76184,0.015646,0.01445,0.69478,254.31
0.47163,4.0203,5.5699,7.9695,3.2815,2.8444,2.169,0.39235,0.76184,0.015646,0.01445,0.69478,254.31
0.47163,4.0203,5.57,7.9695,3.2815,2.8444,2.169,0.39235,0.76184,0.015646,0.01445,0.69478,254.31
0.47162,4.022,5.5704,7.9732,3.2821,2.8462,2.1694,0.39234,0.76183,0.015649,0.01445,0.69478,254.31
0.47162,4.0218,5.5704,7.973,3.2821,2.8461,2.1694,0.39235,0.76183,0.015648,0.01445,0.69478,254.31
0.47162,4.0218,5.5704,7.973,3.2821,2.8462,2.1694,0.39235,0.76183,0.015648,0.01445,0.69478,254.32
0.47161,4.0218,5.5704,7.973,3.2821,2.8462,2.1694,0.39235,0.76183,0.015648,0.01445,0.69478,254.32
0.47161,4.0219,5.5705,7.9733,3.2822,2.8462,2.1695,0.39235,0.76183,0.015648,0.01445,0.69478,254.32
0.47161,4.0219,5.5705,7.9733,3.2822,2.8462,2.1695,0.39235,0.76183,0.015648,0.01445,0.69478,254.32
0.47161,4.0218,5.5704,7.973,3.2821,2.8462,2.1694,0.39235,0.76184,0.015648,0.01445,0.69478,254.32
0.4616,4.1218,5.5706,7.9734,3.2822,2.8462,2.1695,0.39235,0.76183,0.015648,0.01445,0.69478,254.32
