0.7763,2.0378,5.1212,3.1843,2.8378,0.37906,1.8431,0.39272,0.7578,0.014327,0.01445,0.69597,250.88
0.76993,2.1369,5.1699,3.4078,2.8983,0.45929,1.8943,0.39319,0.75216,0.014443,0.01445,0.69616,251.79
0.76357,2.2505,5.2178,3.6547,2.9579,0.54646,1.9468,0.39265,0.74615,0.014652,0.01445,0.69628,253.22
0.78902,2.023,5.0869,3.0964,2.7946,0.43618,1.801,0.39117,0.77093,0.01494,0.01445,0.69663,250.93
0.79539,2.0158,5.043,3.1283,2.7339,0.48414,1.7485,0.39337,0.77564,0.014548,0.01445,0.69611,251.71
0.80175,2.0482,5.0087,3.1681,2.6974,0.54926,1.7183,0.39137,0.78219,0.015026,0.01445,0.69605,253.07
0.76211,2.2892,5.1586,3.7377,2.8834,0.57622,1.8876,0.39187,0.74434,0.015348,0.01445,0.69598,253.49
0.76065,2.3117,5.164,3.7918,2.8899,0.59341,1.8934,0.3919,0.74287,0.015393,0.01445,0.69592,253.9
0.80328,2.0503,5.0126,3.1921,2.6975,0.57073,1.714,0.3922,0.78337,0.015251,0.01445,0.69597,253.46
0.80482,2.0524,4.9629,3.1914,2.6372,0.58155,1.6666,0.39178,0.78506,0.015546,0.01445,0.69576,253.87
0.80635,2.0469,4.9432,3.1957,2.6092,0.59571,1.64,0.39279,0.78642,0.015546,0.01445,0.69565,254.32
0.76015,2.3163,5.0918,3.7995,2.8007,0.59691,1.8199,0.39154,0.7426,0.015717,0.01445,0.69563,254.02
0.75965,2.3288,5.0941,3.8308,2.8024,0.60794,1.8227,0.39169,0.74187,0.015692,0.01445,0.69562,254.15
0.75915,2.3393,5.0954,3.8561,2.8041,0.6164,1.8243,0.39166,0.74132,0.015681,0.01445,0.69557,254.3
0.75908,2.335,5.0455,3.8502,2.7413,0.61317,1.7732,0.39171,0.74128,0.015597,0.01445,0.69534,254.31
0.75907,2.3362,5.0395,3.8546,2.7341,0.61547,1.7671,0.39177,0.74128,0.015658,0.01445,0.69529,254.31
0.75907,2.3375,5.0164,3.8556,2.7055,0.61566,1.7436,0.39157,0.74124,0.015697,0.01445,0.69519,254.31
0.75906,2.3375,5.0164,3.8558,2.7055,0.61578,1.7437,0.39158,0.74124,0.015697,0.01445,0.69519,254.32
0.75905,2.3375,5.0164,3.8563,2.7055,0.6159,1.7438,0.39161,0.74124,0.015697,0.01445,0.69519,254.32
0.80636,2.023,4.9264,3.1313,2.5893,0.56341,1.6241,0.39204,0.78663,0.015671,0.01445,0.69564,254.31
0.80637,1.9059,4.8902,2.8771,2.5426,0.43149,1.5864,0.39277,0.78645,0.015663,0.01445,0.69561,254.3
0.80637,1.909,4.89,2.8764,2.5424,0.43081,1.5865,0.39226,0.78647,0.015661,0.01445,0.69565,254.3
0.80638,1.8222,4.881,2.6796,2.5313,0.32911,1.5781,0.39237,0.78649,0.015666,0.01445,0.69574,254.3
0.80639,1.8222,4.881,2.6796,2.5314,0.32938,1.5782,0.39238,0.78649,0.015666,0.01445,0.69574,254.3
0.8064,1.555,4.8975,2.0894,2.5528,0.021084,1.5961,0.39349,0.78624,0.015618,0.01445,0.69603,254.3
0.80641,1.5605,4.8979,2.0934,2.5533,0.023072,1.5973,0.39298,0.78626,0.015652,0.01445,0.69608,254.3
0.80641,1.5621,4.8978,2.0934,2.5532,0.02311,1.5972,0.39279,0.78628,0.015657,0.01445,0.69611,254.3
0.80642,1.5621,4.8978,2.0934,2.5533,0.023369,1.5972,0.39279,0.78629,0.015657,0.01445,0.69611,254.31
0.80643,1.5438,4.8961,2.05,2.5506,0.0012441,1.5951,0.39277,0.78629,0.015664,0.01445,0.69618,254.31
0.80644,1.5427,4.8962,2.0476,2.5507,6.3038e-05,1.5952,0.39279,0.7863,0.01566,0.01445,0.69618,254.31
0.80644,1.5427,4.8962,2.0475,2.5507,3.1519e-06,1.5953,0.39279,0.7863,0.01566,0.01445,0.69618,254.31
0.80645,1.5427,4.8962,2.0475,2.5507,4.3026e-06,1.5953,0.39279,0.78631,0.01566,0.01445,0.69618,254.31
0.80646,1.5427,4.8962,2.0475,2.5508,0.00029185,1.5953,0.39279,0.78633,0.01566,0.01445,0.69618,254.32
0.80647,1.5424,4.8962,2.0469,2.5507,1.4593e-05,1.5953,0.39279,0.78633,0.01566,0.01445,0.69618,254.32
