0.47492,2.0321,5.0898,3.298,2.8053,0.43658,1.8116,0.39317,0.76238,0.014439,0.01445,0.69346,250.87
0.46803,2.0495,5.1543,3.455,2.8428,0.51249,1.8252,0.39418,0.76313,0.014534,0.01445,0.69304,251.72
0.46115,2.0516,4.8401,3.6102,2.4566,0.56162,1.5014,0.39466,0.76207,0.016024,0.01445,0.6892,252.77
0.48868,2.1238,5.1361,3.2362,2.855,0.48315,1.8656,0.39145,0.76437,0.014413,0.01445,0.6984,250.82
0.49557,2.263,5.1099,3.4621,2.8408,0.65643,1.8561,0.39357,0.76772,0.014778,0.01445,0.69961,251.71
0.50265,2.388,5.1075,3.5803,2.8589,0.73558,1.8833,0.39012,0.7666,0.014808,0.01445,0.70135,252.94
0.45456,2.082,4.9485,3.8134,2.5659,0.65213,1.5772,0.39634,0.76315,0.015941,0.01445,0.68843,254.26
0.50561,2.46,5.1007,3.7004,2.866,0.81663,1.889,0.39036,0.7678,0.014945,0.01445,0.70152,253.87
0.50633,2.4772,5.0689,3.7279,2.8353,0.82798,1.8654,0.39051,0.76701,0.015036,0.01445,0.70139,254.05
0.50705,2.4792,5.0689,3.7281,2.8361,0.83011,1.8657,0.39083,0.767,0.015038,0.01445,0.70139,254.32
0.45447,2.0956,4.9627,3.851,2.5919,0.6599,1.5986,0.39644,0.76205,0.015819,0.01445,0.68821,254.23
0.45439,2.104,4.9559,3.8739,2.5861,0.66813,1.5936,0.39655,0.7617,0.01566,0.01445,0.68802,254.22
0.4543,2.1184,4.6294,3.9312,2.2065,0.70717,1.2822,0.39721,0.76237,0.015719,0.01445,0.68543,254.13
0.45421,2.122,4.6372,3.9409,2.2144,0.71027,1.2889,0.39721,0.76218,0.015694,0.01445,0.68549,254.14
0.45412,2.127,4.647,3.9532,2.2256,0.71304,1.299,0.39721,0.76188,0.015647,0.01445,0.68556,254.16
0.45404,2.127,4.6482,3.9543,2.2263,0.71555,1.2991,0.39721,0.7621,0.015647,0.01445,0.68556,254.18
0.45395,2.1448,4.6729,3.9927,2.2559,0.73169,1.3232,0.39688,0.76187,0.015731,0.01445,0.68571,254.2
0.45386,2.1501,4.6786,4.0078,2.2618,0.74249,1.3269,0.39701,0.76218,0.015712,0.01445,0.68574,254.22
0.45377,2.1521,4.6811,4.0139,2.2644,0.74415,1.3294,0.39704,0.76204,0.015703,0.01445,0.68575,254.24
0.45369,2.1572,4.6865,4.0277,2.2706,0.75181,1.3337,0.39705,0.76215,0.015716,0.01445,0.68576,254.26
0.4536,2.1591,4.6883,4.0332,2.2726,0.75281,1.3357,0.39705,0.76197,0.015705,0.01445,0.68577,254.28
0.45351,2.1669,4.6921,4.0525,2.2769,0.76337,1.3386,0.39697,0.76212,0.015734,0.01445,0.68576,254.3
0.45348,2.178,4.6931,4.0782,2.278,0.77601,1.3395,0.39694,0.76208,0.01574,0.01445,0.68575,254.31
0.45345,2.183,4.6939,4.0904,2.279,0.78146,1.3405,0.39695,0.762,0.015736,0.01445,0.68575,254.31
0.45343,2.1946,4.6953,4.1176,2.2807,0.79349,1.3421,0.39693,0.76183,0.015725,0.01445,0.68575,254.32
0.45343,2.1947,4.6954,4.1176,2.2807,0.79373,1.3422,0.39693,0.76185,0.015725,0.01445,0.68575,254.32
0.50706,2.4846,5.0688,3.7387,2.8365,0.83528,1.8658,0.39077,0.7669,0.015062,0.01445,0.70139,254.31
0.50706,2.4846,5.0688,3.7387,2.8365,0.83528,1.8658,0.39077,0.7669,0.015062,0.01445,0.70139,254.32
0.50707,2.4846,5.0688,3.7387,2.8365,0.83528,1.8658,0.39077,0.7669,0.015062,0.01445,0.70139,254.32
