0.79581,2.063,5.1223,3.224,2.838,0.40478,1.8398,0.39241,0.75739,0.014161,0.01445,0.69625,250.99
0.78928,2.1762,5.1696,3.4662,2.8963,0.50629,1.8829,0.39284,0.75193,0.01432,0.01445,0.69664,252.22
0.78276,2.3246,5.2221,3.7783,2.9606,0.63626,1.9352,0.39268,0.74556,0.014563,0.01445,0.69706,254.13
0.80885,2.0144,5.0827,3.0801,2.7892,0.43757,1.795,0.39122,0.77235,0.015119,0.01445,0.69658,251.09
0.81538,1.995,5.0433,3.1408,2.7345,0.48576,1.7544,0.39613,0.77642,0.014714,0.01445,0.69549,252.1
0.8219,2.0446,5.0202,3.2036,2.7142,0.57275,1.7354,0.39241,0.78489,0.015212,0.01445,0.69539,253.88
0.78225,2.3493,5.161,3.7827,2.8889,0.63826,1.8768,0.38909,0.74554,0.015291,0.01445,0.69706,254.11
0.78173,2.3721,5.1678,3.8429,2.8911,0.65485,1.8836,0.38967,0.74371,0.015338,0.01445,0.69713,254.22
0.82244,2.0446,5.0238,3.2171,2.7142,0.57555,1.7361,0.39301,0.78454,0.015233,0.01445,0.69539,254.01
0.82298,2.0386,4.9789,3.238,2.6584,0.58159,1.6923,0.39408,0.7846,0.015669,0.01445,0.69475,254.16
0.78166,2.3722,5.0969,3.865,2.8009,0.65999,1.8108,0.39046,0.74301,0.015711,0.01445,0.69665,254.2
0.78158,2.3751,5.0828,3.8603,2.7838,0.65839,1.7971,0.38967,0.74318,0.015608,0.01445,0.69664,254.22
0.78151,2.3714,5.0254,3.8551,2.7117,0.65763,1.7373,0.38982,0.74322,0.015547,0.01445,0.69644,254.23
0.78143,2.3689,5.0032,3.8457,2.6841,0.65244,1.7152,0.38957,0.74319,0.015585,0.01445,0.69636,254.25
0.78136,2.3689,5.0032,3.8463,2.6844,0.653,1.7152,0.38961,0.74319,0.015585,0.01445,0.69636,254.28
0.78128,2.3689,5.0032,3.847,2.6847,0.65367,1.7152,0.38967,0.74317,0.015585,0.01445,0.69636,254.3
0.82306,2.0393,4.9707,3.2321,2.6481,0.57976,1.6839,0.39362,0.78474,0.015603,0.01445,0.69478,254.18
0.82314,2.0281,4.9422,3.2055,2.6119,0.56703,1.6547,0.39359,0.78478,0.015507,0.01445,0.69471,254.2
0.82321,2.0133,4.9267,3.1756,2.5938,0.5518,1.6399,0.39358,0.78493,0.01568,0.01445,0.69457,254.23
0.82329,2.0082,4.9252,3.164,2.5912,0.54689,1.6376,0.39366,0.785,0.015611,0.01445,0.6946,254.25
0.82337,1.9934,4.9191,3.1281,2.5831,0.52939,1.6312,0.3936,0.78507,0.015542,0.01445,0.69464,254.28
0.82345,1.9907,4.9184,3.1231,2.5824,0.52667,1.6309,0.39363,0.78512,0.015582,0.01445,0.69462,254.3
0.78127,2.3689,5.0042,3.8493,2.6851,0.65471,1.7152,0.38979,0.74311,0.015585,0.01445,0.69636,254.3
0.78126,2.3692,5.005,3.8505,2.6859,0.655,1.7154,0.38981,0.74306,0.015585,0.01445,0.69636,254.31
0.78126,2.3368,4.9969,3.7879,2.6751,0.61842,1.7081,0.39038,0.74275,0.015614,0.01445,0.69629,254.31
0.78125,2.3409,4.9942,3.7885,2.6728,0.61911,1.7063,0.38984,0.74286,0.015595,0.01445,0.6963,254.31
0.78124,2.3409,4.9943,3.7893,2.6729,0.61961,1.7064,0.38988,0.74286,0.015595,0.01445,0.69631,254.31
0.78123,2.3409,4.9944,3.7896,2.6729,0.61984,1.7064,0.3899,0.74285,0.015595,0.01445,0.69631,254.31
0.78123,2.3409,4.9946,3.7904,2.6729,0.6202,1.7064,0.38993,0.74284,0.015595,0.01445,0.69631,254.32
0.78122,2.3081,4.9895,3.724,2.666,0.58362,1.7008,0.39039,0.74269,0.01563,0.01445,0.69628,254.32
0.82346,1.8774,4.9201,2.865,2.5849,0.39295,1.6333,0.39366,0.78509,0.015541,0.01445,0.69476,254.29
0.82347,1.5673,4.9317,2.1724,2.6008,0.033763,1.647,0.39456,0.78499,0.015826,0.01445,0.69507,254.27
0.82347,1.5727,4.9349,2.1799,2.6045,0.037884,1.6503,0.39437,0.78498,0.015743,0.01445,0.69515,254.27
0.82348,1.5756,4.9354,2.1788,2.6047,0.037942,1.6507,0.39406,0.78498,0.015645,0.01445,0.69525,254.27
0.82349,1.5757,4.9355,2.179,2.6048,0.037942,1.6509,0.39406,0.78498,0.015645,0.01445,0.69525,254.27
0.8235,1.576,4.9357,2.179,2.6048,0.038352,1.651,0.39408,0.785,0.015624,0.01445,0.69528,254.27
0.82351,1.5763,4.9358,2.179,2.6048,0.038368,1.651,0.39406,0.785,0.015619,0.01445,0.69528,254.27
0.82351,1.5763,4.9358,2.179,2.6049,0.038366,1.6512,0.39405,0.78501,0.015618,0.01445,0.69528,254.28
0.82352,1.5765,4.9363,2.1779,2.6049,0.038015,1.6509,0.39394,0.78502,0.015601,0.01445,0.6953,254.28
0.82353,1.5767,4.9363,2.178,2.6053,0.038015,1.6515,0.39394,0.78502,0.015601,0.01445,0.6953,254.28
0.82354,1.5755,4.9342,2.1731,2.6028,0.035762,1.6495,0.39386,0.78504,0.015591,0.01445,0.69532,254.28
0.82355,1.5446,4.9344,2.1045,2.603,9.8559e-05,1.6499,0.39398,0.78501,0.015587,0.01445,0.69535,254.28
0.82355,1.545,4.9343,2.1046,2.603,0.00012448,1.6499,0.39393,0.78501,0.015597,0.01445,0.69535,254.29
0.82356,1.5449,4.9343,2.1044,2.603,6.2961e-06,1.6499,0.39393,0.78502,0.015596,0.01445,0.69535,254.29
0.82357,1.5449,4.9343,2.1044,2.603,6.8411e-06,1.6499,0.39393,0.78502,0.015596,0.01445,0.69535,254.29
0.82358,1.5449,4.9343,2.1044,2.603,7.5774e-06,1.6499,0.39393,0.78503,0.015596,0.01445,0.69535,254.3
0.82359,1.5449,4.9343,2.1044,2.603,8.8043e-06,1.6499,0.39393,0.78503,0.015596,0.01445,0.69535,254.3
0.82359,1.5449,4.9343,2.1044,2.603,1.0397e-05,1.6499,0.39393,0.78504,0.015596,0.01445,0.69535,254.3
0.8236,1.5449,4.9343,2.1044,2.603,1.2681e-05,1.6499,0.39393,0.78504,0.015596,0.01445,0.69535,254.3
0.82361,1.5449,4.9343,2.1044,2.603,1.6026e-05,1.6499,0.39393,0.78505,0.015596,0.01445,0.69535,254.31
0.82362,1.5449,4.9343,2.1044,2.603,2.2712e-05,1.6499,0.39393,0.78505,0.015596,0.01445,0.69535,254.31
0.82363,1.5449,4.9344,2.1044,2.6031,0.00052924,1.6501,0.39393,0.78509,0.015597,0.01445,0.69535,254.31
0.82363,1.5449,4.9342,2.1045,2.6028,0.0005809,1.6499,0.39393,0.7851,0.015605,0.01445,0.69535,254.31
0.82364,1.5446,4.9329,2.1027,2.601,5.3541e-05,1.6484,0.3939,0.78512,0.015611,0.01445,0.69537,254.32
0.78121,2.3078,4.9884,3.7187,2.665,0.58153,1.6998,0.39008,0.74279,0.015612,0.01445,0.69629,254.32
0.7812,2.1915,4.9747,3.4631,2.6477,0.44444,1.6866,0.39049,0.74273,0.015575,0.01445,0.69632,254.32
0.82365,1.5444,4.933,2.1026,2.6011,7.4451e-05,1.6485,0.39392,0.78513,0.015609,0.01445,0.69537,254.32
