0.89148,2.1542,5.0111,3.359,2.69,0.57996,1.6787,0.39131,0.76477,0.014391,0.01445,0.69713,251.26
0.88418,2.1938,4.853,3.3523,2.473,0.62412,1.4751,0.39081,0.76305,0.015313,0.01445,0.69885,253.02
0.9061,2.0862,5.1009,3.3958,2.8238,0.4982,1.8523,0.3948,0.76545,0.015351,0.01445,0.69403,251.22
0.9134,2.1426,5.1231,3.5483,2.8524,0.56456,1.9118,0.39481,0.76968,0.014943,0.01445,0.69358,252.88
0.88249,2.2228,4.8636,3.3839,2.4882,0.63254,1.4834,0.38864,0.76129,0.014973,0.01445,0.69906,253.56
0.8808,2.2403,4.8408,3.3947,2.4564,0.64672,1.4509,0.38806,0.76054,0.015488,0.01445,0.69951,254.17
0.91515,2.1848,5.1705,3.6805,2.9172,0.59388,1.9741,0.39536,0.76687,0.01514,0.01445,0.69304,253.3
0.91689,2.2168,5.202,3.7807,2.9613,0.63,2.016,0.3958,0.76674,0.015265,0.01445,0.69261,253.86
0.91749,2.24,5.2114,3.846,2.9765,0.65295,2.0299,0.39567,0.76626,0.015348,0.01445,0.6923,254.04
0.91809,2.2703,5.2186,3.9327,2.9889,0.69418,2.0396,0.39598,0.76651,0.015424,0.01445,0.69197,254.24
0.88072,2.2373,4.8377,3.3799,2.4527,0.6377,1.449,0.38746,0.76052,0.015423,0.01445,0.69955,254.2
0.88063,2.122,4.7716,3.1169,2.3661,0.49907,1.381,0.38783,0.76046,0.015477,0.01445,0.69976,254.17
0.88055,2.1024,4.7762,3.0712,2.3728,0.47214,1.3873,0.3877,0.76023,0.015392,0.01445,0.69979,254.19
0.88047,2.0739,4.7736,3.0062,2.3693,0.43749,1.3841,0.3877,0.76016,0.015475,0.01445,0.69985,254.21
0.88038,1.9867,4.77,2.8068,2.3649,0.33446,1.3807,0.38772,0.76053,0.015576,0.01445,0.70005,254.22
0.8803,1.9719,4.7764,2.7796,2.3723,0.31578,1.3868,0.38803,0.76002,0.015472,0.01445,0.70004,254.24
0.88021,1.9261,4.7847,2.6635,2.3857,0.25063,1.4006,0.38754,0.75975,0.015376,0.01445,0.70025,254.26
0.88013,1.9183,4.7838,2.6495,2.3823,0.24526,1.3966,0.38777,0.75985,0.015443,0.01445,0.70029,254.29
0.88005,1.8866,4.7825,2.5824,2.3792,0.20989,1.393,0.38801,0.75982,0.015504,0.01445,0.70033,254.31
0.91818,2.7225,5.1476,4.9715,2.9036,1.224,1.9631,0.39523,0.76574,0.015544,0.01445,0.69099,254.1
0.91826,2.9751,5.145,5.5354,2.8989,1.5165,1.9576,0.39481,0.76554,0.015515,0.01445,0.69093,254.05
0.91835,3.1053,5.142,5.8294,2.8949,1.6694,1.9531,0.39469,0.7655,0.015513,0.01445,0.69084,254.04
0.91844,3.3597,5.136,6.399,2.8861,1.9652,1.9437,0.39427,0.76532,0.015505,0.01445,0.69073,254
0.91853,3.8385,5.1173,7.4673,2.8605,2.5223,1.9184,0.39346,0.76498,0.015482,0.01445,0.69052,253.91
0.91861,3.9368,5.1167,7.6878,2.8595,2.6373,1.9167,0.39341,0.76496,0.015487,0.01445,0.69047,253.92
0.9187,4.1764,5.1124,8.2233,2.8529,2.9173,1.9089,0.39313,0.7648,0.015485,0.01445,0.69037,253.9
0.91879,4.2708,5.1095,8.4325,2.8488,3.0251,1.9054,0.39286,0.76469,0.015487,0.01445,0.69034,253.91
0.91888,4.416,5.1047,8.756,2.8421,3.1947,1.8987,0.39265,0.76464,0.015485,0.01445,0.69028,253.91
0.91896,4.4383,5.1055,8.807,2.8432,3.2204,1.8997,0.39266,0.76459,0.01549,0.01445,0.69026,253.93
0.91905,4.7323,5.0934,9.4607,2.8267,3.5637,1.8833,0.39223,0.76451,0.015491,0.01445,0.69014,253.91
0.91914,4.7423,5.0939,9.4847,2.8278,3.5749,1.8845,0.39228,0.76441,0.015496,0.01445,0.69011,253.94
0.91922,4.7574,5.0942,9.52,2.8281,3.5921,1.8848,0.39223,0.76441,0.015503,0.01445,0.69009,253.97
0.91931,4.7738,5.0951,9.5579,2.8292,3.6111,1.886,0.39227,0.76438,0.015508,0.01445,0.69007,253.99
0.9194,4.7977,5.0958,9.6116,2.8301,3.6383,1.8868,0.39222,0.76435,0.015515,0.01445,0.69006,254.02
0.91949,4.8167,5.0963,9.6546,2.8308,3.6602,1.8876,0.39218,0.76439,0.015521,0.01445,0.69004,254.04
0.91957,4.836,5.0975,9.6988,2.8325,3.6827,1.8891,0.39225,0.76437,0.015528,0.01445,0.69003,254.07
0.91966,4.9374,5.0992,9.9243,2.8345,3.7994,1.8899,0.39197,0.76426,0.015543,0.01445,0.68999,254.08
0.91975,4.9486,5.0985,9.9513,2.8337,3.8126,1.8896,0.39203,0.76425,0.015548,0.01445,0.68997,254.11
0.91983,4.9761,5.0984,10.013,2.8335,3.8444,1.8894,0.39199,0.76425,0.015556,0.01445,0.68995,254.13
0.91992,4.9936,5.0985,10.053,2.8337,3.8649,1.8897,0.39201,0.76427,0.015563,0.01445,0.68993,254.16
0.92001,5.0001,5.0989,10.069,2.8342,3.8722,1.8905,0.39204,0.76427,0.015566,0.01445,0.68992,254.19
0.9201,5.0016,5.0989,10.074,2.8342,3.8734,1.8909,0.39208,0.76421,0.015568,0.01445,0.68991,254.21
0.92018,5.1567,5.1014,10.415,2.8368,4.0545,1.8915,0.39184,0.76435,0.015586,0.01445,0.6899,254.22
0.92027,5.1728,5.1013,10.454,2.8368,4.0719,1.8918,0.39184,0.76413,0.015593,0.01445,0.68987,254.25
0.92036,5.1953,5.1009,10.505,2.8363,4.0981,1.8915,0.39179,0.76418,0.015601,0.01445,0.68985,254.27
0.92045,5.3111,5.096,10.762,2.8296,4.232,1.8853,0.39158,0.76408,0.015611,0.01445,0.68979,254.29
0.92053,5.3554,5.0932,10.862,2.8263,4.2831,1.8826,0.39151,0.76401,0.01562,0.01445,0.68974,254.31
0.88003,1.721,4.7906,2.2235,2.39,0.014241,1.4031,0.38893,0.75947,0.015461,0.01445,0.70052,254.27
0.88001,1.715,4.7935,2.1992,2.3944,0.0010914,1.4073,0.38825,0.75955,0.015441,0.01445,0.70059,254.28
0.87999,1.7141,4.7935,2.1973,2.3944,0.00023391,1.4072,0.38827,0.75954,0.015444,0.01445,0.7006,254.29
0.87997,1.7139,4.7935,2.1969,2.3945,0.00016518,1.4072,0.38829,0.75954,0.015444,0.01445,0.7006,254.29
0.87995,1.7138,4.7935,2.1966,2.3948,0.00020386,1.4072,0.3883,0.75954,0.015445,0.01445,0.7006,254.3
0.87993,1.7138,4.7935,2.1966,2.3949,0.00027983,1.4072,0.3883,0.75954,0.015445,0.01445,0.7006,254.31
0.87991,1.7135,4.7934,2.1961,2.3949,3.5427e-05,1.4072,0.3883,0.75954,0.015445,0.01445,0.7006,254.32
0.92055,5.3827,5.0934,10.923,2.8265,4.3165,1.8821,0.39156,0.76413,0.015624,0.01445,0.68974,254.31
0.92057,5.4551,5.0891,11.084,2.8209,4.3998,1.8769,0.39142,0.76397,0.015632,0.01445,0.68969,254.31
0.92059,5.4852,5.0892,11.151,2.821,4.4347,1.8767,0.39134,0.76395,0.015635,0.01445,0.68968,254.31
0.92062,5.5695,5.0855,11.337,2.8158,4.533,1.8717,0.39125,0.76392,0.015636,0.01445,0.68966,254.31
0.92064,5.6683,5.0797,11.556,2.8079,4.6478,1.8644,0.39107,0.76383,0.015636,0.01445,0.68962,254.31
0.92066,5.7331,5.0756,11.699,2.8028,4.7235,1.8598,0.39102,0.76379,0.015638,0.01445,0.68959,254.31
0.92068,5.7591,5.0746,11.758,2.8014,4.7535,1.8581,0.39094,0.76373,0.015641,0.01445,0.68957,254.31
0.9207,5.7869,5.0742,11.82,2.801,4.7866,1.8574,0.39097,0.76375,0.015643,0.01445,0.68955,254.32
