0.39982,2.0334,4.9346,3.165,2.5995,0.41845,1.6461,0.39217,0.76395,0.01445,0.01445,0.69548,250.53
0.3995,2.0335,4.9352,3.1658,2.6,0.41882,1.6464,0.39216,0.76397,0.01445,0.01445,0.69548,250.53
0.39917,2.0425,4.9461,3.1811,2.6152,0.42605,1.6583,0.39163,0.76407,0.014451,0.01445,0.69549,250.53
0.39885,2.0508,4.9527,3.1926,2.6235,0.43165,1.6656,0.3912,0.76403,0.014452,0.01445,0.69554,250.53
0.39852,2.0512,4.9539,3.1942,2.6244,0.43229,1.6664,0.39115,0.76403,0.014452,0.01445,0.69554,250.54
0.3982,2.0599,4.9599,3.2081,2.6326,0.43933,1.6732,0.39074,0.76408,0.014453,0.01445,0.69557,250.55
0.39787,2.0666,4.9634,3.2183,2.6372,0.4446,1.6769,0.39039,0.76411,0.014454,0.01445,0.6956,250.55
0.39755,2.0755,4.9669,3.2313,2.6419,0.45114,1.681,0.38999,0.76411,0.014456,0.01445,0.69566,250.56
0.39722,2.077,4.9681,3.2342,2.6429,0.45273,1.6818,0.38991,0.76411,0.014456,0.01445,0.69566,250.58
0.3969,2.0788,4.9695,3.2376,2.6442,0.45426,1.6831,0.38979,0.76414,0.014456,0.01445,0.69566,250.59
0.39657,2.0933,4.9759,3.2596,2.6533,0.46542,1.6906,0.38914,0.76416,0.01446,0.01445,0.69572,250.6
0.39625,2.0982,4.9782,3.2682,2.6561,0.4699,1.693,0.38891,0.76419,0.014462,0.01445,0.69574,250.61
0.39592,2.105,4.9803,3.2791,2.6591,0.47544,1.6955,0.3886,0.76419,0.014464,0.01445,0.69577,250.63
0.3956,2.1062,4.9812,3.2819,2.6595,0.4769,1.696,0.38854,0.76422,0.014464,0.01445,0.69577,250.65
0.39527,2.119,4.985,3.301,2.6652,0.48648,1.7007,0.38792,0.76426,0.01447,0.01445,0.69583,250.66
0.39495,2.1273,4.9875,3.3142,2.6682,0.49314,1.7034,0.38757,0.76421,0.014475,0.01445,0.69588,250.68
0.39462,2.1291,4.989,3.3179,2.6695,0.49564,1.7045,0.3875,0.76431,0.014475,0.01445,0.69588,250.71
0.3943,2.1431,4.9934,3.3404,2.6755,0.50761,1.7095,0.38695,0.76438,0.014483,0.01445,0.69594,250.72
0.39397,2.1544,4.9952,3.3581,2.6778,0.51618,1.7118,0.38654,0.76428,0.014492,0.01445,0.696,250.75
0.39365,2.155,4.9957,3.3603,2.6779,0.51733,1.712,0.3865,0.76429,0.014493,0.01445,0.696,250.77
0.39332,2.157,4.9967,3.3641,2.6787,0.51941,1.7126,0.38641,0.76433,0.014494,0.01445,0.696,250.81
0.393,2.1651,5.0001,3.3774,2.6836,0.5265,1.7165,0.38598,0.76442,0.014498,0.01445,0.69602,250.83
0.39267,2.1786,5.0031,3.3979,2.6881,0.53624,1.7205,0.38539,0.76437,0.014509,0.01445,0.69607,250.85
0.39235,2.1876,5.0045,3.4116,2.6898,0.54314,1.7223,0.38498,0.76434,0.014522,0.01445,0.69613,250.88
0.39202,2.189,5.0051,3.4142,2.69,0.54443,1.7225,0.3849,0.76433,0.014524,0.01445,0.69613,250.91
0.3917,2.1967,5.0066,3.4257,2.6922,0.55082,1.7245,0.38448,0.76443,0.014533,0.01445,0.69616,250.94
0.38846,2.2404,5.0308,3.4989,2.7245,0.58883,1.7502,0.38204,0.76509,0.014557,0.01445,0.69621,251.36
0.38523,2.3018,5.0617,3.6023,2.7651,0.63904,1.7833,0.37904,0.76526,0.014609,0.01445,0.69634,251.88
0.38199,2.3615,5.0859,3.7023,2.7962,0.6887,1.8101,0.37614,0.76548,0.01468,0.01445,0.6965,252.53
0.37875,2.4454,5.1188,3.8443,2.8402,0.76216,1.8466,0.37277,0.766,0.014804,0.01445,0.69677,253.26
0.37551,2.5213,5.1402,3.9741,2.8673,0.82575,1.871,0.36951,0.76593,0.014961,0.01445,0.69703,254.08
0.40312,2.0062,5.0955,3.1555,2.808,0.40278,1.8189,0.39561,0.76332,0.014324,0.01445,0.69559,250.65
0.40643,2.0216,5.078,3.2166,2.7792,0.45063,1.7887,0.39816,0.7642,0.014673,0.01445,0.69565,250.82
0.40973,2.019,5.0414,3.253,2.7309,0.46902,1.7489,0.40129,0.76351,0.014263,0.01445,0.69534,251.16
0.41304,2.0148,5.0047,3.2949,2.6853,0.4934,1.7093,0.40439,0.76358,0.014848,0.01445,0.69484,251.57
0.41634,2.0066,4.9804,3.3202,2.6537,0.50625,1.6838,0.40764,0.763,0.014505,0.01445,0.69456,252.18
0.41965,2.0038,4.9649,3.3648,2.6344,0.53667,1.6637,0.41076,0.76363,0.015208,0.01445,0.69412,252.82
0.42295,1.9968,4.9637,3.3968,2.6324,0.54963,1.6615,0.41397,0.76277,0.015114,0.01445,0.69383,253.62
0.42544,1.988,4.9338,3.4212,2.5958,0.56629,1.6286,0.41652,0.76309,0.015695,0.01445,0.69336,254.25
0.37529,2.567,5.1438,4.0554,2.8713,0.86674,1.8755,0.36851,0.7656,0.015123,0.01445,0.69723,254.08
0.37507,2.5885,5.1453,4.0953,2.8723,0.8888,1.877,0.36807,0.76556,0.015241,0.01445,0.69737,254.12
0.37485,2.5981,5.0983,4.1145,2.8117,0.8978,1.8288,0.36772,0.76548,0.01583,0.01445,0.69722,254.14
0.37463,2.6123,5.0988,4.1373,2.8125,0.91078,1.8291,0.36732,0.76551,0.015781,0.01445,0.6973,254.19
0.37441,2.6132,5.0992,4.14,2.8125,0.91204,1.8291,0.36727,0.76551,0.015777,0.01445,0.69731,254.25
0.37419,2.6147,5.0998,4.1431,2.8125,0.91351,1.8293,0.3672,0.76552,0.015773,0.01445,0.69731,254.32
0.42569,1.9839,4.9311,3.4143,2.5928,0.559,1.627,0.41676,0.76255,0.015675,0.01445,0.69333,254.32
0.37417,2.6268,5.1,4.1628,2.8132,0.92476,1.83,0.36685,0.76561,0.015751,0.01445,0.69737,254.32
0.37414,2.6282,5.0834,4.1651,2.791,0.92561,1.8124,0.36686,0.76545,0.015715,0.01445,0.69736,254.32
0.37412,2.6218,5.036,4.1472,2.7301,0.91943,1.7631,0.36689,0.76555,0.015676,0.01445,0.6973,254.32
0.42572,1.9647,4.9008,3.3752,2.554,0.54075,1.5949,0.41684,0.76282,0.015753,0.01445,0.69322,254.32
0.37412,2.6229,5.036,4.1491,2.7306,0.91999,1.7634,0.3668,0.76554,0.015679,0.01445,0.69729,254.32
0.37412,2.6157,5.0304,4.1327,2.7234,0.91155,1.7577,0.36679,0.76554,0.015709,0.01445,0.69728,254.31
0.37411,2.6052,5.0119,4.1078,2.7011,0.89908,1.7392,0.3668,0.76551,0.015674,0.01445,0.69724,254.31
0.37411,2.6052,5.0121,4.1078,2.7011,0.89932,1.7394,0.3668,0.76554,0.015674,0.01445,0.69724,254.31
0.37411,2.6053,5.0124,4.1083,2.7011,0.89938,1.7396,0.3668,0.76554,0.015674,0.01445,0.69724,254.32
0.37411,2.5951,5.0105,4.0851,2.6989,0.8875,1.7378,0.36681,0.76557,0.015713,0.01445,0.69723,254.32
0.37411,2.5951,5.0105,4.0853,2.6989,0.88753,1.7378,0.36681,0.76557,0.015713,0.01445,0.69723,254.32
0.3741,2.5866,5.0086,4.0666,2.6959,0.87743,1.7355,0.3668,0.76553,0.015711,0.01445,0.69724,254.32
0.3741,2.5868,5.0086,4.0666,2.6963,0.87768,1.7356,0.3668,0.76553,0.01571,0.01445,0.69724,254.32
0.3741,2.5868,5.0086,4.0667,2.6963,0.87768,1.7357,0.3668,0.76553,0.01571,0.01445,0.69724,254.32
0.3741,2.5869,5.0086,4.0667,2.6964,0.87769,1.7357,0.3668,0.76553,0.01571,0.01445,0.69724,254.32
0.3741,2.5758,5.0038,4.0402,2.6908,0.86393,1.7313,0.36681,0.76549,0.015678,0.01445,0.69724,254.32
0.37409,2.572,5.0036,4.0323,2.6903,0.86012,1.731,0.36682,0.76556,0.015712,0.01445,0.69724,254.32
0.37409,2.572,5.0036,4.0324,2.6903,0.86016,1.731,0.36682,0.76556,0.015712,0.01445,0.69724,254.32
0.42572,1.9609,4.8999,3.3663,2.5531,0.53402,1.5946,0.41684,0.76256,0.015723,0.01445,0.69321,254.32
0.42572,1.8458,4.8606,3.1139,2.5026,0.40276,1.554,0.41697,0.7629,0.015639,0.01445,0.69315,254.3
0.42573,1.8469,4.8694,3.1167,2.5145,0.40276,1.5635,0.41692,0.76281,0.015654,0.01445,0.69314,254.3
0.42573,1.8287,4.8752,3.0789,2.5228,0.37994,1.5703,0.41699,0.76258,0.01574,0.01445,0.69312,254.3
0.42573,1.7529,4.8861,2.9068,2.5354,0.29111,1.5813,0.41697,0.76293,0.015617,0.01445,0.69331,254.29
0.42573,1.753,4.8867,2.9071,2.5361,0.29111,1.5818,0.41697,0.76291,0.015621,0.01445,0.69331,254.29
0.42574,1.753,4.8876,2.9077,2.5368,0.29122,1.5825,0.41698,0.76289,0.015634,0.01445,0.69331,254.29
0.42574,1.753,4.8877,2.9079,2.5373,0.29127,1.5826,0.41698,0.76289,0.015634,0.01445,0.69331,254.29
0.42574,1.7358,4.8864,2.8721,2.5362,0.271,1.5819,0.41703,0.76282,0.015704,0.01445,0.69326,254.29
0.42574,1.7259,4.8897,2.8497,2.5404,0.25559,1.5864,0.41704,0.76246,0.015659,0.01445,0.69329,254.29
0.42575,1.7259,4.8897,2.8497,2.5404,0.25607,1.5865,0.41704,0.76252,0.015659,0.01445,0.69329,254.29
0.42575,1.7259,4.8898,2.8497,2.5404,0.25624,1.5865,0.41704,0.76253,0.015659,0.01445,0.69329,254.29
0.42575,1.7128,4.8885,2.8227,2.5388,0.24426,1.5841,0.41714,0.76278,0.015703,0.01445,0.69328,254.29
0.42575,1.7026,4.8895,2.7992,2.5402,0.231,1.5855,0.4171,0.7627,0.01568,0.01445,0.6933,254.29
0.42576,1.6878,4.8842,2.7671,2.5333,0.21402,1.58,0.41712,0.76272,0.015708,0.01445,0.69328,254.28
0.42576,1.6465,4.8917,2.6718,2.5425,0.16427,1.5879,0.41708,0.76283,0.015624,0.01445,0.69341,254.28
0.42576,1.6464,4.8919,2.6717,2.5432,0.16423,1.5881,0.41709,0.7628,0.015637,0.01445,0.6934,254.28
0.42576,1.6465,4.8923,2.6723,2.5433,0.16423,1.5885,0.41709,0.7628,0.015639,0.01445,0.6934,254.28
0.42576,1.6465,4.8923,2.6723,2.5435,0.16423,1.5885,0.41709,0.7628,0.015639,0.01445,0.6934,254.28
0.42577,1.6329,4.8891,2.6448,2.5395,0.14685,1.5856,0.41713,0.76256,0.015676,0.01445,0.69334,254.28
0.42577,1.6329,4.8891,2.6448,2.5395,0.14718,1.5858,0.41713,0.7626,0.015676,0.01445,0.69334,254.28
0.42577,1.6062,4.8872,2.5867,2.5377,0.11526,1.5854,0.41727,0.76254,0.015687,0.01445,0.69334,254.28
0.42577,1.6062,4.8872,2.5867,2.5378,0.11585,1.5854,0.41727,0.7626,0.015687,0.01445,0.69334,254.28
0.42578,1.6062,4.8872,2.5868,2.538,0.11629,1.5854,0.41727,0.76263,0.015687,0.01445,0.69334,254.28
0.42578,1.5063,4.8924,2.3657,2.5441,0.00047083,1.5898,0.41728,0.76292,0.015749,0.01445,0.69344,254.26
0.42578,1.5091,4.8943,2.3703,2.546,0.00088907,1.592,0.41728,0.76267,0.015693,0.01445,0.69346,254.26
0.42578,1.5091,4.8943,2.3705,2.5462,0.0011341,1.5922,0.41728,0.76269,0.015693,0.01445,0.69347,254.26
0.42579,1.5082,4.8943,2.3685,2.5464,0.00028849,1.5923,0.41728,0.76271,0.015692,0.01445,0.69347,254.26
0.42579,1.5079,4.8943,2.368,2.5464,3.5894e-05,1.5923,0.41728,0.76272,0.015692,0.01445,0.69347,254.27
0.42579,1.5079,4.8944,2.368,2.5465,6.0382e-05,1.5923,0.41727,0.76272,0.015692,0.01445,0.69347,254.27
0.42579,1.5079,4.8944,2.368,2.5465,7.1979e-05,1.5924,0.41727,0.76272,0.015692,0.01445,0.69347,254.27
0.42579,1.5079,4.8945,2.368,2.5465,7.1979e-05,1.5924,0.41727,0.76272,0.015692,0.01445,0.69347,254.27
0.4258,1.5079,4.8945,2.368,2.5466,9.1885e-05,1.5924,0.41727,0.76272,0.015692,0.01445,0.69347,254.27
0.4258,1.5077,4.8944,2.3674,2.5464,0.00013851,1.5923,0.41727,0.76277,0.015693,0.01445,0.69347,254.27
0.4258,1.5077,4.8944,2.3674,2.5465,0.00013848,1.5923,0.41726,0.76276,0.015692,0.01445,0.69347,254.27
0.4258,1.5073,4.8942,2.3662,2.5461,0.00013677,1.5918,0.41727,0.76283,0.01569,0.01445,0.69348,254.27
0.42581,1.5073,4.8943,2.3662,2.5462,0.00013677,1.592,0.41727,0.76282,0.01569,0.01445,0.69348,254.27
0.42581,1.5076,4.8941,2.3669,2.546,0.00013625,1.5918,0.41727,0.76277,0.015686,0.01445,0.69348,254.27
0.42581,1.5075,4.894,2.3667,2.5458,0.0001359,1.5916,0.41727,0.76279,0.015687,0.01445,0.69348,254.27
0.42581,1.5073,4.8937,2.3664,2.5453,0.0001344,1.5912,0.41727,0.7628,0.015688,0.01445,0.69348,254.27
0.42582,1.5071,4.8922,2.3662,2.5434,9.8191e-05,1.5895,0.41728,0.76279,0.015687,0.01445,0.69347,254.27
0.42582,1.5071,4.8922,2.3662,2.5434,9.8191e-05,1.5895,0.41728,0.76279,0.015687,0.01445,0.69347,254.27
0.42582,1.5071,4.8922,2.3662,2.5434,9.8191e-05,1.5895,0.41728,0.76279,0.015687,0.01445,0.69347,254.27
0.42582,1.5071,4.8922,2.3662,2.5434,9.8191e-05,1.5895,0.41728,0.76279,0.015687,0.01445,0.69347,254.28
0.42583,1.507,4.8923,2.3659,2.5434,9.7951e-05,1.5895,0.41728,0.76282,0.015691,0.01445,0.69347,254.28
0.42583,1.507,4.8923,2.366,2.5435,9.7776e-05,1.5896,0.41729,0.76281,0.01569,0.01445,0.69347,254.28
0.42583,1.5071,4.8924,2.3662,2.5436,9.6506e-05,1.5897,0.41729,0.76279,0.01569,0.01445,0.69347,254.28
0.42583,1.507,4.8923,2.366,2.5436,9.5135e-05,1.5896,0.41729,0.76281,0.015691,0.01445,0.69347,254.28
0.42583,1.5071,4.8924,2.3663,2.5437,9.3788e-05,1.5898,0.41729,0.76279,0.01569,0.01445,0.69347,254.28
0.42584,1.507,4.8924,2.3662,2.5437,9.3569e-05,1.5898,0.4173,0.7628,0.015691,0.01445,0.69347,254.28
0.42584,1.507,4.8923,2.3661,2.5436,9.2292e-05,1.5897,0.4173,0.76281,0.015692,0.01445,0.69347,254.28
0.42584,1.507,4.8924,2.3663,2.5437,9.1021e-05,1.5898,0.4173,0.76279,0.015691,0.01445,0.69347,254.28
0.42584,1.5069,4.8923,2.366,2.5436,8.9909e-05,1.5897,0.4173,0.76281,0.015692,0.01445,0.69347,254.28
0.42585,1.507,4.8925,2.3662,2.5438,8.9003e-05,1.5898,0.41731,0.7628,0.015692,0.01445,0.69347,254.28
0.42585,1.5069,4.8924,2.3661,2.5436,8.2705e-05,1.5897,0.41731,0.7628,0.015693,0.01445,0.69347,254.28
0.42585,1.5069,4.8924,2.3661,2.5437,8.1477e-05,1.5897,0.41731,0.7628,0.015693,0.01445,0.69347,254.28
0.42585,1.5068,4.8924,2.3661,2.5436,8.0268e-05,1.5897,0.41731,0.7628,0.015693,0.01445,0.69347,254.28
0.42586,1.5069,4.8924,2.3661,2.5437,7.9076e-05,1.5897,0.41732,0.7628,0.015693,0.01445,0.69347,254.28
0.42586,1.5068,4.8924,2.3661,2.5436,7.7901e-05,1.5897,0.41732,0.7628,0.015693,0.01445,0.69347,254.28
0.42586,1.5068,4.8924,2.3661,2.5437,7.6745e-05,1.5897,0.41732,0.7628,0.015693,0.01445,0.69347,254.29
0.42586,1.5068,4.8924,2.3661,2.5436,7.5605e-05,1.5897,0.41732,0.7628,0.015694,0.01445,0.69347,254.29
0.42586,1.5068,4.8924,2.3661,2.5436,7.0987e-05,1.5897,0.41733,0.7628,0.015694,0.01445,0.69347,254.29
0.42587,1.5068,4.8924,2.3662,2.5437,6.9933e-05,1.5897,0.41733,0.7628,0.015694,0.01445,0.69347,254.29
0.42587,1.5067,4.8924,2.366,2.5436,6.8924e-05,1.5897,0.41733,0.7628,0.015695,0.01445,0.69347,254.29
0.42587,1.5067,4.8924,2.3661,2.5437,6.7901e-05,1.5897,0.41733,0.7628,0.015694,0.01445,0.69347,254.29
0.42587,1.5067,4.8923,2.366,2.5436,6.6921e-05,1.5897,0.41733,0.7628,0.015695,0.01445,0.69347,254.29
0.42588,1.5067,4.8924,2.3662,2.5436,6.5928e-05,1.5897,0.41734,0.76279,0.015695,0.01445,0.69347,254.29
0.42588,1.5066,4.8923,2.366,2.5436,6.4998e-05,1.5896,0.41734,0.7628,0.015695,0.01445,0.69347,254.29
0.42588,1.5067,4.8924,2.3662,2.5436,6.414e-05,1.5897,0.41734,0.76279,0.015695,0.01445,0.69347,254.29
0.42588,1.5066,4.8923,2.366,2.5435,6.3398e-05,1.5896,0.41734,0.76281,0.015696,0.01445,0.69347,254.29
0.42589,1.5067,4.8923,2.3663,2.5436,6.3066e-05,1.5897,0.41735,0.76279,0.015695,0.01445,0.69347,254.29
0.42589,1.5067,4.8923,2.3662,2.5436,6.2928e-05,1.5896,0.41735,0.76279,0.015696,0.01445,0.69347,254.29
0.42589,1.5066,4.8923,2.366,2.5435,6.1992e-05,1.5896,0.41735,0.7628,0.015696,0.01445,0.69347,254.29
0.42589,1.5066,4.8923,2.3661,2.5436,6.1072e-05,1.5896,0.41735,0.7628,0.015696,0.01445,0.69346,254.29
0.4259,1.5066,4.8923,2.366,2.5435,6.0165e-05,1.5896,0.41735,0.7628,0.015697,0.01445,0.69346,254.29
0.4259,1.5066,4.8923,2.3661,2.5435,5.9271e-05,1.5896,0.41736,0.7628,0.015697,0.01445,0.69346,254.3
0.4259,1.5065,4.8922,2.366,2.5435,5.8488e-05,1.5896,0.41736,0.7628,0.015697,0.01445,0.69346,254.3
0.4259,1.5065,4.8923,2.3662,2.5435,5.762e-05,1.5896,0.41736,0.76279,0.015697,0.01445,0.69346,254.3
0.4259,1.5065,4.8922,2.366,2.5435,5.6855e-05,1.5895,0.41736,0.7628,0.015698,0.01445,0.69346,254.3
0.42591,1.5065,4.8923,2.3662,2.5435,5.6091e-05,1.5896,0.41737,0.76279,0.015697,0.01445,0.69346,254.3
0.42591,1.5064,4.8922,2.3659,2.5434,5.5866e-05,1.5895,0.41737,0.76281,0.015699,0.01445,0.69346,254.3
0.42591,1.5065,4.8923,2.3662,2.5435,5.5294e-05,1.5896,0.41737,0.76279,0.015697,0.01445,0.69346,254.3
0.42591,1.5065,4.8923,2.3662,2.5435,5.5187e-05,1.5896,0.41737,0.76279,0.015698,0.01445,0.69346,254.3
0.42592,1.5064,4.8922,2.366,2.5434,5.4592e-05,1.5895,0.41737,0.7628,0.015699,0.01445,0.69346,254.3
0.42592,1.5065,4.8922,2.3662,2.5435,5.3942e-05,1.5896,0.41738,0.76279,0.015698,0.01445,0.69346,254.3
0.42592,1.5063,4.8922,2.3659,2.5434,5.3729e-05,1.5895,0.41738,0.76281,0.0157,0.01445,0.69346,254.3
0.42592,1.5064,4.8922,2.3662,2.5435,5.3237e-05,1.5896,0.41738,0.76279,0.015699,0.01445,0.69346,254.3
0.42593,1.5063,4.8922,2.366,2.5434,5.2754e-05,1.5895,0.41738,0.7628,0.0157,0.01445,0.69346,254.3
0.42593,1.5064,4.8922,2.3662,2.5435,5.216e-05,1.5895,0.41739,0.76279,0.015699,0.01445,0.69346,254.3
0.42593,1.5062,4.8921,2.3659,2.5433,5.1738e-05,1.5894,0.41739,0.76281,0.015701,0.01445,0.69346,254.3
0.42593,1.5063,4.8921,2.3661,2.5434,5.1326e-05,1.5895,0.41739,0.76279,0.0157,0.01445,0.69346,254.3
0.42593,1.5062,4.8921,2.3661,2.5433,4.8085e-05,1.5894,0.41739,0.7628,0.015701,0.01445,0.69346,254.31
0.42594,1.5061,4.8921,2.3659,2.5431,3.6581e-05,1.5892,0.4174,0.7628,0.015702,0.01445,0.69346,254.31
0.42594,1.5061,4.8921,2.3659,2.5432,3.6581e-05,1.5892,0.4174,0.7628,0.015702,0.01445,0.69346,254.31
0.42594,1.5062,4.8921,2.366,2.5432,3.6169e-05,1.5892,0.41741,0.76279,0.015701,0.01445,0.69346,254.31
0.42595,1.5061,4.892,2.3659,2.5431,3.563e-05,1.5892,0.41741,0.7628,0.015702,0.01445,0.69346,254.31
0.42595,1.5061,4.8921,2.3661,2.5432,3.5264e-05,1.5893,0.41741,0.76279,0.015702,0.01445,0.69346,254.31
0.42596,1.506,4.8921,2.3659,2.5433,3.4939e-05,1.5893,0.41742,0.7628,0.015703,0.01445,0.69346,254.31
0.42596,1.5061,4.8921,2.3661,2.5433,3.4626e-05,1.5894,0.41742,0.76279,0.015703,0.01445,0.69346,254.31
0.42597,1.506,4.892,2.3659,2.5432,3.4355e-05,1.5893,0.41743,0.76281,0.015704,0.01445,0.69346,254.31
0.42597,1.5061,4.8921,2.3662,2.5433,3.3965e-05,1.5894,0.41743,0.76278,0.015703,0.01445,0.69346,254.32
0.42598,1.5059,4.892,2.3658,2.5432,3.3708e-05,1.5893,0.41743,0.76281,0.015705,0.01445,0.69346,254.32
0.42598,1.5061,4.8921,2.3664,2.5433,3.35e-05,1.5894,0.41744,0.76277,0.015703,0.01445,0.69346,254.32
0.42599,1.506,4.8921,2.3662,2.5433,3.3485e-05,1.5894,0.41744,0.76279,0.015704,0.01445,0.69346,254.32
