0.40179,2.0265,5.1159,3.0972,2.8373,0.36128,1.8452,0.38704,0.76348,0.014218,0.01445,0.69591,250.84
0.39596,2.1009,5.1628,3.2336,2.8914,0.43723,1.883,0.38277,0.76503,0.014331,0.01445,0.69595,251.71
0.39014,2.1988,5.2199,3.4037,2.9634,0.5284,1.9393,0.37755,0.76641,0.014474,0.01445,0.69602,253.11
0.41343,1.9796,5.1147,3.1533,2.8311,0.39958,1.8376,0.39939,0.76294,0.014305,0.01445,0.69533,250.91
0.41926,2.0162,5.1026,3.2598,2.811,0.48957,1.8125,0.40368,0.76512,0.014855,0.01445,0.69569,251.58
0.42508,2.0131,5.1001,3.3231,2.8056,0.51474,1.8102,0.40955,0.763,0.014655,0.01445,0.69547,252.78
0.4309,2.0239,5.062,3.4176,2.7578,0.57829,1.7665,0.41541,0.76348,0.015436,0.01445,0.69504,254.29
0.38785,2.2752,5.2408,3.5303,2.9931,0.57815,1.9666,0.37384,0.76547,0.014682,0.01445,0.69625,253.52
0.38555,2.3474,5.2556,3.6465,3.0124,0.63433,1.9844,0.37076,0.76518,0.014927,0.01445,0.69656,254.11
0.38532,2.2592,5.1386,3.3962,2.8601,0.51318,1.8648,0.36942,0.76495,0.015822,0.01445,0.69703,253.96
0.3851,2.2337,5.094,3.3307,2.8009,0.48457,1.818,0.36958,0.7651,0.015468,0.01445,0.69716,253.99
0.38487,2.2394,5.0949,3.3382,2.8028,0.48698,1.8192,0.36909,0.76503,0.015501,0.01445,0.69713,254.05
0.38464,2.2401,5.0948,3.3397,2.8028,0.48733,1.8194,0.36897,0.76503,0.015508,0.01445,0.69713,254.12
0.38442,2.2414,5.0955,3.3427,2.8031,0.48867,1.8196,0.36889,0.76505,0.015511,0.01445,0.69712,254.19
0.38419,2.2444,5.0961,3.3467,2.8041,0.49015,1.8202,0.36858,0.76505,0.015526,0.01445,0.69711,254.26
0.38415,2.247,5.0961,3.3488,2.8048,0.49103,1.8213,0.36841,0.76504,0.015543,0.01445,0.69712,254.27
0.38411,2.2442,5.0849,3.3401,2.7915,0.48716,1.8103,0.36827,0.7651,0.015627,0.01445,0.69709,254.27
0.38408,2.2199,5.0432,3.2817,2.7382,0.45927,1.7669,0.36823,0.76518,0.015708,0.01445,0.69704,254.27
0.38404,2.2047,5.0276,3.25,2.7191,0.43946,1.7521,0.36831,0.76485,0.015722,0.01445,0.69695,254.28
0.384,2.2047,5.0276,3.25,2.7191,0.43988,1.7522,0.36831,0.7649,0.015722,0.01445,0.69695,254.29
0.38396,2.1825,5.0228,3.1956,2.7125,0.41565,1.7462,0.36829,0.76522,0.015614,0.01445,0.69703,254.29
0.38393,2.1662,5.0056,3.1624,2.691,0.39478,1.7291,0.36832,0.76486,0.015798,0.01445,0.69692,254.3
0.38389,2.1478,5.0082,3.1131,2.6944,0.37359,1.7317,0.36825,0.7652,0.015602,0.01445,0.69706,254.3
0.38385,2.1442,5.0061,3.1067,2.6914,0.369,1.7296,0.36825,0.7651,0.015661,0.01445,0.69703,254.31
0.38381,1.8577,4.9649,2.4381,2.6426,0.024661,1.6933,0.36888,0.7647,0.015604,0.01445,0.69747,254.26
0.38378,1.8364,4.9976,2.394,2.6821,0.0037054,1.7233,0.36886,0.76504,0.015732,0.01445,0.69755,254.27
0.38374,1.8368,5,2.3947,2.6851,0.0037054,1.7259,0.36884,0.76499,0.015722,0.01445,0.69755,254.28
0.3837,1.838,5.0031,2.3966,2.6885,0.0037669,1.7289,0.36887,0.76484,0.015647,0.01445,0.69759,254.29
0.38366,1.838,5.0038,2.3971,2.689,0.003834,1.7296,0.36885,0.76484,0.015647,0.01445,0.69759,254.3
0.38363,1.838,5.0047,2.3973,2.6904,0.0038875,1.7305,0.36883,0.76484,0.015648,0.01445,0.69759,254.31
0.43094,2.0264,5.0469,3.4329,2.7391,0.57998,1.7516,0.41572,0.76267,0.015523,0.01445,0.69488,254.29
0.43098,2.0255,5.0267,3.4377,2.7139,0.58005,1.7313,0.41576,0.76253,0.01559,0.01445,0.69468,254.29
0.43103,2.0311,5.0122,3.4487,2.6966,0.59071,1.7157,0.41575,0.763,0.015657,0.01445,0.69462,254.3
0.43107,2.0333,5,3.4553,2.6816,0.59063,1.7039,0.41579,0.76254,0.01564,0.01445,0.69456,254.3
0.43111,2.0334,4.9888,3.4562,2.6673,0.59479,1.6919,0.41586,0.76293,0.015683,0.01445,0.69452,254.31
0.3836,1.838,5.0047,2.3973,2.6904,0.0038875,1.7305,0.36883,0.76484,0.015648,0.01445,0.69759,254.32
0.43114,2.0355,4.9797,3.4618,2.6557,0.59555,1.6829,0.41588,0.76264,0.015659,0.01445,0.69447,254.32
0.43114,2.0448,4.9394,3.4842,2.6042,0.61279,1.6401,0.41593,0.76318,0.01574,0.01445,0.6943,254.32
0.43115,2.0497,4.9394,3.4951,2.6042,0.61746,1.6403,0.41591,0.76302,0.015724,0.01445,0.6943,254.32
0.43115,2.064,4.9384,3.5262,2.6031,0.6329,1.6398,0.41589,0.76287,0.0157,0.01445,0.69429,254.32
0.43116,2.0642,4.9384,3.5267,2.6031,0.63312,1.6398,0.41589,0.76286,0.015699,0.01445,0.69429,254.32
0.43116,2.0714,4.9331,3.5421,2.5966,0.63967,1.635,0.41588,0.76265,0.015663,0.01445,0.69426,254.32
