0.80583,2.0713,5.1332,3.2261,2.8504,0.41093,1.8482,0.39206,0.75741,0.014028,0.01445,0.69653,251.08
0.79923,2.1756,4.9543,3.4328,2.6236,0.50065,1.6533,0.39111,0.75158,0.016233,0.01445,0.69627,252.52
0.79262,2.321,5.0331,3.725,2.7201,0.6162,1.7321,0.39038,0.7446,0.015991,0.01445,0.69693,254.29
0.81905,2.0086,5.0822,3.0753,2.7865,0.43871,1.7923,0.39149,0.77297,0.015229,0.01445,0.69654,251.18
0.82565,1.9902,5.0434,3.1521,2.7357,0.48638,1.7596,0.39669,0.77677,0.014808,0.01445,0.69519,252.3
0.83226,2.0333,5.033,3.2255,2.7279,0.56959,1.7527,0.39381,0.78475,0.015421,0.01445,0.69488,254.26
0.79254,2.3163,5.0162,3.6928,2.6969,0.59796,1.7175,0.38915,0.74458,0.015512,0.01445,0.69713,254.26
0.79247,2.3245,5.0174,3.7128,2.698,0.60235,1.7206,0.38914,0.74404,0.015525,0.01445,0.69712,254.28
0.79239,2.32,5.0097,3.7064,2.6882,0.59826,1.7124,0.38933,0.74391,0.015575,0.01445,0.69706,254.31
0.83234,2.0302,4.9914,3.25,2.6771,0.56976,1.7149,0.3947,0.78397,0.015773,0.01445,0.69426,254.27
0.83242,2.0286,4.9836,3.2415,2.6669,0.56609,1.7068,0.39441,0.78403,0.015653,0.01445,0.69428,254.29
0.8325,2.0191,4.9606,3.2174,2.6379,0.55436,1.6835,0.39427,0.78405,0.015495,0.01445,0.69424,254.31
0.79238,2.3019,4.9832,3.6593,2.6562,0.57315,1.6868,0.38893,0.74397,0.015558,0.01445,0.69699,254.31
0.79237,2.3019,4.9832,3.6604,2.6563,0.57405,1.687,0.389,0.74399,0.015558,0.01445,0.69699,254.31
0.79237,2.3019,4.9832,3.6611,2.6564,0.57452,1.687,0.38906,0.74399,0.015558,0.01445,0.69699,254.32
0.79236,2.2981,4.978,3.655,2.6493,0.57136,1.6811,0.38912,0.74401,0.015586,0.01445,0.69696,254.32
0.83251,1.9917,4.952,3.1617,2.6282,0.52483,1.6754,0.39441,0.7841,0.015666,0.01445,0.6941,254.31
0.83252,1.9662,4.9508,3.1001,2.6257,0.49404,1.6736,0.39443,0.78406,0.01551,0.01445,0.69423,254.31
0.83252,1.9549,4.9476,3.0738,2.6224,0.48072,1.6712,0.39435,0.78415,0.0156,0.01445,0.6942,254.31
0.83253,1.9329,4.9461,3.024,2.62,0.45562,1.6689,0.39444,0.78414,0.015526,0.01445,0.69425,254.31
0.83254,1.933,4.9464,3.0248,2.62,0.45562,1.6691,0.39444,0.78412,0.015529,0.01445,0.69425,254.32
0.83255,1.9096,4.9466,2.9715,2.6213,0.42782,1.6705,0.39444,0.78414,0.015579,0.01445,0.69425,254.32
0.83256,1.8288,4.9414,2.7788,2.6146,0.3298,1.6656,0.39418,0.7842,0.015536,0.01445,0.69444,254.31
0.83256,1.8288,4.9414,2.779,2.6147,0.32991,1.6656,0.39421,0.7842,0.015536,0.01445,0.69444,254.31
0.83257,1.8102,4.9442,2.7404,2.6179,0.30999,1.6685,0.39437,0.78422,0.015569,0.01445,0.69444,254.31
0.83258,1.8022,4.9458,2.7261,2.6204,0.30165,1.6703,0.39455,0.78416,0.015621,0.01445,0.69441,254.32
0.83259,1.7878,4.9478,2.6912,2.6222,0.28409,1.6719,0.39444,0.78419,0.015566,0.01445,0.69447,254.32
0.8326,1.5627,4.9567,2.184,2.6374,0.020026,1.685,0.39453,0.78421,0.01585,0.01445,0.69456,254.32
0.83261,1.5486,4.9583,2.1457,2.636,0.0029614,1.6837,0.39476,0.78413,0.015547,0.01445,0.69486,254.3
0.83261,1.5487,4.9583,2.1459,2.636,0.002966,1.6838,0.39476,0.78413,0.015547,0.01445,0.69486,254.31
0.83262,1.5505,4.9587,2.1475,2.6369,0.0033732,1.6851,0.39461,0.78412,0.015573,0.01445,0.69487,254.31
0.83263,1.5505,4.9574,2.1456,2.635,0.0027692,1.6835,0.3945,0.78415,0.015577,0.01445,0.69489,254.31
0.83264,1.5503,4.9574,2.145,2.6348,0.0026048,1.6833,0.39451,0.78416,0.015572,0.01445,0.69489,254.31
0.83265,1.5499,4.9572,2.1441,2.6347,0.0022576,1.6833,0.39451,0.78418,0.015578,0.01445,0.69489,254.32
0.83265,1.548,4.9566,2.1396,2.6336,0.00012654,1.6821,0.39449,0.78419,0.015586,0.01445,0.6949,254.32
