0.43547,2.027,5.0891,3.2265,2.8059,0.39513,1.8125,0.38858,0.7625,0.014425,0.01445,0.69366,251.08
0.42916,2.0574,5.162,3.3644,2.8635,0.45851,1.8443,0.38605,0.7637,0.014581,0.01445,0.69323,252.51
0.44809,1.9739,5.113,3.1727,2.8257,0.42234,1.8355,0.40437,0.76294,0.014345,0.01445,0.69573,251.55
0.4544,2.112,5.0922,3.3343,2.8138,0.58037,1.8221,0.40354,0.76785,0.014965,0.01445,0.69768,252.36
0.42664,2.0882,5.1861,3.4518,2.9008,0.48583,1.8699,0.38351,0.76356,0.014823,0.01445,0.69237,253.24
0.42411,2.1106,5.2039,3.5219,2.9231,0.5054,1.8848,0.3814,0.76331,0.015089,0.01445,0.69176,254.12
0.45707,2.1265,5.0802,3.3543,2.8039,0.57112,1.8217,0.40522,0.76402,0.014879,0.01445,0.69795,253.03
0.45975,2.2142,5.0436,3.4827,2.757,0.68109,1.785,0.40562,0.76677,0.015425,0.01445,0.69907,253.78
0.42351,2.0597,4.9286,3.3435,2.5729,0.42724,1.6049,0.3785,0.76366,0.015847,0.01445,0.69136,254.11
0.4229,2.0594,4.9509,3.3664,2.6042,0.43211,1.6284,0.37864,0.76356,0.015734,0.01445,0.69099,254.31
0.4604,2.2686,5.0432,3.5894,2.7544,0.7286,1.7856,0.40567,0.7648,0.015377,0.01445,0.69932,253.92
0.46106,2.3555,5.0278,3.7428,2.7306,0.82093,1.769,0.40493,0.76493,0.015617,0.01445,0.69986,254.06
0.46171,2.4004,5.0182,3.8295,2.7165,0.87182,1.7584,0.40491,0.76492,0.015368,0.01445,0.70006,254.26
0.42286,2.0367,4.9145,3.3546,2.5599,0.41657,1.5927,0.38016,0.76282,0.015441,0.01445,0.69038,254.3
0.42282,2.0135,4.9062,3.2933,2.5515,0.39397,1.5818,0.37983,0.76359,0.015536,0.01445,0.69036,254.29
0.42278,1.9455,4.8043,3.1451,2.4229,0.31481,1.4815,0.38048,0.76298,0.015327,0.01445,0.68993,254.25
0.42273,1.8823,4.8567,2.9854,2.4903,0.24861,1.532,0.38006,0.76472,0.015698,0.01445,0.69031,254.22
0.42269,1.8898,4.8623,3.0113,2.4966,0.24908,1.5394,0.38041,0.76327,0.015571,0.01445,0.69026,254.23
0.42265,1.8682,4.8628,2.9455,2.4966,0.21743,1.5404,0.38001,0.76331,0.015457,0.01445,0.69047,254.22
0.42261,1.8553,4.866,2.9151,2.5012,0.20667,1.5425,0.37992,0.76384,0.015519,0.01445,0.69049,254.22
0.42257,1.8522,4.8654,2.9123,2.5006,0.20144,1.5424,0.38003,0.76346,0.015515,0.01445,0.69043,254.24
0.42253,1.8397,4.8629,2.8779,2.4973,0.18947,1.5392,0.37987,0.76404,0.015522,0.01445,0.6905,254.24
0.42249,1.842,4.8631,2.8913,2.4971,0.18687,1.5405,0.38009,0.76311,0.015492,0.01445,0.69041,254.26
0.42244,1.6822,4.8616,2.5034,2.4956,0.0052149,1.5389,0.38007,0.7646,0.015646,0.01445,0.69077,254.15
0.4224,1.6907,4.8643,2.5349,2.4999,0.0076226,1.5443,0.38055,0.76313,0.015539,0.01445,0.69065,254.16
0.42236,1.6907,4.8666,2.5355,2.5023,0.007728,1.5467,0.38051,0.76316,0.015537,0.01445,0.69065,254.18
0.42232,1.6903,4.8711,2.5325,2.5079,0.0091145,1.5497,0.38034,0.76344,0.015523,0.01445,0.69067,254.19
0.42228,1.6908,4.872,2.5295,2.5093,0.0089791,1.5506,0.38017,0.76358,0.015505,0.01445,0.69071,254.21
0.42224,1.6931,4.8683,2.5337,2.5046,0.008446,1.5478,0.38011,0.76331,0.015487,0.01445,0.6907,254.22
0.4222,1.6917,4.8702,2.5304,2.5069,0.0084791,1.5491,0.38004,0.76351,0.015502,0.01445,0.6907,254.24
0.42215,1.6897,4.8666,2.5276,2.5024,0.0079755,1.5448,0.38005,0.76363,0.015534,0.01445,0.69066,254.25
0.42211,1.6911,4.8664,2.5312,2.502,0.0078571,1.545,0.38004,0.76343,0.015517,0.01445,0.69065,254.27
0.42207,1.6902,4.8673,2.5287,2.5032,0.0077404,1.5456,0.37998,0.76357,0.015525,0.01445,0.69065,254.28
0.42203,1.6909,4.8648,2.532,2.4998,0.0072809,1.5432,0.38,0.76336,0.015526,0.01445,0.69061,254.3
0.42199,1.6909,4.8648,2.5321,2.4998,0.0072809,1.5433,0.38,0.76336,0.015526,0.01445,0.69061,254.31
0.46176,2.565,5.0205,4.1682,2.7204,1.0564,1.7616,0.40374,0.76497,0.01573,0.01445,0.70005,254.16
0.4618,4.0853,5.0295,7.4916,2.7258,2.8371,1.755,0.39762,0.76498,0.014819,0.01445,0.69788,253.31
0.46185,4.2455,5.006,7.8367,2.6959,3.0232,1.7303,0.3971,0.76486,0.015244,0.01445,0.69768,253.23
0.46189,5.1806,4.991,9.8835,2.6687,4.1231,1.6999,0.39375,0.76547,0.015256,0.01445,0.69672,252.99
0.46194,5.2777,4.9818,10.1,2.6579,4.2335,1.6911,0.39356,0.76472,0.015205,0.01445,0.69652,252.98
0.46198,6.0023,4.8288,11.747,2.4731,5.106,1.5303,0.39307,0.76456,0.015426,0.01445,0.69451,252.9
0.46203,6.0176,4.8323,11.781,2.4763,5.1229,1.5334,0.39313,0.76436,0.015309,0.01445,0.69454,252.9
0.46207,6.0179,4.8335,11.782,2.4772,5.1243,1.5336,0.39313,0.76443,0.015307,0.01445,0.69455,252.91
0.46212,6.0443,4.8357,11.834,2.4798,5.1525,1.5358,0.39284,0.76438,0.015251,0.01445,0.69457,252.92
0.46216,6.1333,4.8412,12.028,2.4854,5.2563,1.5403,0.39255,0.76441,0.015178,0.01445,0.69456,252.93
0.46221,6.1804,4.8416,12.133,2.486,5.3118,1.5405,0.39254,0.76434,0.015198,0.01445,0.69451,252.94
0.46225,6.1804,4.8419,12.133,2.4863,5.3121,1.5405,0.39254,0.76436,0.015198,0.01445,0.69451,252.95
0.4623,6.1938,4.8414,12.16,2.4861,5.3283,1.54,0.39249,0.76452,0.015232,0.01445,0.69451,252.96
0.46234,6.2003,4.8415,12.175,2.4861,5.3355,1.5402,0.3926,0.76431,0.015225,0.01445,0.6945,252.97
0.46239,6.2004,4.8415,12.175,2.4861,5.3357,1.5402,0.39261,0.76432,0.015225,0.01445,0.6945,252.98
0.46243,6.2097,4.8408,12.193,2.4852,5.3473,1.5395,0.39255,0.76455,0.015244,0.01445,0.69451,252.99
0.46248,6.2149,4.8412,12.206,2.4858,5.3532,1.54,0.39268,0.76432,0.015228,0.01445,0.6945,253
0.46252,6.2292,4.8409,12.235,2.4853,5.3698,1.5397,0.39261,0.7644,0.015243,0.01445,0.69451,253.01
0.46257,6.2502,4.84,12.279,2.484,5.3936,1.5384,0.39252,0.76432,0.015243,0.01445,0.6945,253.02
0.46262,6.2597,4.8393,12.299,2.4831,5.4054,1.5377,0.39249,0.76451,0.015259,0.01445,0.69451,253.03
0.46266,6.2651,4.8397,12.312,2.4836,5.4115,1.5381,0.3926,0.76429,0.015243,0.01445,0.6945,253.04
0.46271,6.2767,4.8391,12.335,2.4827,5.4254,1.5374,0.39255,0.76441,0.015257,0.01445,0.6945,253.05
0.46275,6.3171,4.8374,12.423,2.4803,5.4728,1.535,0.39252,0.76431,0.015245,0.01445,0.69448,253.06
0.4628,6.3173,4.8377,12.423,2.4811,5.4738,1.5351,0.39255,0.76435,0.015245,0.01445,0.69448,253.07
0.46284,6.332,4.8371,12.453,2.4806,5.4912,1.5347,0.39245,0.76453,0.015278,0.01445,0.69448,253.08
0.46289,6.3329,4.8377,12.456,2.4812,5.4927,1.5349,0.39256,0.76443,0.015274,0.01445,0.69448,253.09
0.46293,6.3447,4.8375,12.48,2.4809,5.5053,1.5348,0.3925,0.76435,0.01528,0.01445,0.69448,253.1
0.46298,6.3717,4.8356,12.536,2.4782,5.537,1.5328,0.3924,0.76446,0.015284,0.01445,0.69448,253.11
0.46302,6.3779,4.8354,12.551,2.478,5.5441,1.5328,0.39249,0.76432,0.01528,0.01445,0.69447,253.12
0.46307,6.3889,4.8349,12.574,2.4774,5.5574,1.5322,0.39248,0.76434,0.01528,0.01445,0.69446,253.13
0.46311,6.3971,4.8344,12.591,2.4769,5.5671,1.5318,0.39244,0.76446,0.015298,0.01445,0.69447,253.14
0.46316,6.3982,4.8351,12.593,2.4781,5.5694,1.5321,0.39256,0.76441,0.015295,0.01445,0.69447,253.15
0.4632,6.4101,4.8348,12.618,2.4777,5.5823,1.5319,0.39248,0.76437,0.015303,0.01445,0.69447,253.16
0.46325,6.4383,4.8332,12.678,2.4753,5.6149,1.5301,0.39241,0.76432,0.015297,0.01445,0.69446,253.17
0.46329,6.4451,4.8326,12.691,2.4749,5.6238,1.5295,0.39242,0.76447,0.015311,0.01445,0.69446,253.18
0.46334,6.4462,4.833,12.694,2.4752,5.6256,1.5297,0.39252,0.76441,0.01531,0.01445,0.69446,253.2
0.46338,6.457,4.8328,12.716,2.4749,5.6373,1.5296,0.39245,0.76436,0.015318,0.01445,0.69446,253.21
0.46343,6.4809,4.8315,12.766,2.4732,5.6649,1.5282,0.39236,0.76439,0.015318,0.01445,0.69446,253.22
0.46347,6.4842,4.832,12.775,2.4738,5.6699,1.5283,0.39249,0.76435,0.015318,0.01445,0.69446,253.23
0.46352,6.4949,4.8315,12.796,2.4734,5.6824,1.528,0.39244,0.76444,0.015333,0.01445,0.69446,253.24
0.46357,6.5014,4.8315,12.811,2.4734,5.6899,1.5282,0.3925,0.76433,0.015327,0.01445,0.69445,253.25
0.46361,6.5135,4.831,12.835,2.4728,5.704,1.5277,0.39242,0.76448,0.015343,0.01445,0.69446,253.26
0.46366,6.5145,4.8313,12.837,2.4734,5.7057,1.5278,0.39252,0.7644,0.015339,0.01445,0.69446,253.27
0.4637,6.5255,4.8309,12.86,2.4728,5.7179,1.5276,0.39248,0.76436,0.015343,0.01445,0.69446,253.28
0.46375,6.5357,4.8304,12.881,2.4721,5.7299,1.5273,0.39247,0.76439,0.015347,0.01445,0.69446,253.29
0.46379,6.5486,4.83,12.908,2.4716,5.7444,1.5268,0.39243,0.76434,0.015349,0.01445,0.69446,253.3
0.46384,6.5817,4.8285,12.98,2.4694,5.7832,1.5249,0.39241,0.76428,0.015337,0.01445,0.69444,253.31
0.46388,6.5817,4.8285,12.98,2.4695,5.7833,1.5249,0.39243,0.76429,0.015337,0.01445,0.69444,253.32
0.46393,6.5833,4.8283,12.983,2.4693,5.7858,1.5248,0.39247,0.76435,0.015343,0.01445,0.69444,253.33
0.46397,6.5905,4.8278,12.997,2.4688,5.7944,1.5244,0.39246,0.76443,0.015363,0.01445,0.69445,253.34
0.46402,6.596,4.828,13.008,2.469,5.8004,1.5246,0.39252,0.76428,0.015359,0.01445,0.69445,253.36
0.46406,6.6062,4.8279,13.029,2.4691,5.813,1.5243,0.39248,0.76438,0.015367,0.01445,0.69445,253.37
0.46411,6.6369,4.8266,13.095,2.4672,5.8483,1.5228,0.39247,0.76428,0.015352,0.01445,0.69444,253.38
0.46415,6.6369,4.8266,13.095,2.4672,5.8485,1.5228,0.39247,0.7643,0.015352,0.01445,0.69444,253.39
0.4642,6.6454,4.826,13.111,2.4664,5.8586,1.5223,0.39238,0.76455,0.015384,0.01445,0.69445,253.4
0.46424,6.6454,4.8269,13.111,2.468,5.8598,1.5228,0.39255,0.76441,0.015377,0.01445,0.69445,253.41
0.46429,6.6775,4.8261,13.179,2.4667,5.8955,1.5219,0.39236,0.76429,0.015377,0.01445,0.69445,253.42
0.46433,6.6789,4.826,13.182,2.4665,5.8979,1.5221,0.39245,0.76435,0.015381,0.01445,0.69445,253.43
0.46438,6.6913,4.8254,13.207,2.4659,5.9119,1.5215,0.39236,0.76442,0.0154,0.01445,0.69445,253.44
0.46443,6.6921,4.8257,13.208,2.4666,5.9136,1.5218,0.39247,0.76436,0.015397,0.01445,0.69445,253.45
0.46447,6.7047,4.8252,13.234,2.4659,5.9276,1.5213,0.39238,0.76438,0.015407,0.01445,0.69445,253.46
0.46452,6.7085,4.8249,13.243,2.4655,5.9327,1.5214,0.39252,0.76433,0.015397,0.01445,0.69445,253.47
0.46456,6.7235,4.8243,13.273,2.4647,5.95,1.5208,0.39243,0.76438,0.015412,0.01445,0.69445,253.49
0.46461,6.755,4.8228,13.339,2.4627,5.9853,1.5191,0.39228,0.76428,0.015424,0.01445,0.69445,253.5
0.46465,6.7568,4.8231,13.344,2.4631,5.9895,1.5185,0.39239,0.76435,0.015419,0.01445,0.69444,253.51
0.4647,6.7874,4.8216,13.41,2.461,6.0248,1.517,0.39236,0.76429,0.015415,0.01445,0.69443,253.52
0.46474,6.7899,4.8215,13.415,2.4608,6.0283,1.5169,0.39238,0.76434,0.01542,0.01445,0.69443,253.53
0.46479,6.7972,4.8211,13.43,2.4604,6.0367,1.5167,0.39237,0.76436,0.015433,0.01445,0.69443,253.54
0.46483,6.8218,4.82,13.482,2.4591,6.0648,1.5156,0.39228,0.76432,0.015435,0.01445,0.69442,253.55
0.46488,6.8316,4.8189,13.504,2.4576,6.0771,1.5142,0.39236,0.7643,0.015446,0.01445,0.69441,253.56
0.46492,6.8382,4.8188,13.517,2.4575,6.0851,1.5138,0.39235,0.76436,0.015448,0.01445,0.69441,253.57
0.46497,6.8424,4.8186,13.526,2.4574,6.0901,1.5137,0.39243,0.76429,0.015446,0.01445,0.69441,253.58
0.46501,6.8531,4.8182,13.548,2.4569,6.1024,1.5133,0.39239,0.76429,0.015444,0.01445,0.69441,253.6
0.46506,6.8611,4.8178,13.564,2.4565,6.1119,1.513,0.39234,0.76444,0.015459,0.01445,0.69442,253.61
0.4651,6.8617,4.8182,13.565,2.4573,6.1131,1.5134,0.39245,0.76436,0.015455,0.01445,0.69441,253.62
0.46515,6.876,4.8181,13.594,2.4571,6.1291,1.5133,0.39238,0.7643,0.01546,0.01445,0.69442,253.63
0.46519,6.8846,4.8176,13.611,2.4568,6.1394,1.5129,0.39236,0.7644,0.015469,0.01445,0.69442,253.64
0.46524,6.8896,4.8188,13.622,2.4581,6.1459,1.5137,0.39245,0.76437,0.015463,0.01445,0.69442,253.65
0.46528,6.9155,4.818,13.677,2.4567,6.175,1.5128,0.39233,0.76428,0.015466,0.01445,0.69442,253.66
0.46533,6.9155,4.818,13.677,2.4567,6.1751,1.5128,0.39238,0.76428,0.015466,0.01445,0.69442,253.67
0.46538,6.9213,4.8181,13.688,2.4572,6.1831,1.5128,0.39241,0.76443,0.01548,0.01445,0.69443,253.69
0.46542,6.9317,4.818,13.71,2.457,6.1941,1.513,0.39238,0.76427,0.015479,0.01445,0.69443,253.7
0.46547,6.9394,4.8173,13.725,2.4561,6.2037,1.5124,0.39237,0.76444,0.015492,0.01445,0.69443,253.71
0.46551,6.9413,4.8177,13.729,2.4569,6.2063,1.5126,0.39246,0.76435,0.015489,0.01445,0.69444,253.72
0.46556,6.9576,4.8173,13.762,2.4562,6.2243,1.5122,0.39237,0.76428,0.015493,0.01445,0.69444,253.73
0.4656,6.9658,4.8165,13.779,2.4553,6.2346,1.5115,0.39237,0.76442,0.015502,0.01445,0.69444,253.74
0.46565,6.972,4.8167,13.792,2.4555,6.2414,1.5119,0.39245,0.76426,0.015495,0.01445,0.69444,253.75
0.46569,6.9754,4.8166,13.799,2.4553,6.2455,1.5117,0.39244,0.76432,0.015501,0.01445,0.69444,253.77
0.46574,6.9838,4.816,13.816,2.4546,6.2552,1.5112,0.39242,0.76436,0.015511,0.01445,0.69445,253.78
0.46578,6.9906,4.8159,13.83,2.4543,6.2627,1.5111,0.39243,0.76426,0.015507,0.01445,0.69445,253.79
0.46583,6.9994,4.8152,13.847,2.4538,6.2738,1.5105,0.3924,0.76448,0.015523,0.01445,0.69446,253.8
0.46592,7.0003,4.8155,13.847,2.4547,6.276,1.5106,0.39254,0.76447,0.015523,0.01445,0.69446,253.82
0.46601,7.0085,4.8163,13.864,2.4555,6.2844,1.5119,0.39259,0.76427,0.01552,0.01445,0.69447,253.85
0.4661,7.0194,4.8158,13.883,2.4553,6.2982,1.5112,0.39254,0.76452,0.015544,0.01445,0.69449,253.87
0.46619,7.0238,4.817,13.892,2.4563,6.3033,1.5121,0.39269,0.76437,0.015542,0.01445,0.69452,253.89
0.46628,7.0426,4.8172,13.929,2.4567,6.3242,1.5126,0.39258,0.76433,0.015552,0.01445,0.69453,253.92
0.46637,7.0549,4.8166,13.953,2.4561,6.3387,1.5122,0.39257,0.76443,0.015566,0.01445,0.69454,253.94
0.46646,7.0647,4.8167,13.973,2.4562,6.3496,1.5126,0.39265,0.76428,0.015563,0.01445,0.69454,253.96
0.46655,7.0774,4.8157,13.997,2.4548,6.3643,1.5117,0.39255,0.76455,0.015586,0.01445,0.69456,253.99
0.46664,7.0805,4.817,14.003,2.4568,6.3692,1.5125,0.39274,0.76439,0.015579,0.01445,0.69458,254.01
0.46673,7.097,4.817,14.035,2.4567,6.3875,1.5131,0.39264,0.76441,0.015597,0.01445,0.69459,254.03
0.46681,7.142,4.8144,14.128,2.453,6.4372,1.5108,0.39241,0.76426,0.015592,0.01445,0.69461,254.06
0.4669,7.15,4.8154,14.144,2.4543,6.4497,1.5104,0.39254,0.76448,0.015609,0.01445,0.69461,254.08
0.46699,7.1596,4.8157,14.165,2.4547,6.4603,1.5113,0.39268,0.76426,0.015604,0.01445,0.6946,254.1
0.46708,7.1756,4.8158,14.197,2.455,6.4804,1.5108,0.3927,0.76444,0.015627,0.01445,0.69462,254.13
0.46717,7.1912,4.816,14.229,2.4552,6.4969,1.5113,0.39261,0.76427,0.015632,0.01445,0.69462,254.15
0.46726,7.2029,4.8163,14.252,2.4557,6.5126,1.5112,0.39273,0.76451,0.015646,0.01445,0.69464,254.18
0.46735,7.2185,4.8168,14.284,2.4563,6.5287,1.5122,0.39264,0.76427,0.015645,0.01445,0.69464,254.2
0.46744,7.2329,4.8165,14.311,2.4559,6.547,1.5115,0.39268,0.76451,0.015664,0.01445,0.69467,254.22
0.46753,7.2482,4.8167,14.343,2.456,6.5635,1.5121,0.39267,0.7643,0.015657,0.01445,0.69467,254.25
0.46762,7.2624,4.8158,14.37,2.4554,6.5809,1.5111,0.39264,0.76452,0.01568,0.01445,0.69468,254.27
0.46771,7.2763,4.8158,14.4,2.4553,6.5962,1.5116,0.39272,0.76426,0.015667,0.01445,0.69467,254.3
0.46774,7.2763,4.8158,14.4,2.4553,6.5962,1.5116,0.39272,0.76428,0.015667,0.01445,0.69467,254.31
0.46777,7.2988,4.8147,14.447,2.4541,6.623,1.5102,0.39269,0.76432,0.015668,0.01445,0.69467,254.31
0.4678,7.3529,4.8149,14.562,2.4538,6.6866,1.5092,0.39246,0.76445,0.015701,0.01445,0.69466,254.32
0.42199,1.6896,4.8668,2.5276,2.5027,0.0071727,1.5449,0.37991,0.76361,0.015537,0.01445,0.69062,254.31
0.42198,1.6896,4.8654,2.5283,2.5008,0.0069851,1.5435,0.37991,0.76356,0.015542,0.01445,0.69061,254.32
0.42198,1.6896,4.8654,2.5283,2.5009,0.0069851,1.5435,0.37991,0.76355,0.015542,0.01445,0.69061,254.32
0.42197,1.6899,4.8628,2.529,2.498,0.0065704,1.5414,0.37989,0.76348,0.015533,0.01445,0.69058,254.32
0.46781,7.3799,4.8133,14.62,2.4517,6.7168,1.5077,0.39236,0.76429,0.0157,0.01445,0.69464,254.32
