0.44759,2.0291,5.0881,3.2754,2.8044,0.41614,1.8089,0.39037,0.76232,0.01447,0.01445,0.69317,251.06
0.44111,2.0476,5.1521,3.4069,2.8487,0.47374,1.8288,0.38873,0.76324,0.014648,0.01445,0.6926,252.34
0.46057,2.0034,5.1365,3.1788,2.8495,0.44367,1.8535,0.40331,0.76341,0.014292,0.01445,0.69682,251.54
0.46705,2.1239,5.105,3.2838,2.8377,0.55724,1.8468,0.40113,0.76742,0.015,0.01445,0.69853,252.31
0.47354,2.1837,5.0939,3.3678,2.8368,0.61333,1.8557,0.40534,0.76479,0.015041,0.01445,0.69967,254.3
0.43852,2.0637,5.176,3.4877,2.8805,0.49782,1.8492,0.38747,0.76308,0.014849,0.01445,0.69167,253.05
0.43592,2.0813,5.1949,3.5751,2.9073,0.52362,1.8654,0.38638,0.76281,0.015146,0.01445,0.69072,253.87
0.4353,2.0685,5.0898,3.5728,2.7753,0.51468,1.7604,0.3869,0.76218,0.015435,0.01445,0.68997,253.95
0.43468,2.051,5.0165,3.5342,2.6848,0.49997,1.6822,0.38605,0.7628,0.015486,0.01445,0.68943,254.09
0.43406,2.0514,5.0171,3.5511,2.6869,0.5017,1.6827,0.38598,0.76251,0.015576,0.01445,0.68914,254.3
0.43398,1.9312,4.7421,3.2935,2.343,0.38963,1.4021,0.38715,0.76376,0.015497,0.01445,0.68779,254.2
0.43389,1.9351,4.7508,3.3045,2.3538,0.38462,1.4127,0.38715,0.76261,0.015468,0.01445,0.68781,254.22
0.43381,1.9167,4.7653,3.2505,2.3723,0.36305,1.4267,0.38659,0.76333,0.015539,0.01445,0.68796,254.23
0.43373,1.9162,4.7707,3.2547,2.378,0.35788,1.4329,0.38675,0.7626,0.015518,0.01445,0.68795,254.26
0.43364,1.8478,4.7959,3.0818,2.4094,0.27733,1.458,0.38629,0.76345,0.015629,0.01445,0.68826,254.25
0.43356,1.8424,4.7998,3.0776,2.4144,0.26938,1.4624,0.38658,0.76281,0.015607,0.01445,0.68819,254.27
0.43348,1.7863,4.7857,2.9447,2.3977,0.20317,1.449,0.38662,0.76289,0.015447,0.01445,0.68817,254.27
0.43339,1.7827,4.7899,2.9369,2.4027,0.2008,1.4527,0.38654,0.76314,0.015518,0.01445,0.68818,254.3
0.47363,2.2266,5.0988,3.4471,2.837,0.6617,1.8567,0.40475,0.76536,0.015098,0.01445,0.70002,254.21
0.47372,2.3193,5.0755,3.5479,2.8031,0.7253,1.8344,0.40021,0.7655,0.015774,0.01445,0.70115,253.9
0.47381,4.1125,5.0935,7.447,2.8062,2.8202,1.828,0.39236,0.76556,0.014853,0.01445,0.69906,253.15
0.4739,4.2774,5.0624,7.8309,2.7673,3.0272,1.7918,0.39326,0.76549,0.015082,0.01445,0.69853,253.11
0.474,4.3545,5.0519,7.983,2.755,3.1125,1.7819,0.39215,0.76596,0.015212,0.01445,0.69852,253.11
0.47409,4.7109,5.0102,8.761,2.7004,3.5282,1.7374,0.3911,0.76545,0.0152,0.01445,0.69804,253.09
0.47418,4.7123,5.0059,8.775,2.6945,3.5361,1.7312,0.39171,0.76542,0.015193,0.01445,0.69793,253.11
0.47427,4.7341,5.0006,8.8195,2.6882,3.5618,1.7259,0.39157,0.76558,0.015248,0.01445,0.6979,253.13
0.47436,4.9096,4.9813,9.2044,2.6643,3.7683,1.7049,0.39115,0.76543,0.015257,0.01445,0.69762,253.13
0.47445,4.9704,4.9655,9.3545,2.6435,3.8496,1.6858,0.39204,0.76536,0.015222,0.01445,0.69737,253.15
0.47454,4.9977,4.9636,9.4038,2.6423,3.8794,1.6844,0.39142,0.76583,0.015314,0.01445,0.6974,253.17
0.47463,5.0003,4.9606,9.4145,2.6386,3.8831,1.6817,0.39189,0.76534,0.015268,0.01445,0.69735,253.19
0.47472,5.0214,4.9575,9.4498,2.6357,3.9055,1.6793,0.39131,0.76579,0.015333,0.01445,0.69738,253.22
0.47481,5.0273,4.9549,9.4694,2.6323,3.9141,1.6767,0.39188,0.7653,0.015273,0.01445,0.69733,253.24
0.47491,5.0395,4.9553,9.4917,2.6329,3.9287,1.6767,0.39165,0.7656,0.015294,0.01445,0.69736,253.26
0.475,5.0539,4.9533,9.5196,2.6305,3.9441,1.6754,0.39152,0.76556,0.015319,0.01445,0.69736,253.28
0.47509,5.0997,4.9461,9.6165,2.6211,3.9961,1.668,0.39134,0.7654,0.015316,0.01445,0.69733,253.31
0.47518,5.1359,4.9414,9.6931,2.6153,4.0409,1.6626,0.39128,0.76577,0.015345,0.01445,0.69731,253.33
0.47527,5.1372,4.9418,9.6978,2.6159,4.0437,1.6627,0.39152,0.76564,0.015337,0.01445,0.6973,253.35
0.47536,5.1857,4.9426,9.8041,2.6163,4.1011,1.6626,0.39155,0.76551,0.015316,0.01445,0.69726,253.37
0.47545,5.1995,4.9421,9.8314,2.6157,4.1161,1.6628,0.39147,0.7655,0.015339,0.01445,0.69726,253.4
0.47554,5.2134,4.9411,9.8576,2.6147,4.1311,1.6622,0.3913,0.7656,0.015368,0.01445,0.69727,253.42
0.47563,5.22,4.9403,9.8734,2.6139,4.1397,1.6615,0.39155,0.76542,0.015349,0.01445,0.69726,253.44
0.47572,5.2371,4.9398,9.9069,2.6139,4.1599,1.6608,0.39144,0.76551,0.015368,0.01445,0.69728,253.47
0.47582,5.2498,4.9393,9.9311,2.6131,4.1738,1.6606,0.39131,0.76562,0.01539,0.01445,0.69729,253.49
0.47591,5.2566,4.9387,9.947,2.6124,4.1825,1.6602,0.39155,0.76543,0.015374,0.01445,0.69728,253.51
0.476,5.2763,4.9382,9.9868,2.6122,4.2057,1.6596,0.39146,0.76552,0.015387,0.01445,0.69729,253.54
0.47609,5.2885,4.9376,10.009,2.6114,4.219,1.6594,0.39131,0.76567,0.015415,0.01445,0.69731,253.56
0.47618,5.2962,4.9369,10.028,2.6108,4.2291,1.6587,0.39157,0.76547,0.015396,0.01445,0.6973,253.59
0.47627,5.3122,4.937,10.058,2.6114,4.2473,1.6591,0.39142,0.76557,0.015418,0.01445,0.69732,253.61
0.47636,5.3235,4.9373,10.08,2.6117,4.2604,1.6593,0.39141,0.76562,0.015435,0.01445,0.69733,253.63
0.47645,5.3646,4.937,10.169,2.6103,4.3084,1.6585,0.39146,0.76548,0.01541,0.01445,0.69734,253.66
0.47654,5.3883,4.9371,10.221,2.6105,4.3374,1.6583,0.39154,0.76548,0.015401,0.01445,0.69731,253.68
0.47663,5.3955,4.9379,10.233,2.6119,4.3452,1.659,0.39137,0.7656,0.015421,0.01445,0.69733,253.71
0.47673,5.4083,4.9374,10.256,2.6113,4.359,1.659,0.39123,0.76571,0.015461,0.01445,0.69734,253.73
0.47682,5.4159,4.9367,10.274,2.6104,4.3684,1.6586,0.39146,0.76551,0.015451,0.01445,0.69733,253.75
0.47691,5.4336,4.9362,10.309,2.6103,4.3893,1.6579,0.39137,0.76557,0.015465,0.01445,0.69735,253.78
0.477,5.4465,4.9355,10.333,2.6094,4.4035,1.6576,0.39125,0.76572,0.015495,0.01445,0.69736,253.8
0.47709,5.4555,4.935,10.353,2.6089,4.415,1.6569,0.39145,0.76555,0.015479,0.01445,0.69736,253.83
0.47718,5.4729,4.9366,10.389,2.6105,4.4362,1.6579,0.39145,0.76568,0.015504,0.01445,0.69739,253.85
0.47727,5.4896,4.9366,10.422,2.6104,4.4544,1.6584,0.39134,0.7656,0.015511,0.01445,0.6974,253.88
0.47736,5.5015,4.9361,10.445,2.6104,4.4682,1.6581,0.39129,0.7657,0.01553,0.01445,0.69741,253.9
0.47745,5.5366,4.9351,10.519,2.6083,4.5071,1.6571,0.39115,0.76548,0.015514,0.01445,0.69742,253.93
0.47754,5.5437,4.9351,10.532,2.6086,4.5174,1.6569,0.39123,0.7657,0.015534,0.01445,0.69742,253.95
0.47764,5.5794,4.9327,10.606,2.6053,4.5569,1.6547,0.39106,0.76552,0.01557,0.01445,0.69742,253.98
0.47773,5.5858,4.9336,10.622,2.6064,4.5682,1.6544,0.39135,0.76568,0.01555,0.01445,0.69742,254
0.47782,5.6009,4.9343,10.652,2.6072,4.5848,1.6556,0.39132,0.7656,0.015557,0.01445,0.69742,254.03
0.47791,5.617,4.9341,10.686,2.6073,4.604,1.6554,0.39134,0.76563,0.015557,0.01445,0.69742,254.05
0.478,5.632,4.9349,10.716,2.6085,4.6214,1.6561,0.3913,0.76563,0.015568,0.01445,0.69743,254.08
0.47809,5.6456,4.9347,10.74,2.6081,4.6359,1.6563,0.39109,0.76581,0.015602,0.01445,0.69745,254.1
0.47818,5.646,4.9347,10.741,2.609,4.6379,1.6567,0.39127,0.76581,0.015603,0.01445,0.69746,254.13
0.47827,5.6824,4.9321,10.815,2.6051,4.6771,1.6549,0.39105,0.76557,0.015613,0.01445,0.69747,254.15
0.47836,5.7113,4.9315,10.877,2.6039,4.7145,1.6523,0.39108,0.76594,0.015608,0.01445,0.69747,254.18
0.47845,5.7161,4.9332,10.889,2.6062,4.7205,1.654,0.39136,0.76566,0.015608,0.01445,0.69746,254.21
0.47855,5.7329,4.9336,10.921,2.607,4.7393,1.6551,0.39122,0.7657,0.015632,0.01445,0.69748,254.23
0.47864,5.7425,4.933,10.939,2.6063,4.7498,1.6547,0.39115,0.76575,0.015655,0.01445,0.69749,254.26
0.47873,5.7756,4.9313,11.008,2.6037,4.7867,1.6531,0.39103,0.7656,0.015644,0.01445,0.69749,254.28
0.47882,5.7818,4.932,11.02,2.6049,4.796,1.6532,0.39114,0.76573,0.015657,0.01445,0.6975,254.31
0.43336,1.782,4.7911,2.9385,2.4039,0.19784,1.4542,0.38664,0.76274,0.015536,0.01445,0.68816,254.31
0.43333,1.7783,4.7932,2.9284,2.4068,0.19504,1.4559,0.38655,0.76302,0.015569,0.01445,0.68817,254.31
0.47885,5.8497,4.9306,11.165,2.6029,4.874,1.6517,0.39085,0.76566,0.015652,0.01445,0.69746,254.32
0.43331,1.772,4.7936,2.9191,2.4073,0.1842,1.4574,0.38677,0.76242,0.015568,0.01445,0.68813,254.32
0.43331,1.7616,4.7989,2.8902,2.4142,0.17668,1.4616,0.38657,0.76318,0.0156,0.01445,0.68819,254.31
0.4333,1.7616,4.799,2.8903,2.4143,0.17668,1.4617,0.38657,0.76317,0.015599,0.01445,0.68819,254.32
0.4333,1.762,4.8006,2.8924,2.4161,0.17603,1.4633,0.38662,0.76297,0.015589,0.01445,0.68819,254.32
0.43329,1.7565,4.7974,2.8799,2.4123,0.16601,1.4614,0.38668,0.76259,0.015569,0.01445,0.68818,254.31
0.43329,1.7101,4.7937,2.7708,2.4075,0.11645,1.4564,0.38676,0.76314,0.015591,0.01445,0.68823,254.29
0.43328,1.7126,4.795,2.7772,2.409,0.11482,1.4586,0.38677,0.76263,0.015556,0.01445,0.68823,254.29
0.43328,1.7052,4.797,2.7564,2.4121,0.10826,1.4609,0.38663,0.76309,0.015592,0.01445,0.68826,254.29
0.43327,1.7052,4.7974,2.7565,2.4125,0.10826,1.4609,0.38662,0.76307,0.015592,0.01445,0.68826,254.29
0.43327,1.7059,4.7978,2.7606,2.4128,0.1068,1.462,0.38677,0.76268,0.015566,0.01445,0.68825,254.29
0.43326,1.6991,4.8011,2.743,2.417,0.099628,1.4653,0.3867,0.76289,0.015569,0.01445,0.68828,254.29
0.43326,1.679,4.8006,2.6905,2.4158,0.076774,1.464,0.38647,0.76328,0.015644,0.01445,0.68836,254.28
0.43325,1.6797,4.8017,2.6951,2.4172,0.076258,1.4653,0.38662,0.76295,0.015622,0.01445,0.68834,254.28
0.43325,1.678,4.8023,2.6915,2.4181,0.074323,1.4661,0.38664,0.76294,0.015599,0.01445,0.68834,254.28
0.43324,1.6761,4.8006,2.6901,2.4162,0.069913,1.4647,0.38678,0.76253,0.015532,0.01445,0.68832,254.28
0.43324,1.6192,4.8137,2.5533,2.4328,0.0062511,1.4781,0.38674,0.7632,0.015634,0.01445,0.68846,254.25
0.43323,1.6194,4.8142,2.5538,2.4333,0.0062509,1.4784,0.38674,0.76315,0.01563,0.01445,0.68846,254.25
0.43323,1.6209,4.8136,2.5583,2.4325,0.0061872,1.4783,0.38681,0.76288,0.015599,0.01445,0.68846,254.26
0.43323,1.6212,4.8121,2.5579,2.4306,0.0060957,1.4773,0.38675,0.76291,0.01558,0.01445,0.68846,254.26
0.43322,1.6199,4.8046,2.5553,2.4212,0.0051985,1.4693,0.38677,0.76293,0.015572,0.01445,0.68842,254.26
0.43322,1.6199,4.8047,2.5553,2.4214,0.0051985,1.4693,0.38676,0.76292,0.015572,0.01445,0.68842,254.26
0.43321,1.6207,4.8036,2.5539,2.42,0.0048894,1.4683,0.38662,0.76296,0.015573,0.01445,0.68844,254.26
0.43321,1.6207,4.8037,2.5539,2.4201,0.0048894,1.4683,0.38662,0.76296,0.015573,0.01445,0.68844,254.26
0.4332,1.6207,4.8038,2.554,2.4203,0.0048894,1.4685,0.38661,0.76295,0.015573,0.01445,0.68844,254.26
0.4332,1.6207,4.8038,2.554,2.4203,0.0048894,1.4685,0.38661,0.76295,0.015573,0.01445,0.68844,254.27
0.43319,1.6206,4.8035,2.5556,2.4197,0.0048168,1.468,0.38667,0.76285,0.015568,0.01445,0.68842,254.27
0.43319,1.6202,4.8025,2.5552,2.4185,0.0047087,1.4669,0.38669,0.76286,0.015573,0.01445,0.6884,254.27
0.43318,1.6202,4.8025,2.5553,2.4186,0.0047087,1.4671,0.38669,0.76286,0.015573,0.01445,0.6884,254.27
0.43318,1.6202,4.8025,2.5553,2.4187,0.0047087,1.4671,0.38669,0.76286,0.015573,0.01445,0.6884,254.27
0.43317,1.6197,4.8019,2.5538,2.4179,0.0046273,1.4663,0.38667,0.76294,0.015579,0.01445,0.6884,254.27
0.43317,1.6195,4.8016,2.5535,2.4175,0.0045197,1.466,0.38667,0.76295,0.015579,0.01445,0.6884,254.28
0.43316,1.6195,4.8017,2.5535,2.4176,0.0045197,1.466,0.38666,0.76295,0.015579,0.01445,0.6884,254.28
0.43316,1.6194,4.8015,2.5535,2.4172,0.0044165,1.4657,0.38667,0.76294,0.01558,0.01445,0.6884,254.28
0.43315,1.6194,4.8016,2.5535,2.4175,0.0044165,1.4659,0.38667,0.76294,0.01558,0.01445,0.6884,254.28
0.43315,1.6194,4.8017,2.5535,2.4175,0.0044165,1.4659,0.38667,0.76294,0.01558,0.01445,0.6884,254.28
0.43315,1.6195,4.8014,2.5542,2.4171,0.0043509,1.4657,0.38668,0.76289,0.015576,0.01445,0.68839,254.28
0.43314,1.6193,4.8008,2.5537,2.4164,0.0042615,1.465,0.38668,0.76291,0.015581,0.01445,0.68838,254.29
0.43314,1.6189,4.7996,2.5528,2.415,0.0039629,1.4639,0.38668,0.76293,0.015577,0.01445,0.68838,254.29
0.43313,1.619,4.7986,2.554,2.4139,0.0030217,1.4636,0.38671,0.76279,0.015581,0.01445,0.68836,254.29
0.43313,1.619,4.7988,2.554,2.4141,0.0030217,1.4637,0.38671,0.76279,0.015581,0.01445,0.68836,254.29
0.43312,1.619,4.7995,2.554,2.4151,0.0030217,1.4643,0.3867,0.76279,0.015581,0.01445,0.68836,254.29
0.43312,1.619,4.7995,2.554,2.4151,0.0030217,1.4644,0.3867,0.76279,0.015581,0.01445,0.68836,254.29
0.43311,1.619,4.7997,2.554,2.4151,0.0030217,1.4646,0.38669,0.76281,0.015582,0.01445,0.68836,254.29
0.43311,1.619,4.7998,2.554,2.4154,0.0030217,1.4648,0.38669,0.76281,0.015582,0.01445,0.68836,254.3
0.4331,1.619,4.7999,2.554,2.4156,0.0030217,1.4648,0.38669,0.76281,0.015582,0.01445,0.68836,254.3
0.4331,1.619,4.8001,2.554,2.4158,0.0030217,1.4649,0.38668,0.7628,0.015582,0.01445,0.68836,254.3
0.43309,1.619,4.8002,2.554,2.4159,0.0030217,1.465,0.38668,0.7628,0.015582,0.01445,0.68836,254.3
0.43309,1.6186,4.8007,2.5529,2.4165,0.0030105,1.4654,0.38666,0.76288,0.015585,0.01445,0.68836,254.3
0.43308,1.6186,4.8007,2.5529,2.4165,0.0030105,1.4654,0.38666,0.76288,0.015585,0.01445,0.68836,254.3
0.43308,1.6186,4.801,2.5529,2.4169,0.0030105,1.4657,0.38665,0.76287,0.015585,0.01445,0.68836,254.31
0.43308,1.6186,4.8011,2.5529,2.417,0.0030105,1.4657,0.38665,0.76287,0.015585,0.01445,0.68836,254.31
0.43307,1.6186,4.8014,2.553,2.4174,0.0030105,1.4661,0.38665,0.76286,0.015585,0.01445,0.68836,254.31
0.43307,1.6179,4.8013,2.5512,2.4171,0.0029658,1.4656,0.38663,0.76297,0.015591,0.01445,0.68837,254.31
0.43306,1.6179,4.8017,2.5512,2.4176,0.0029658,1.466,0.38663,0.76297,0.015591,0.01445,0.68837,254.31
0.43306,1.6181,4.8019,2.5519,2.4179,0.0029548,1.4663,0.38663,0.76293,0.015589,0.01445,0.68836,254.31
0.43305,1.6181,4.8021,2.552,2.4181,0.0029548,1.4663,0.38663,0.76292,0.015589,0.01445,0.68836,254.32
0.43305,1.6158,4.7932,2.5515,2.4067,0.002253,1.4571,0.38684,0.76286,0.015581,0.01445,0.68829,254.32
0.43304,1.6158,4.7944,2.5515,2.4081,0.002253,1.4581,0.38682,0.76285,0.015582,0.01445,0.68828,254.32
0.47886,5.8497,4.9307,11.165,2.6029,4.8742,1.6517,0.39086,0.76566,0.015652,0.01445,0.69746,254.32
0.47886,5.8765,4.9286,11.224,2.5999,4.906,1.6488,0.39084,0.76563,0.015701,0.01445,0.69742,254.32
