0.81602,2.0812,5.132,3.2366,2.8481,0.42291,1.8426,0.39182,0.75759,0.013863,0.01445,0.69676,251.18
0.80933,2.2024,5.0174,3.5014,2.6998,0.54441,1.7095,0.3931,0.751,0.015965,0.01445,0.69669,252.66
0.8294,2.0638,5.055,3.2409,2.7525,0.50271,1.7716,0.39247,0.77152,0.014691,0.01445,0.69578,251.05
0.83609,2.0576,5.0321,3.2992,2.7239,0.55089,1.7573,0.39516,0.77681,0.014848,0.01445,0.69483,252.44
0.80778,2.2642,5.0417,3.6213,2.7285,0.59301,1.7363,0.39206,0.74901,0.015709,0.01445,0.69696,252.99
0.80624,2.303,5.0516,3.6887,2.7409,0.62279,1.7465,0.39124,0.74754,0.015572,0.01445,0.69717,253.43
0.80469,2.3358,5.0608,3.7446,2.7519,0.64579,1.7543,0.39053,0.74612,0.015516,0.01445,0.69739,253.94
0.83769,2.0665,5.0272,3.3203,2.721,0.56529,1.7565,0.39419,0.7784,0.015023,0.01445,0.6945,252.89
0.83929,2.0715,4.9998,3.3533,2.6888,0.58897,1.7307,0.39466,0.78008,0.015319,0.01445,0.69403,253.4
0.84089,2.0735,4.9839,3.3626,2.6689,0.60222,1.7164,0.39469,0.78172,0.015278,0.01445,0.69388,253.95
0.80416,2.359,5.0535,3.7684,2.7427,0.65689,1.7482,0.38891,0.74581,0.015429,0.01445,0.6976,254.1
0.80363,2.3696,5.0558,3.7861,2.7452,0.66421,1.7501,0.38873,0.74528,0.015459,0.01445,0.69769,254.3
0.84144,2.0737,4.9824,3.3683,2.6677,0.6067,1.7159,0.39479,0.78224,0.015376,0.01445,0.69379,254.15
0.80355,2.3684,5.0069,3.7659,2.6848,0.65779,1.7012,0.38789,0.74556,0.015681,0.01445,0.69767,254.32
0.84152,2.073,4.9803,3.3697,2.6657,0.60694,1.7145,0.39483,0.78232,0.01545,0.01445,0.69372,254.18
0.8416,2.0716,4.9783,3.3687,2.6634,0.60623,1.7127,0.39486,0.78238,0.01549,0.01445,0.69367,254.21
0.84168,2.0653,4.9714,3.3604,2.6553,0.60147,1.7059,0.395,0.78245,0.015562,0.01445,0.69355,254.24
0.84176,2.0636,4.9712,3.3559,2.6547,0.60008,1.7054,0.395,0.78255,0.015531,0.01445,0.69357,254.27
0.84184,2.0436,4.9627,3.3092,2.6441,0.57594,1.6969,0.39483,0.78264,0.015537,0.01445,0.69353,254.29
0.84185,2.0436,4.9627,3.3094,2.6444,0.57645,1.6972,0.39487,0.78266,0.015537,0.01445,0.69353,254.3
0.84186,2.0058,4.9693,3.2251,2.6527,0.5338,1.7036,0.39505,0.7827,0.015548,0.01445,0.69361,254.3
0.84186,1.9444,4.9716,3.0771,2.656,0.4583,1.7073,0.39481,0.78276,0.015485,0.01445,0.69378,254.3
0.84187,1.9444,4.9716,3.0773,2.6562,0.45851,1.7073,0.39483,0.78276,0.015485,0.01445,0.69378,254.3
0.84188,1.9444,4.9716,3.0777,2.6562,0.45859,1.7073,0.39484,0.78276,0.015485,0.01445,0.69378,254.3
0.84189,1.9203,4.9727,3.031,2.6573,0.43347,1.7081,0.39518,0.78271,0.015584,0.01445,0.69372,254.31
0.8419,1.8996,4.9748,2.9787,2.6596,0.40795,1.7098,0.39503,0.78279,0.015496,0.01445,0.69383,254.31
0.84191,1.8963,4.9749,2.9723,2.6599,0.40379,1.7105,0.39504,0.78275,0.015533,0.01445,0.69381,254.31
0.84191,1.822,4.9725,2.8018,2.6575,0.31527,1.7094,0.39494,0.78278,0.015633,0.01445,0.69385,254.31
0.84192,1.815,4.9736,2.7863,2.6585,0.30912,1.7095,0.39511,0.78284,0.015545,0.01445,0.69392,254.31
0.84193,1.8037,4.9766,2.7586,2.6614,0.29463,1.712,0.39495,0.78286,0.015561,0.01445,0.69395,254.32
0.84194,1.8037,4.9766,2.7587,2.6616,0.29465,1.712,0.39496,0.78286,0.015561,0.01445,0.69395,254.32
