0.75753,1.8449,5.1234,2.7543,2.841,0.15383,1.8486,0.39294,0.75845,0.014367,0.01445,0.6961,250.79
0.75132,1.8845,4.953,2.8558,2.6248,0.16798,1.6778,0.39315,0.75307,0.015084,0.01445,0.69533,251.44
0.74511,1.952,5.0343,3.0465,2.7267,0.22385,1.7649,0.39496,0.74774,0.015061,0.01445,0.69515,252.49
0.7389,2.026,5.0644,3.2221,2.7678,0.26666,1.8031,0.39446,0.74203,0.015687,0.01445,0.69485,253.89
0.76995,1.7939,5.0965,2.5877,2.8065,0.15996,1.8125,0.39171,0.76971,0.014676,0.01445,0.69685,250.8
0.77616,1.8052,5.0532,2.6211,2.748,0.21585,1.7586,0.39234,0.77436,0.014394,0.01445,0.69676,251.43
0.78237,1.8326,5.022,2.6734,2.7103,0.2851,1.7221,0.39169,0.77986,0.014957,0.01445,0.69665,252.46
0.78858,2.677,5.0037,4.5291,2.6915,1.2953,1.7028,0.38891,0.78552,0.015261,0.01445,0.69597,253.84
0.73749,2.0406,5.0457,3.2532,2.7453,0.27222,1.786,0.39383,0.7409,0.015439,0.01445,0.69466,254.25
0.79009,2.692,5.0088,4.5807,2.6913,1.3354,1.6962,0.39001,0.7868,0.015477,0.01445,0.696,254.21
0.73742,2.0426,5.0468,3.2586,2.7474,0.27463,1.7875,0.39388,0.74085,0.015453,0.01445,0.69465,254.27
0.73735,2.0502,5.0504,3.2782,2.752,0.28315,1.7911,0.39388,0.74073,0.015512,0.01445,0.6946,254.29
0.73728,2.0527,5.0515,3.2843,2.7535,0.28596,1.7923,0.39388,0.74067,0.01553,0.01445,0.69459,254.3
0.73721,2.0591,5.0528,3.2994,2.7552,0.29287,1.7938,0.39386,0.74058,0.015571,0.01445,0.69457,254.32
0.79017,2.703,4.9961,4.5895,2.6754,1.3395,1.6837,0.38893,0.78688,0.015538,0.01445,0.69603,254.22
0.79024,2.7057,4.9791,4.6076,2.6532,1.3525,1.6651,0.38987,0.787,0.015637,0.01445,0.69595,254.23
0.79032,2.7162,4.9674,4.6168,2.6387,1.3572,1.654,0.38898,0.78707,0.015627,0.01445,0.69599,254.24
0.79039,2.717,4.9538,4.6286,2.6206,1.3655,1.6386,0.38962,0.78716,0.015687,0.01445,0.69591,254.25
0.79047,2.7253,4.9435,4.6355,2.6079,1.3692,1.6288,0.38893,0.78722,0.015658,0.01445,0.69594,254.27
0.79054,2.7266,4.9308,4.6494,2.5909,1.3783,1.6143,0.38962,0.7873,0.015714,0.01445,0.69585,254.28
0.79062,2.7391,4.9208,4.6662,2.5786,1.3873,1.6045,0.38891,0.78736,0.015677,0.01445,0.69586,254.3
0.79069,2.7412,4.9091,4.6821,2.563,1.3971,1.5913,0.38956,0.78744,0.01573,0.01445,0.69576,254.32
0.7372,2.0628,5.0491,3.3057,2.752,0.29593,1.791,0.39374,0.74057,0.015668,0.01445,0.69454,254.32
0.7907,2.7492,4.9015,4.6883,2.554,1.4001,1.5845,0.38887,0.78745,0.015678,0.01445,0.6958,254.32
0.79071,2.7492,4.9015,4.6894,2.5541,1.401,1.5845,0.38894,0.78747,0.015678,0.01445,0.6958,254.32
