0.45901,2.0305,5.0825,3.2982,2.7968,0.42855,1.8038,0.39197,0.76222,0.01444,0.01445,0.69311,250.99
0.45236,2.0458,5.1499,3.4345,2.8416,0.49154,1.8222,0.39128,0.7631,0.014582,0.01445,0.6926,252.1
0.4457,2.0492,4.8126,3.5942,2.4103,0.53561,1.4708,0.3911,0.76195,0.016237,0.01445,0.68891,253.64
0.47231,2.0765,5.1412,3.1965,2.8581,0.46731,1.8643,0.39616,0.7643,0.014272,0.01445,0.69815,251
0.47896,2.231,5.121,3.4005,2.8531,0.62973,1.8654,0.39491,0.76809,0.015028,0.01445,0.69981,251.93
0.48562,2.2987,5.1021,3.4919,2.8453,0.69356,1.8681,0.39867,0.76588,0.014974,0.01445,0.70099,253.64
0.44308,2.0719,4.8529,3.7185,2.4722,0.59905,1.5023,0.3914,0.76356,0.015688,0.01445,0.68762,254.25
0.48631,2.3286,5.0963,3.5013,2.8432,0.71552,1.8667,0.39601,0.76815,0.015201,0.01445,0.70139,253.74
0.487,2.3724,5.0888,3.5811,2.8388,0.74854,1.8657,0.39559,0.76653,0.015342,0.01445,0.70139,253.91
0.48769,2.3733,5.0888,3.5823,2.8403,0.75145,1.8661,0.39612,0.76652,0.015342,0.01445,0.70139,254.17
0.44299,2.0692,4.8512,3.7182,2.4704,0.58792,1.5022,0.39162,0.7622,0.015609,0.01445,0.68756,254.26
0.44291,2.0424,4.8074,3.6625,2.4217,0.56147,1.4607,0.39169,0.7625,0.015686,0.01445,0.6871,254.26
0.44282,2.0394,4.8014,3.6605,2.4137,0.55514,1.4557,0.3919,0.76195,0.015606,0.01445,0.68705,254.28
0.44274,2.0394,4.8015,3.6605,2.4137,0.55558,1.4558,0.3919,0.76201,0.015606,0.01445,0.68705,254.31
0.48778,2.4684,5.0439,3.7783,2.7835,0.85579,1.8257,0.39557,0.76614,0.015352,0.01445,0.70139,254.1
0.48788,2.7992,4.9927,4.4866,2.7088,1.2439,1.7606,0.3941,0.76609,0.015443,0.01445,0.70114,253.96
0.48797,2.8743,4.9893,4.6258,2.7013,1.3267,1.7556,0.39275,0.76691,0.015574,0.01445,0.70139,253.93
0.48806,3.5223,5.0085,6.0326,2.7065,2.091,1.7557,0.39081,0.7667,0.015385,0.01445,0.70103,253.83
0.48816,3.5309,5.0134,6.0503,2.713,2.0995,1.7614,0.39086,0.76645,0.01543,0.01445,0.70104,253.85
0.48825,3.5343,5.0142,6.0545,2.7145,2.1028,1.7627,0.39079,0.76653,0.015451,0.01445,0.70107,253.88
0.48835,3.5431,5.0174,6.0733,2.7185,2.1131,1.7661,0.39091,0.76644,0.015468,0.01445,0.70109,253.9
0.48844,3.5472,5.0183,6.0792,2.72,2.1175,1.7674,0.39082,0.76654,0.015489,0.01445,0.70112,253.93
0.48853,3.5498,5.0189,6.0825,2.721,2.1201,1.7683,0.39079,0.76659,0.015503,0.01445,0.70114,253.96
0.48863,3.5614,5.0221,6.1061,2.7247,2.1333,1.7714,0.39082,0.7665,0.015516,0.01445,0.70118,253.98
0.48872,3.5641,5.0225,6.1093,2.7256,2.1358,1.7722,0.39076,0.76657,0.015531,0.01445,0.7012,254.01
0.48881,3.5732,5.0243,6.1235,2.7281,2.1453,1.7748,0.39058,0.76673,0.015568,0.01445,0.70126,254.04
0.48891,3.5793,5.0261,6.1401,2.7298,2.1539,1.7758,0.39091,0.7665,0.015549,0.01445,0.70125,254.06
0.489,3.5833,5.0264,6.1447,2.7302,2.1571,1.7764,0.39071,0.76661,0.015568,0.01445,0.70128,254.09
0.4891,3.592,5.0271,6.1586,2.7315,2.1659,1.7777,0.39056,0.76668,0.015591,0.01445,0.70132,254.12
0.48919,3.6001,5.0275,6.1789,2.7322,2.177,1.778,0.39082,0.76655,0.015574,0.01445,0.70131,254.14
0.48928,3.603,5.0279,6.1819,2.7329,2.1798,1.7787,0.39076,0.76664,0.01559,0.01445,0.70134,254.17
0.48938,3.6064,5.0281,6.1869,2.7332,2.1833,1.7793,0.39071,0.76668,0.015601,0.01445,0.70136,254.2
0.48947,3.6093,5.0282,6.1921,2.7339,2.1868,1.7798,0.39077,0.7667,0.015608,0.01445,0.70137,254.23
0.48956,3.6125,5.0284,6.197,2.7346,2.1901,1.7803,0.39075,0.76674,0.015618,0.01445,0.70139,254.25
0.48966,3.6133,5.0284,6.1985,2.735,2.1917,1.7807,0.39088,0.76674,0.01562,0.01445,0.70139,254.28
0.48975,3.6134,5.0284,6.1985,2.735,2.1918,1.7808,0.39094,0.76674,0.01562,0.01445,0.70139,254.31
0.44271,2.0394,4.8016,3.6606,2.4137,0.5558,1.4558,0.3919,0.76202,0.015606,0.01445,0.68705,254.32
0.48978,3.6139,5.0284,6.1988,2.7355,2.1925,1.781,0.39094,0.76674,0.01562,0.01445,0.70139,254.32
0.44271,2.0316,4.7964,3.6417,2.4071,0.54962,1.4489,0.39171,0.7624,0.01565,0.01445,0.687,254.32
0.4427,2.0316,4.7964,3.6417,2.4071,0.54962,1.4489,0.3917,0.76239,0.01565,0.01445,0.68699,254.32
0.4427,2.0145,4.7673,3.6088,2.3719,0.53061,1.4208,0.39208,0.76207,0.015625,0.01445,0.68681,254.31
0.44269,2.0078,4.7667,3.5896,2.3717,0.5246,1.42,0.39185,0.76252,0.015671,0.01445,0.6868,254.31
0.44269,2.0037,4.7643,3.5815,2.3688,0.51719,1.4182,0.39194,0.76214,0.015635,0.01445,0.68678,254.31
0.44268,1.9746,4.7607,3.5121,2.3643,0.48759,1.4141,0.39187,0.76281,0.015702,0.01445,0.68679,254.3
0.44268,1.9738,4.7623,3.5128,2.3665,0.48359,1.4151,0.39199,0.76223,0.015664,0.01445,0.68678,254.3
0.44267,1.5818,4.7362,2.5914,2.3357,0.022347,1.394,0.39229,0.76301,0.01563,0.01445,0.68701,254.19
0.44267,1.5818,4.7396,2.5927,2.3392,0.022461,1.3968,0.39235,0.76292,0.015629,0.01445,0.68703,254.2
0.44266,1.5822,4.7431,2.5953,2.3444,0.019236,1.4012,0.39248,0.76238,0.0156,0.01445,0.68704,254.2
0.44266,1.5822,4.7434,2.5953,2.3444,0.019236,1.4014,0.39248,0.76239,0.0156,0.01445,0.68704,254.2
0.44265,1.5819,4.7482,2.5935,2.3502,0.018953,1.4061,0.39239,0.76249,0.015616,0.01445,0.68707,254.2
0.44265,1.5828,4.7548,2.5933,2.3581,0.017994,1.413,0.39227,0.76244,0.015622,0.01445,0.68712,254.2
0.44264,1.5781,4.7617,2.5832,2.3663,0.013508,1.4193,0.39235,0.76249,0.015606,0.01445,0.68717,254.2
0.44264,1.5781,4.7617,2.5832,2.3664,0.013508,1.4194,0.39234,0.76248,0.015607,0.01445,0.68717,254.2
0.44263,1.5781,4.7617,2.5832,2.3664,0.013508,1.4194,0.39234,0.76248,0.015607,0.01445,0.68717,254.2
0.44263,1.5781,4.7621,2.5834,2.3666,0.013508,1.4195,0.39234,0.76248,0.015607,0.01445,0.68717,254.2
0.44262,1.5781,4.7624,2.5827,2.3669,0.013321,1.4199,0.3923,0.76251,0.015617,0.01445,0.68718,254.2
0.44262,1.5781,4.7625,2.5827,2.367,0.013321,1.4199,0.3923,0.76251,0.015617,0.01445,0.68718,254.21
0.44261,1.5785,4.7631,2.5839,2.3679,0.013123,1.4207,0.3923,0.76242,0.015613,0.01445,0.68718,254.21
0.44261,1.5778,4.7629,2.5816,2.3676,0.012928,1.4204,0.39227,0.76254,0.015625,0.01445,0.68718,254.21
0.4426,1.5781,4.7634,2.5832,2.3681,0.012701,1.4209,0.3923,0.76242,0.015616,0.01445,0.68718,254.21
0.4426,1.578,4.7637,2.5827,2.3684,0.012654,1.4211,0.39229,0.76245,0.015619,0.01445,0.68718,254.21
0.44259,1.5774,4.7627,2.5815,2.3679,0.011858,1.4206,0.39232,0.76242,0.015623,0.01445,0.68717,254.21
0.44259,1.5774,4.7633,2.5819,2.368,0.011858,1.421,0.39232,0.76242,0.015623,0.01445,0.68717,254.21
0.44259,1.5759,4.763,2.5776,2.3676,0.011256,1.4203,0.39226,0.7626,0.015636,0.01445,0.68718,254.22
0.44258,1.5763,4.7638,2.5794,2.3686,0.011248,1.4211,0.39229,0.76249,0.015628,0.01445,0.68718,254.22
0.44258,1.5766,4.7642,2.5801,2.3691,0.011081,1.4216,0.3923,0.76242,0.015622,0.01445,0.68718,254.22
0.44257,1.5759,4.7637,2.5781,2.3685,0.010916,1.4211,0.39227,0.76253,0.015631,0.01445,0.68718,254.22
0.44257,1.5761,4.7642,2.5789,2.3689,0.010876,1.4215,0.39228,0.76248,0.015628,0.01445,0.68718,254.22
0.44256,1.5761,4.7642,2.5789,2.369,0.010876,1.4215,0.39228,0.76248,0.015628,0.01445,0.68718,254.22
0.44256,1.5761,4.7645,2.579,2.3693,0.010876,1.4217,0.39228,0.76248,0.015628,0.01445,0.68718,254.22
0.44255,1.5761,4.7645,2.579,2.3693,0.010876,1.4217,0.39228,0.76248,0.015628,0.01445,0.68718,254.23
0.44255,1.5763,4.7643,2.5802,2.3691,0.010235,1.4216,0.39231,0.76235,0.015615,0.01445,0.68717,254.23
0.44254,1.568,4.7649,2.5608,2.37,7.7863e-05,1.4226,0.39232,0.76232,0.015617,0.01445,0.68718,254.23
0.44254,1.568,4.7649,2.5608,2.37,7.7863e-05,1.4227,0.39232,0.76232,0.015617,0.01445,0.68718,254.23
0.44253,1.5674,4.7652,2.559,2.3702,0.0001125,1.4229,0.39228,0.76245,0.015627,0.01445,0.68718,254.23
0.44253,1.5664,4.7635,2.5574,2.3682,5.6249e-06,1.4207,0.39232,0.76248,0.015618,0.01445,0.68717,254.23
0.44252,1.5664,4.7637,2.5575,2.3683,5.6249e-06,1.4208,0.39232,0.76248,0.015618,0.01445,0.68717,254.23
0.44252,1.5664,4.764,2.5575,2.3687,5.6248e-06,1.4211,0.39231,0.76247,0.015619,0.01445,0.68717,254.23
0.44251,1.5665,4.764,2.5573,2.3688,5.5833e-06,1.4212,0.39228,0.76251,0.015631,0.01445,0.68717,254.23
0.44251,1.5667,4.7642,2.558,2.369,5.5743e-06,1.4214,0.39229,0.76246,0.015628,0.01445,0.68717,254.24
0.4425,1.5667,4.7643,2.558,2.369,5.5743e-06,1.4214,0.39229,0.76246,0.015629,0.01445,0.68717,254.24
0.4425,1.5667,4.7641,2.5579,2.3687,5.512e-06,1.4212,0.39228,0.76247,0.015632,0.01445,0.68717,254.24
0.44249,1.5667,4.7641,2.558,2.3688,5.512e-06,1.4212,0.39228,0.76247,0.015632,0.01445,0.68717,254.24
0.44249,1.5667,4.7644,2.5583,2.3691,5.5068e-06,1.4214,0.39228,0.76246,0.015631,0.01445,0.68716,254.24
0.44248,1.5667,4.7644,2.5583,2.3692,5.5068e-06,1.4215,0.39228,0.76246,0.015631,0.01445,0.68716,254.24
0.44248,1.5667,4.7644,2.5583,2.3692,5.5068e-06,1.4215,0.39228,0.76246,0.015631,0.01445,0.68716,254.24
0.44247,1.5665,4.7641,2.558,2.3688,5.4501e-06,1.4212,0.39228,0.76248,0.015634,0.01445,0.68716,254.25
0.44247,1.5665,4.7646,2.5581,2.3694,5.4501e-06,1.4216,0.39228,0.76247,0.015635,0.01445,0.68716,254.25
0.44247,1.5666,4.7646,2.5584,2.3693,5.4453e-06,1.4216,0.39228,0.76246,0.015634,0.01445,0.68716,254.25
0.44246,1.5666,4.7647,2.5584,2.3694,5.4453e-06,1.4216,0.39228,0.76246,0.015634,0.01445,0.68716,254.25
0.44246,1.5662,4.763,2.5579,2.3674,5.3502e-06,1.4201,0.39229,0.76249,0.015642,0.01445,0.68715,254.25
0.44245,1.5664,4.7634,2.5587,2.3677,5.3419e-06,1.4203,0.39229,0.76245,0.015638,0.01445,0.68714,254.25
0.44245,1.5664,4.7634,2.5587,2.3678,5.3419e-06,1.4203,0.39229,0.76245,0.015638,0.01445,0.68714,254.25
0.44244,1.5664,4.7635,2.5587,2.368,5.3418e-06,1.4205,0.39229,0.76245,0.015638,0.01445,0.68714,254.26
0.44244,1.5662,4.7634,2.5583,2.3677,5.2863e-06,1.4202,0.39228,0.76247,0.01564,0.01445,0.68714,254.26
0.44243,1.5662,4.7634,2.5584,2.3678,5.2863e-06,1.4203,0.39228,0.76247,0.01564,0.01445,0.68714,254.26
0.44243,1.5662,4.7639,2.5585,2.3684,5.2863e-06,1.4207,0.39228,0.76247,0.01564,0.01445,0.68714,254.26
0.44242,1.5663,4.7639,2.5587,2.3684,5.2818e-06,1.4207,0.39228,0.76246,0.015639,0.01445,0.68714,254.26
0.44242,1.5663,4.7639,2.5587,2.3684,5.2818e-06,1.4208,0.39228,0.76246,0.015639,0.01445,0.68714,254.26
0.44241,1.5662,4.7637,2.5586,2.3681,5.2238e-06,1.4205,0.39228,0.76247,0.015641,0.01445,0.68714,254.27
0.44241,1.5662,4.7637,2.5589,2.3681,5.2189e-06,1.4205,0.39228,0.76245,0.01564,0.01445,0.68714,254.27
0.4424,1.5662,4.7637,2.5589,2.3681,5.2189e-06,1.4205,0.39228,0.76245,0.01564,0.01445,0.68714,254.27
0.4424,1.5658,4.7623,2.5582,2.3664,4.9532e-06,1.4192,0.39228,0.7625,0.015646,0.01445,0.68712,254.27
0.44239,1.5658,4.7624,2.5583,2.3665,4.9532e-06,1.4192,0.39228,0.7625,0.015646,0.01445,0.68712,254.27
0.44239,1.5661,4.7625,2.559,2.3666,4.945e-06,1.4194,0.39229,0.76245,0.015643,0.01445,0.68712,254.27
0.44238,1.5661,4.7625,2.5591,2.3667,4.945e-06,1.4194,0.39229,0.76245,0.015643,0.01445,0.68712,254.27
0.44238,1.5661,4.7626,2.5591,2.3668,4.945e-06,1.4194,0.39229,0.76245,0.015643,0.01445,0.68712,254.28
0.44237,1.5661,4.7633,2.5592,2.3676,4.945e-06,1.42,0.39228,0.76245,0.015643,0.01445,0.68712,254.28
0.44237,1.566,4.7633,2.5592,2.3676,4.9322e-06,1.4201,0.39228,0.76246,0.015644,0.01445,0.68712,254.28
0.44236,1.566,4.7635,2.5592,2.3677,4.9322e-06,1.4201,0.39228,0.76245,0.015644,0.01445,0.68712,254.28
0.44236,1.566,4.7635,2.5592,2.3678,4.9322e-06,1.4202,0.39228,0.76245,0.015644,0.01445,0.68712,254.28
0.44235,1.5659,4.7631,2.559,2.3673,4.8845e-06,1.4199,0.39228,0.76247,0.015647,0.01445,0.68712,254.28
0.44235,1.5659,4.7633,2.5591,2.3676,4.8845e-06,1.42,0.39228,0.76247,0.015647,0.01445,0.68712,254.28
0.44235,1.5659,4.7634,2.5591,2.3677,4.8845e-06,1.42,0.39228,0.76247,0.015647,0.01445,0.68712,254.29
0.44234,1.5659,4.7634,2.5592,2.3677,4.8845e-06,1.4201,0.39228,0.76247,0.015647,0.01445,0.68712,254.29
0.44234,1.5659,4.7639,2.5593,2.3684,4.8845e-06,1.4205,0.39227,0.76246,0.015647,0.01445,0.68711,254.29
0.44233,1.5659,4.7622,2.5601,2.3663,4.6752e-06,1.419,0.39231,0.76242,0.015648,0.01445,0.6871,254.29
0.44233,1.5659,4.7623,2.5602,2.3664,4.6752e-06,1.419,0.39231,0.76242,0.015648,0.01445,0.6871,254.29
0.44232,1.5659,4.7623,2.5602,2.3664,4.6752e-06,1.4191,0.39231,0.76242,0.015648,0.01445,0.6871,254.29
0.44232,1.5657,4.7623,2.5598,2.3663,4.6707e-06,1.4191,0.3923,0.76245,0.015651,0.01445,0.6871,254.29
0.44231,1.5657,4.7628,2.5598,2.367,4.6707e-06,1.4194,0.39229,0.76245,0.015651,0.01445,0.6871,254.3
0.44231,1.5657,4.7628,2.5599,2.367,4.6707e-06,1.4195,0.39229,0.76245,0.015651,0.01445,0.6871,254.3
0.4423,1.5657,4.7628,2.5599,2.367,4.6707e-06,1.4195,0.39229,0.76245,0.015651,0.01445,0.6871,254.3
0.4423,1.5656,4.7627,2.5597,2.3667,4.614e-06,1.4193,0.39229,0.76247,0.015653,0.01445,0.68709,254.3
0.44229,1.5656,4.7627,2.5597,2.3669,4.614e-06,1.4194,0.39228,0.76247,0.015653,0.01445,0.68709,254.3
0.44229,1.5656,4.7628,2.5597,2.3669,4.614e-06,1.4194,0.39228,0.76247,0.015653,0.01445,0.68709,254.3
0.44228,1.5656,4.7634,2.5601,2.3677,4.6092e-06,1.42,0.39228,0.76244,0.015652,0.01445,0.68709,254.3
0.44228,1.5656,4.7636,2.5601,2.3679,4.6092e-06,1.4201,0.39228,0.76244,0.015652,0.01445,0.68709,254.31
0.44227,1.5656,4.7636,2.5602,2.368,4.6092e-06,1.4202,0.39228,0.76244,0.015652,0.01445,0.68709,254.31
0.44227,1.5655,4.7636,2.5601,2.3679,4.5951e-06,1.4201,0.39228,0.76245,0.015653,0.01445,0.68709,254.31
0.44226,1.5655,4.7636,2.5601,2.3679,4.5951e-06,1.4201,0.39228,0.76245,0.015653,0.01445,0.68709,254.31
0.44226,1.5651,4.7614,2.5596,2.3652,4.4164e-06,1.4179,0.39229,0.76248,0.015662,0.01445,0.68707,254.31
0.44225,1.5653,4.7616,2.5603,2.3653,4.4098e-06,1.4181,0.3923,0.76245,0.015659,0.01445,0.68707,254.31
0.44225,1.5653,4.7619,2.5603,2.3658,4.4098e-06,1.4183,0.39229,0.76244,0.015659,0.01445,0.68707,254.31
0.44224,1.5651,4.7618,2.5599,2.3657,4.3896e-06,1.4182,0.39229,0.76246,0.01566,0.01445,0.68707,254.32
0.44224,1.5651,4.7618,2.5599,2.3657,4.3896e-06,1.4182,0.39229,0.76246,0.01566,0.01445,0.68707,254.32
0.44223,1.5652,4.7619,2.5603,2.3657,4.3854e-06,1.4183,0.39229,0.76245,0.015659,0.01445,0.68707,254.32
