0.3754,2.119,5.1201,3.1045,2.8366,0.38779,1.8497,0.37744,0.76476,0.014914,0.01445,0.69806,251.94
0.40952,1.648,5.1019,2.5429,2.8112,0.076889,1.816,0.40739,0.7626,0.014788,0.01445,0.69471,252.02
0.37364,3.0157,5.0584,5.1471,2.7603,1.4525,1.7827,0.37574,0.76508,0.014806,0.01445,0.6964,252.07
0.37188,3.1422,5.0261,5.4193,2.718,1.5975,1.7479,0.37448,0.76541,0.014488,0.01445,0.69624,252.41
0.37011,3.2046,5.0244,5.5436,2.7177,1.6627,1.7465,0.37278,0.76603,0.015206,0.01445,0.69617,252.67
0.36835,3.2498,5.0378,5.624,2.7352,1.7051,1.7618,0.37123,0.76631,0.015208,0.01445,0.69633,253.02
0.36659,3.2974,5.0498,5.7085,2.7499,1.7466,1.7752,0.36954,0.76621,0.015246,0.01445,0.6965,253.38
0.36483,3.6423,5.0212,6.4786,2.7143,2.1437,1.7455,0.36756,0.76603,0.015723,0.01445,0.69598,253.71
0.36306,3.9199,5.0019,7.0886,2.6874,2.4666,1.7229,0.36609,0.76641,0.015533,0.01445,0.69582,254.08
0.41144,1.6502,5.0805,2.5721,2.7795,0.11155,1.7823,0.40922,0.76436,0.015209,0.01445,0.69462,252.35
0.41337,1.6631,5.0687,2.6252,2.7653,0.12696,1.7742,0.41099,0.76266,0.015059,0.01445,0.69445,252.7
0.41529,1.6309,5.0165,2.591,2.6974,0.11444,1.7142,0.41268,0.76328,0.015431,0.01445,0.69398,253.07
0.41721,1.6192,5.0023,2.5886,2.6811,0.10773,1.7036,0.41447,0.7625,0.01525,0.01445,0.69378,253.49
0.41913,1.5953,4.9912,2.5717,2.665,0.10367,1.6855,0.41612,0.76305,0.015554,0.01445,0.69344,253.92
0.36289,3.9324,5.0041,7.1144,2.6903,2.4791,1.7255,0.36587,0.76636,0.015563,0.01445,0.69582,254.12
0.36272,4.2008,4.9765,7.7345,2.6548,2.8014,1.6944,0.36572,0.76629,0.016004,0.01445,0.69528,254.15
0.36255,4.2146,4.981,7.7601,2.6612,2.8157,1.6997,0.36539,0.76648,0.015915,0.01445,0.69531,254.18
0.36238,4.2254,4.9838,7.7822,2.6645,2.8273,1.7023,0.36524,0.76644,0.015858,0.01445,0.69533,254.21
0.36221,4.2352,4.9854,7.8022,2.6665,2.8376,1.7041,0.36509,0.76644,0.015818,0.01445,0.69535,254.25
0.36204,4.2368,4.9855,7.8054,2.6666,2.8394,1.7043,0.36504,0.76646,0.015813,0.01445,0.69535,254.29
0.41933,1.5976,4.9788,2.5817,2.6499,0.1031,1.6737,0.41631,0.76239,0.015566,0.01445,0.6933,253.96
0.41952,1.5722,4.9474,2.5326,2.611,0.081455,1.6409,0.41652,0.76288,0.015659,0.01445,0.69312,253.99
0.41972,1.5735,4.9386,2.5378,2.6002,0.080562,1.6325,0.4167,0.76243,0.015626,0.01445,0.69305,254.04
0.41992,1.4981,4.892,2.3784,2.5416,0.0023845,1.5841,0.41691,0.76321,0.015716,0.01445,0.69282,254.06
0.42011,1.5045,4.8914,2.3947,2.5413,0.0039354,1.5854,0.41709,0.76241,0.015643,0.01445,0.69278,254.11
0.42031,1.5003,4.8903,2.3861,2.5404,0.0015006,1.5845,0.41721,0.76262,0.015653,0.01445,0.69279,254.16
0.42051,1.4987,4.8882,2.3857,2.5377,0.0028241,1.5819,0.41739,0.76282,0.015673,0.01445,0.69277,254.2
0.4207,1.4987,4.8893,2.3885,2.5385,0.0046357,1.5824,0.41757,0.76281,0.015674,0.01445,0.69277,254.25
0.4209,1.4973,4.8735,2.3958,2.5186,0.004626,1.5656,0.41779,0.76246,0.015781,0.01445,0.69252,254.3
0.36203,4.2385,4.9858,7.8086,2.6669,2.8411,1.7045,0.365,0.76646,0.015808,0.01445,0.69535,254.29
0.36201,4.2443,4.9859,7.8211,2.6671,2.847,1.7049,0.36493,0.76643,0.015793,0.01445,0.69535,254.3
0.362,4.423,4.9642,8.2274,2.6386,3.0612,1.6807,0.36493,0.76639,0.015652,0.01445,0.6951,254.29
0.36199,4.439,4.9631,8.2661,2.6373,3.0822,1.679,0.36492,0.76658,0.015743,0.01445,0.69504,254.29
0.36198,4.4572,4.9605,8.3088,2.6343,3.1038,1.6765,0.36491,0.76654,0.015758,0.01445,0.69499,254.29
0.36196,4.4579,4.9611,8.3105,2.6349,3.1045,1.6769,0.36489,0.76652,0.015757,0.01445,0.69499,254.3
0.36195,4.5318,4.9505,8.4823,2.6212,3.1921,1.6658,0.36485,0.76635,0.015757,0.01445,0.69482,254.3
0.36194,4.5318,4.9505,8.4823,2.6212,3.1923,1.6658,0.36485,0.76637,0.015756,0.01445,0.69482,254.3
0.36192,4.5319,4.9505,8.4823,2.6213,3.1925,1.6658,0.36485,0.76639,0.015756,0.01445,0.69482,254.31
0.36191,4.5325,4.9505,8.4823,2.6219,3.1933,1.6658,0.36484,0.76641,0.015756,0.01445,0.69482,254.31
0.3619,4.5325,4.9505,8.4824,2.6219,3.1934,1.6659,0.36484,0.76642,0.015756,0.01445,0.69482,254.31
0.36189,4.5326,4.9508,8.4831,2.6222,3.1937,1.666,0.36484,0.76642,0.015756,0.01445,0.69482,254.31
0.36187,4.5328,4.9512,8.4836,2.6226,3.194,1.6663,0.36483,0.76644,0.015756,0.01445,0.69482,254.32
0.42091,1.4933,4.8736,2.3861,2.519,0.00016872,1.566,0.41779,0.76251,0.015759,0.01445,0.69255,254.3
0.42093,1.4932,4.8736,2.3859,2.5192,0.00021366,1.5662,0.41781,0.76253,0.015758,0.01445,0.69255,254.31
0.42094,1.493,4.8737,2.3855,2.5193,1.1338e-05,1.5662,0.41782,0.76253,0.015758,0.01445,0.69255,254.31
0.42096,1.493,4.8737,2.3855,2.5193,1.2325e-05,1.5662,0.41783,0.76253,0.015758,0.01445,0.69255,254.32
0.42097,1.493,4.8737,2.3855,2.5193,1.3712e-05,1.5662,0.41784,0.76253,0.015758,0.01445,0.69255,254.32
0.36187,4.5329,4.9513,8.4839,2.6228,3.1941,1.6664,0.36482,0.76645,0.015756,0.01445,0.69482,254.32
0.36187,4.5331,4.9513,8.4842,2.6228,3.1944,1.6665,0.36482,0.76646,0.015756,0.01445,0.69482,254.32
0.36187,4.5332,4.9513,8.4846,2.6229,3.1946,1.6665,0.36481,0.76646,0.015756,0.01445,0.69482,254.32
0.36186,4.5337,4.9514,8.4852,2.623,3.1948,1.6666,0.3648,0.76646,0.015756,0.01445,0.69482,254.32
0.36186,4.5339,4.9515,8.4857,2.623,3.195,1.6666,0.36479,0.76646,0.015756,0.01445,0.69482,254.32
0.36186,4.5829,4.9441,8.5998,2.6131,3.2538,1.6584,0.36476,0.7664,0.015781,0.01445,0.69472,254.32
0.36186,4.5835,4.9441,8.5998,2.6136,3.2546,1.6586,0.36476,0.76644,0.015781,0.01445,0.69472,254.32
0.36186,4.5835,4.9442,8.5999,2.6137,3.2547,1.6587,0.36476,0.76644,0.015781,0.01445,0.69472,254.32
0.36186,4.5836,4.9435,8.5997,2.6129,3.2548,1.658,0.36476,0.76647,0.015754,0.01445,0.69472,254.32
0.42097,1.493,4.8737,2.3856,2.5194,0.00021846,1.5664,0.41784,0.76254,0.015758,0.01445,0.69255,254.32
0.42097,1.493,4.8737,2.3858,2.5196,0.00023074,1.5664,0.41784,0.76254,0.015758,0.01445,0.69255,254.32
0.42097,1.493,4.8737,2.3858,2.5196,0.00029968,1.5665,0.41785,0.76254,0.015758,0.01445,0.69255,254.32
0.42098,1.493,4.8737,2.3861,2.5197,0.00047401,1.5667,0.41786,0.76255,0.015758,0.01445,0.69255,254.32
0.42098,1.493,4.8739,2.3861,2.52,0.00058277,1.5668,0.41786,0.76255,0.015757,0.01445,0.69256,254.32
0.42098,1.4916,4.8748,2.3825,2.52,0.00090709,1.5666,0.41786,0.76279,0.015748,0.01445,0.69259,254.32

