0.93738,2.1004,4.9953,3.2926,2.671,0.56138,1.6605,0.39323,0.76807,0.014116,0.01445,0.69643,251.18
0.92969,2.1304,4.7922,3.2351,2.3992,0.5778,1.4165,0.39013,0.7672,0.014866,0.01445,0.69803,252.35
0.95274,2.1089,5.0372,3.3698,2.7277,0.51059,1.7914,0.39423,0.76749,0.014477,0.01445,0.69548,251.27
0.96043,2.282,5.2308,3.7791,2.9794,0.6591,2.032,0.39339,0.76488,0.014407,0.01445,0.69529,252.6
0.92791,2.1324,4.7826,3.2357,2.3852,0.59752,1.3934,0.39019,0.76839,0.015179,0.01445,0.69814,252.8
0.92613,2.1405,4.7686,3.2423,2.3642,0.61315,1.3673,0.39031,0.76837,0.015228,0.01445,0.69844,253.29
0.92436,2.1467,4.7479,3.2421,2.3363,0.62583,1.3344,0.3901,0.76848,0.015441,0.01445,0.69867,253.82
0.96227,2.3429,5.3121,3.9182,3.0849,0.69547,2.1259,0.39265,0.76146,0.01451,0.01445,0.69527,252.92
0.9641,2.392,5.3878,4.0349,3.1839,0.73885,2.2144,0.39218,0.76104,0.01506,0.01445,0.69521,253.32
0.96594,2.4301,5.449,4.1313,3.2631,0.76992,2.287,0.39218,0.76014,0.015296,0.01445,0.69516,253.83
0.92375,2.1418,4.7142,3.2218,2.2926,0.61979,1.2976,0.38982,0.76859,0.015498,0.01445,0.69874,254
0.92315,2.1352,4.6899,3.2018,2.2605,0.61305,1.2687,0.38974,0.76855,0.015575,0.01445,0.69879,254.19
0.96657,2.4218,5.4707,4.116,3.2922,0.75007,2.3137,0.3919,0.75927,0.015503,0.01445,0.69508,253.99
0.96721,2.4311,5.4805,4.1426,3.3058,0.75875,2.3273,0.39197,0.75919,0.015588,0.01445,0.695,254.17
0.92306,2.0381,4.6326,2.9651,2.1901,0.48553,1.2164,0.3892,0.76838,0.015465,0.01445,0.69897,254.17
0.92297,1.9249,4.6567,2.7193,2.2182,0.35658,1.2385,0.38975,0.76869,0.015527,0.01445,0.69922,254.15
0.92289,1.9042,4.66,2.664,2.2228,0.32469,1.2428,0.38932,0.76837,0.015532,0.01445,0.69931,254.17
0.9228,1.8502,4.6647,2.5477,2.2281,0.26427,1.2471,0.38984,0.76846,0.015587,0.01445,0.69946,254.17
0.92271,1.8044,4.6691,2.4428,2.2342,0.20952,1.2524,0.38977,0.76865,0.015555,0.01445,0.69956,254.18
0.92262,1.7594,4.6698,2.3412,2.2351,0.15317,1.2531,0.38986,0.76829,0.015587,0.01445,0.69966,254.19
0.92254,1.7329,4.6726,2.2775,2.2385,0.12001,1.2564,0.38976,0.76837,0.015578,0.01445,0.69978,254.2
0.92245,1.6633,4.6803,2.1182,2.2482,0.033981,1.265,0.38983,0.76819,0.015582,0.01445,0.69999,254.2
0.92236,1.6362,4.6831,2.0561,2.2517,0.00061479,1.268,0.38982,0.76813,0.01559,0.01445,0.70008,254.22
0.92227,1.6359,4.6834,2.0548,2.2521,0.00076608,1.2677,0.38982,0.76816,0.015601,0.01445,0.70009,254.25
0.92219,1.6351,4.6834,2.0525,2.2521,0.00016035,1.2671,0.38981,0.76818,0.01561,0.01445,0.70011,254.27
0.9221,1.6354,4.6798,2.0511,2.2471,0.0003402,1.2631,0.3898,0.76821,0.015606,0.01445,0.70015,254.3
0.9673,2.2027,5.4649,3.6452,3.2889,0.49494,2.3136,0.3926,0.75892,0.015585,0.01445,0.69484,254.15
0.96739,2.0025,5.4593,3.2055,3.2833,0.2631,2.3097,0.39314,0.75877,0.015595,0.01445,0.69479,254.16
0.96749,2.0028,5.4618,3.2069,3.2869,0.26308,2.3131,0.39315,0.75875,0.015611,0.01445,0.69478,254.19
0.96758,2.0029,5.4623,3.2073,3.2873,0.26266,2.3139,0.39316,0.75874,0.01561,0.01445,0.69478,254.22
0.96767,2.0031,5.4657,3.2084,3.2918,0.26245,2.3179,0.39316,0.75872,0.015622,0.01445,0.69478,254.24
0.96776,2.0034,5.4666,3.2091,3.2929,0.26236,2.3194,0.39316,0.75872,0.015621,0.01445,0.69478,254.27
0.96785,1.9962,5.4702,3.1936,3.2975,0.25323,2.3236,0.39318,0.75867,0.015644,0.01445,0.69478,254.3
0.92208,1.6354,4.6799,2.0511,2.2473,0.0003402,1.2631,0.3898,0.76821,0.015606,0.01445,0.70015,254.31
0.92206,1.6352,4.6801,2.0505,2.2475,0.00011029,1.2632,0.3898,0.7682,0.015606,0.01445,0.70015,254.32
0.96787,1.9963,5.4704,3.194,3.2977,0.25312,2.3239,0.39318,0.75864,0.015641,0.01445,0.69478,254.31
0.9679,1.9957,5.4712,3.1925,3.2989,0.25228,2.3249,0.39318,0.75865,0.015644,0.01445,0.69478,254.32
