0.83687,2.1295,4.9902,3.3603,2.6712,0.52686,1.6769,0.39293,0.75995,0.01449,0.01445,0.69614,251.24
0.83001,2.2256,4.9795,3.4677,2.6529,0.58818,1.6439,0.38931,0.75558,0.015325,0.01445,0.69742,252.99
0.85059,2.0469,5.0637,3.2389,2.767,0.48535,1.7893,0.3934,0.77109,0.014981,0.01445,0.69519,251.16
0.85745,2.1033,5.0784,3.4293,2.7852,0.60791,1.8154,0.3959,0.77742,0.01483,0.01445,0.69454,252.86
0.82842,2.274,4.9849,3.5637,2.6536,0.61154,1.6578,0.38928,0.75196,0.014634,0.01445,0.69788,253.41
0.82684,2.3203,4.9684,3.6278,2.6307,0.64592,1.6365,0.38779,0.75058,0.01531,0.01445,0.69832,253.93
0.85909,2.1362,5.0665,3.5298,2.7815,0.6349,1.8229,0.39478,0.77729,0.015659,0.01445,0.69346,253.34
0.86073,2.1313,5.0502,3.561,2.7571,0.65459,1.8039,0.39686,0.77824,0.015207,0.01445,0.69312,253.91
0.8263,2.3007,4.8726,3.5788,2.5069,0.61062,1.5402,0.38764,0.74915,0.015519,0.01445,0.69818,254.11
0.8613,2.1461,5.0512,3.5937,2.7606,0.66629,1.8095,0.39608,0.77849,0.015361,0.01445,0.69293,254.11
0.82622,2.2943,4.8785,3.5632,2.5145,0.60261,1.5462,0.3876,0.74919,0.015453,0.01445,0.69821,254.14
0.82614,2.1805,4.9326,3.313,2.582,0.46658,1.6024,0.38827,0.74895,0.015362,0.01445,0.69857,254.15
0.82606,2.1775,4.9295,3.3005,2.5785,0.4604,1.5992,0.38791,0.74897,0.01541,0.01445,0.6986,254.18
0.82599,2.1542,4.9158,3.2466,2.5619,0.43314,1.5856,0.3879,0.74905,0.015484,0.01445,0.6986,254.21
0.82591,2.1336,4.9153,3.2039,2.5605,0.40853,1.5844,0.38808,0.74886,0.015399,0.01445,0.6986,254.23
0.82583,2.1173,4.9124,3.1668,2.5565,0.38687,1.5817,0.38813,0.74856,0.015559,0.01445,0.69865,254.26
0.82575,2.1143,4.9142,3.157,2.5591,0.38205,1.5842,0.38793,0.74865,0.015485,0.01445,0.69867,254.29
0.86138,2.1517,5.048,3.608,2.7575,0.67143,1.8076,0.39586,0.77847,0.015435,0.01445,0.69282,254.15
0.86146,2.161,5.0345,3.6384,2.7421,0.68423,1.795,0.39592,0.77843,0.015541,0.01445,0.69256,254.18
0.86155,2.169,5.0328,3.6566,2.7399,0.69584,1.7925,0.39599,0.77861,0.015493,0.01445,0.69257,254.21
0.86163,2.2113,5.0164,3.7569,2.7202,0.74394,1.7772,0.39586,0.77843,0.015485,0.01445,0.69234,254.23
0.86171,2.2357,5.0248,3.8125,2.7299,0.77478,1.7846,0.39603,0.77857,0.015462,0.01445,0.69241,254.26
0.86179,2.2391,5.0256,3.8206,2.731,0.77865,1.7859,0.39601,0.77863,0.015488,0.01445,0.6924,254.29
0.82574,2.0371,4.9176,2.9899,2.5615,0.29133,1.5857,0.38824,0.74853,0.015451,0.01445,0.69874,254.29
0.82573,1.9811,4.9156,2.8633,2.561,0.22353,1.5859,0.38834,0.74852,0.015503,0.01445,0.69881,254.28
0.82573,1.9368,4.9169,2.7667,2.5625,0.17081,1.5881,0.38853,0.74845,0.015467,0.01445,0.69885,254.28
0.82572,1.9015,4.9186,2.6938,2.5644,0.13138,1.589,0.38899,0.74833,0.015517,0.01445,0.69887,254.28
0.82571,1.8972,4.9195,2.6796,2.5656,0.12358,1.5907,0.38867,0.74837,0.015483,0.01445,0.6989,254.28
0.8257,1.8973,4.9196,2.6797,2.5659,0.12358,1.5907,0.38867,0.74836,0.015482,0.01445,0.6989,254.29
0.82569,1.7969,4.9171,2.4539,2.5629,0.0010247,1.5896,0.38875,0.74823,0.015512,0.01445,0.69902,254.28
0.82569,1.7969,4.9171,2.4545,2.5634,0.0015515,1.5897,0.3888,0.74823,0.015512,0.01445,0.69902,254.28
0.82568,1.7955,4.9174,2.452,2.5638,0.00016148,1.5901,0.38884,0.74822,0.015506,0.01445,0.69902,254.29
0.82567,1.7955,4.9174,2.4521,2.5638,0.00027034,1.5901,0.38885,0.74822,0.015506,0.01445,0.69902,254.29
0.82566,1.7955,4.9174,2.4523,2.5638,0.00038456,1.5901,0.38886,0.74822,0.015506,0.01445,0.69902,254.29
0.82565,1.7952,4.9175,2.4517,2.5639,9.5065e-05,1.5902,0.38887,0.74822,0.015505,0.01445,0.69902,254.3
0.82565,1.7952,4.9178,2.4519,2.564,0.00023295,1.5902,0.38887,0.74821,0.015505,0.01445,0.69902,254.3
0.82564,1.795,4.9178,2.4515,2.5641,5.9418e-05,1.5902,0.38887,0.74821,0.015505,0.01445,0.69902,254.3
0.82563,1.795,4.9178,2.4515,2.5641,0.00012811,1.5902,0.38887,0.74821,0.015505,0.01445,0.69902,254.31
0.82562,1.795,4.918,2.4516,2.5643,0.00023572,1.5902,0.38888,0.74821,0.015505,0.01445,0.69902,254.31
0.82561,1.7948,4.9181,2.4513,2.5644,9.3281e-05,1.5902,0.38889,0.74821,0.015505,0.01445,0.69902,254.31
0.82561,1.7948,4.9183,2.4515,2.5646,0.00020706,1.5902,0.38889,0.7482,0.015505,0.01445,0.69902,254.32
0.8618,2.8436,5.0301,5.1989,2.7332,1.4888,1.7836,0.3962,0.77806,0.015545,0.01445,0.69192,254.22
0.86181,2.9201,5.0154,5.376,2.7174,1.5747,1.77,0.39564,0.77785,0.015572,0.01445,0.69158,254.22
0.86182,2.9232,5.0167,5.387,2.7186,1.5806,1.7708,0.39586,0.77781,0.015564,0.01445,0.69159,254.22
0.86182,3.2521,4.9869,6.1353,2.6791,1.9675,1.7361,0.39597,0.77733,0.015354,0.01445,0.69123,254.18
0.86183,3.2784,4.9886,6.1953,2.6824,1.9952,1.739,0.39567,0.77722,0.015447,0.01445,0.69114,254.18
0.86184,4.0561,5.0021,7.9666,2.6941,2.9159,1.7408,0.39723,0.77587,0.015505,0.01445,0.69073,254.11
0.86185,4.0839,4.9968,8.0297,2.6904,2.9377,1.7388,0.39595,0.77569,0.015587,0.01445,0.6905,254.09
0.86186,4.9471,4.973,9.9527,2.6549,3.9415,1.7029,0.39492,0.77488,0.01557,0.01445,0.69014,253.99
0.86187,4.9587,4.9746,9.9858,2.6586,3.9538,1.706,0.39492,0.77456,0.015546,0.01445,0.69004,253.99
0.86187,5.0603,4.9431,10.232,2.6203,4.0786,1.6726,0.39556,0.77398,0.01549,0.01445,0.68968,253.98
0.86188,5.1139,4.9368,10.355,2.6133,4.136,1.6672,0.39486,0.77384,0.015566,0.01445,0.68952,253.97
0.86189,6.2315,4.922,12.832,2.5888,5.4353,1.6369,0.3941,0.77205,0.015546,0.01445,0.68926,253.88
0.8619,6.2801,4.9088,12.953,2.5741,5.4915,1.624,0.39393,0.77169,0.015555,0.01445,0.68901,253.87
0.86191,6.4635,4.8684,13.366,2.5234,5.7099,1.5805,0.39418,0.77129,0.015498,0.01445,0.68875,253.86
0.86192,6.5427,4.861,13.544,2.5145,5.8001,1.573,0.39382,0.77116,0.015523,0.01445,0.68865,253.85
0.86192,6.6417,4.8479,13.766,2.4984,5.9166,1.5584,0.39368,0.77108,0.015534,0.01445,0.68853,253.85
0.86193,7.1957,4.8322,14.988,2.476,6.5601,1.5345,0.3931,0.77008,0.01557,0.01445,0.68838,253.83
0.86194,7.2385,4.8227,15.089,2.4651,6.6095,1.5253,0.39297,0.7699,0.01558,0.01445,0.68825,253.83
0.86195,7.3526,4.794,15.346,2.4296,6.7448,1.4948,0.39279,0.76983,0.015536,0.01445,0.68805,253.82
0.86196,7.3772,4.7894,15.405,2.4239,6.7726,1.4903,0.39274,0.76961,0.015559,0.01445,0.68798,253.83
0.86197,7.4463,4.7889,15.55,2.4228,6.8526,1.489,0.3927,0.76959,0.015555,0.01445,0.68804,253.83
0.86197,7.474,4.784,15.615,2.4167,6.8851,1.4837,0.39267,0.76949,0.015561,0.01445,0.68797,253.83
0.86198,7.6872,4.7671,16.082,2.3942,7.1347,1.463,0.39256,0.76915,0.015537,0.01445,0.68791,253.83
0.86199,7.6885,4.7658,16.091,2.3927,7.1356,1.4617,0.39242,0.76909,0.015555,0.01445,0.68784,253.83
0.862,7.6909,4.7538,16.095,2.3778,7.141,1.4494,0.39265,0.76916,0.015525,0.01445,0.68781,253.83
0.86201,7.6931,4.7528,16.105,2.377,7.1425,1.4489,0.39246,0.76911,0.015545,0.01445,0.68775,253.83
0.86202,7.7236,4.7521,16.167,2.3759,7.1776,1.4479,0.39245,0.76912,0.015542,0.01445,0.68778,253.83
0.86203,7.7241,4.7513,16.171,2.375,7.1782,1.4472,0.39242,0.76908,0.01555,0.01445,0.68775,253.84
0.86203,7.7409,4.7495,16.209,2.3728,7.1976,1.4454,0.3924,0.76904,0.015555,0.01445,0.68774,253.84
0.86204,7.754,4.748,16.238,2.371,7.2131,1.4437,0.3924,0.76904,0.015556,0.01445,0.68773,253.84
0.86205,7.7652,4.7456,16.263,2.3681,7.2266,1.4411,0.39242,0.76902,0.015557,0.01445,0.6877,253.84
0.86206,7.7918,4.743,16.322,2.3649,7.2576,1.4382,0.39237,0.76898,0.01556,0.01445,0.68768,253.84
0.86207,7.8024,4.7419,16.345,2.3634,7.27,1.437,0.39238,0.76896,0.015559,0.01445,0.68768,253.85
0.86208,7.8071,4.7411,16.357,2.3624,7.2755,1.4361,0.39236,0.76896,0.015561,0.01445,0.68766,253.85
0.86208,7.8443,4.7377,16.438,2.358,7.3188,1.4322,0.39233,0.76891,0.015558,0.01445,0.68765,253.85
0.86209,7.8446,4.7374,16.44,2.3576,7.3194,1.4318,0.39233,0.7689,0.015561,0.01445,0.68764,253.85
0.8621,7.8453,4.7371,16.442,2.3573,7.3202,1.4316,0.39232,0.7689,0.015563,0.01445,0.68763,253.85
0.86211,7.8667,4.7348,16.489,2.3544,7.3452,1.429,0.39232,0.76887,0.015562,0.01445,0.68762,253.86
0.86212,7.867,4.7346,16.49,2.3541,7.3456,1.4288,0.39231,0.76887,0.015564,0.01445,0.68761,253.86
0.86213,7.8678,4.7344,16.492,2.354,7.3465,1.4286,0.39231,0.76888,0.015565,0.01445,0.68761,253.86
0.86213,7.886,4.7327,16.532,2.3518,7.3676,1.4269,0.39229,0.76885,0.015565,0.01445,0.6876,253.86
0.86214,7.8861,4.7327,16.533,2.3518,7.3679,1.4267,0.3923,0.76885,0.015567,0.01445,0.68759,253.87
0.86215,7.8868,4.7325,16.535,2.3516,7.3688,1.4266,0.3923,0.76885,0.015567,0.01445,0.68759,253.87
0.86216,7.9038,4.7313,16.572,2.35,7.3884,1.4252,0.39228,0.76883,0.015568,0.01445,0.68758,253.87
0.86217,7.9049,4.731,16.575,2.3497,7.3899,1.4249,0.39229,0.76883,0.015568,0.01445,0.68758,253.87
0.86218,7.9056,4.7309,16.577,2.3496,7.3908,1.4248,0.39229,0.76883,0.015569,0.01445,0.68757,253.87
0.86219,7.9112,4.7306,16.589,2.3493,7.3973,1.4245,0.39229,0.76883,0.015569,0.01445,0.68757,253.88
0.86219,7.9125,4.7305,16.593,2.3491,7.3987,1.4244,0.39228,0.76883,0.015571,0.01445,0.68757,253.88
0.8622,7.9213,4.7302,16.611,2.3487,7.4087,1.424,0.39227,0.76881,0.015571,0.01445,0.68757,253.88
0.86221,7.9231,4.7299,16.616,2.3483,7.411,1.4237,0.39228,0.76881,0.015572,0.01445,0.68756,253.88
0.86222,7.9435,4.7289,16.661,2.347,7.4347,1.4225,0.39226,0.76878,0.015573,0.01445,0.68756,253.88
0.86223,7.9437,4.7288,16.662,2.3469,7.435,1.4223,0.39227,0.76879,0.015574,0.01445,0.68755,253.89
0.86224,7.9441,4.7287,16.663,2.3468,7.4355,1.4222,0.39226,0.76879,0.015575,0.01445,0.68755,253.89
0.86224,7.9478,4.7285,16.671,2.3465,7.44,1.422,0.39228,0.76879,0.015574,0.01445,0.68755,253.89
0.86225,7.9482,4.7283,16.673,2.3463,7.4404,1.4219,0.39227,0.76879,0.015576,0.01445,0.68754,253.89
0.86226,7.9658,4.7273,16.711,2.345,7.4608,1.4206,0.39226,0.76876,0.015576,0.01445,0.68754,253.89
0.86227,7.9659,4.7271,16.712,2.3449,7.461,1.4206,0.39226,0.76877,0.015578,0.01445,0.68753,253.9
0.86228,7.9674,4.727,16.715,2.3447,7.4626,1.4205,0.39225,0.76877,0.015579,0.01445,0.68753,253.9
0.86229,7.9927,4.7262,16.77,2.3437,7.492,1.4194,0.39223,0.76874,0.01558,0.01445,0.68753,253.9
0.86229,7.9928,4.726,16.771,2.3435,7.4923,1.4192,0.39224,0.76873,0.015581,0.01445,0.68752,253.9
0.8623,7.9929,4.7259,16.772,2.3433,7.4925,1.419,0.39224,0.76874,0.015582,0.01445,0.68751,253.9
0.86231,7.993,4.7258,16.773,2.3432,7.4926,1.4189,0.39224,0.76874,0.015583,0.01445,0.68751,253.91
0.86232,8.0042,4.7248,16.797,2.3419,7.5058,1.4177,0.39224,0.76873,0.015582,0.01445,0.68751,253.91
0.86233,8.0045,4.7247,16.799,2.3417,7.5061,1.4176,0.39224,0.76872,0.015584,0.01445,0.6875,253.91
0.86234,8.008,4.7245,16.806,2.3415,7.5102,1.4175,0.39225,0.76873,0.015583,0.01445,0.6875,253.91
0.86234,8.0082,4.7244,16.807,2.3414,7.5105,1.4174,0.39224,0.76873,0.015586,0.01445,0.68749,253.91
0.86235,8.0124,4.7243,16.816,2.3412,7.5153,1.4172,0.39225,0.76873,0.015585,0.01445,0.6875,253.92
0.8256,1.7948,4.9183,2.4515,2.5646,0.00025697,1.5902,0.38889,0.74821,0.015505,0.01445,0.69902,254.32
0.86236,8.0124,4.7244,16.816,2.3412,7.5154,1.4172,0.39225,0.76873,0.015585,0.01445,0.6875,253.92
0.86237,8.0139,4.7242,16.82,2.3411,7.5171,1.4171,0.39224,0.76873,0.015587,0.01445,0.68749,253.92
0.86238,8.0241,4.724,16.842,2.3408,7.5288,1.4169,0.39223,0.76872,0.015589,0.01445,0.68749,253.92
0.86238,8.0272,4.7238,16.849,2.3405,7.5324,1.4166,0.39224,0.76871,0.015588,0.01445,0.68749,253.92
0.86239,8.0274,4.7237,16.85,2.3405,7.5328,1.4165,0.39224,0.76872,0.01559,0.01445,0.68748,253.93
0.8624,8.0286,4.7236,16.853,2.3404,7.5342,1.4164,0.39224,0.76872,0.015591,0.01445,0.68748,253.93
0.86241,8.0375,4.7233,16.872,2.34,7.5445,1.4161,0.39224,0.76871,0.015591,0.01445,0.68748,253.93
0.86242,8.0378,4.7231,16.874,2.3398,7.5449,1.416,0.39224,0.76871,0.015593,0.01445,0.68747,253.93
0.86243,8.0452,4.7228,16.889,2.3394,7.5534,1.4156,0.39224,0.7687,0.015593,0.01445,0.68747,253.93
0.86243,8.0481,4.7227,16.896,2.3393,7.5569,1.4155,0.39224,0.76871,0.015593,0.01445,0.68747,253.94
0.86244,8.0506,4.7225,16.902,2.3391,7.5599,1.4153,0.39224,0.7687,0.015595,0.01445,0.68746,253.94
0.86245,8.0521,4.7224,16.906,2.339,7.5616,1.4152,0.39224,0.7687,0.015596,0.01445,0.68746,253.94
0.86246,8.0586,4.7221,16.92,2.3385,7.5691,1.4148,0.39222,0.76869,0.015598,0.01445,0.68746,253.94
0.86247,8.0681,4.7217,16.941,2.3381,7.5804,1.4143,0.39224,0.76869,0.015598,0.01445,0.68745,253.94
0.86248,8.0753,4.7215,16.957,2.3379,7.5885,1.4141,0.39222,0.76868,0.0156,0.01445,0.68745,253.95
0.86248,8.0808,4.721,16.97,2.3373,7.5951,1.4135,0.39222,0.76867,0.015602,0.01445,0.68744,253.95
0.86249,8.0856,4.7206,16.98,2.3368,7.6008,1.4131,0.39223,0.76866,0.015601,0.01445,0.68744,253.95
0.8625,8.0875,4.7205,16.985,2.3365,7.6028,1.4129,0.39221,0.76866,0.015603,0.01445,0.68743,253.95
0.86251,8.1016,4.7199,17.016,2.3358,7.6192,1.4122,0.3922,0.76864,0.015603,0.01445,0.68743,253.95
0.86252,8.1017,4.7197,17.017,2.3356,7.6193,1.412,0.3922,0.76864,0.015604,0.01445,0.68743,253.96
0.86253,8.1102,4.7193,17.035,2.335,7.6293,1.4115,0.3922,0.76864,0.015605,0.01445,0.68742,253.96
0.86254,8.1197,4.7186,17.057,2.3341,7.6407,1.4105,0.39221,0.76863,0.015606,0.01445,0.68741,253.96
0.86254,8.1219,4.7184,17.062,2.3339,7.6431,1.4104,0.39219,0.76862,0.015608,0.01445,0.68741,253.96
0.86255,8.1273,4.7181,17.073,2.3335,7.6494,1.4101,0.39221,0.76863,0.015605,0.01445,0.68742,253.96
0.86256,8.1278,4.7179,17.075,2.3333,7.65,1.4099,0.3922,0.76862,0.015609,0.01445,0.6874,253.97
0.86257,8.149,4.7165,17.121,2.3316,7.6744,1.4085,0.39217,0.76859,0.01561,0.01445,0.6874,253.97
0.86258,8.1491,4.7164,17.122,2.3314,7.6746,1.4083,0.39217,0.76858,0.015611,0.01445,0.68739,253.97
0.86259,8.1509,4.7161,17.126,2.3311,7.6769,1.4079,0.39219,0.76859,0.015609,0.01445,0.68739,253.97
0.86259,8.1519,4.716,17.129,2.3309,7.678,1.4078,0.39218,0.76859,0.01561,0.01445,0.68739,253.97
0.8626,8.1602,4.7158,17.147,2.3306,7.6877,1.4075,0.39218,0.76859,0.015611,0.01445,0.68739,253.98
0.86261,8.1605,4.7156,17.148,2.3304,7.6881,1.4073,0.39218,0.76858,0.015613,0.01445,0.68738,253.98
0.86262,8.1794,4.7144,17.19,2.3288,7.7098,1.406,0.39214,0.76855,0.015615,0.01445,0.68737,253.98
0.86263,8.1795,4.7143,17.19,2.3288,7.7103,1.4058,0.39217,0.76856,0.015615,0.01445,0.68737,253.98
0.86264,8.1801,4.7142,17.192,2.3287,7.711,1.4057,0.39216,0.76856,0.015616,0.01445,0.68736,253.98
0.86264,8.1861,4.714,17.205,2.3284,7.7181,1.4054,0.39217,0.76856,0.015617,0.01445,0.68736,253.99
0.86265,8.1883,4.7138,17.211,2.3282,7.7206,1.4053,0.39216,0.76856,0.015618,0.01445,0.68736,253.99
0.86266,8.206,4.7124,17.25,2.3264,7.7409,1.4037,0.39212,0.76851,0.015619,0.01445,0.68735,253.99
0.86267,8.206,4.7124,17.25,2.3264,7.741,1.4038,0.39214,0.76853,0.015618,0.01445,0.68735,253.99
0.86268,8.208,4.7122,17.255,2.3261,7.7435,1.4035,0.39215,0.76853,0.015619,0.01445,0.68734,253.99
0.86269,8.2124,4.7119,17.265,2.3258,7.7487,1.4032,0.39215,0.76853,0.015621,0.01445,0.68734,254
0.86269,8.2317,4.7109,17.306,2.3245,7.771,1.4021,0.39214,0.7685,0.01562,0.01445,0.68734,254
0.8627,8.2318,4.711,17.307,2.3246,7.7711,1.402,0.39213,0.76851,0.015622,0.01445,0.68734,254
0.86271,8.2319,4.7109,17.308,2.3244,7.7713,1.4019,0.39213,0.7685,0.015624,0.01445,0.68733,254
0.86272,8.2354,4.7107,17.315,2.3242,7.7754,1.4017,0.39214,0.7685,0.015623,0.01445,0.68733,254
0.86273,8.2357,4.7105,17.317,2.324,7.7757,1.4016,0.39214,0.7685,0.015625,0.01445,0.68732,254.01
0.86274,8.2398,4.7104,17.325,2.3238,7.7806,1.4014,0.39215,0.7685,0.015624,0.01445,0.68733,254.01
0.86275,8.2401,4.7102,17.327,2.3236,7.781,1.4012,0.39214,0.7685,0.015626,0.01445,0.68732,254.01
0.86275,8.2464,4.7101,17.34,2.3234,7.7884,1.401,0.39214,0.76851,0.015627,0.01445,0.68732,254.01
0.86276,8.2488,4.7099,17.346,2.3233,7.7911,1.4009,0.39214,0.7685,0.015628,0.01445,0.68731,254.01
0.86277,8.2541,4.7096,17.358,2.3229,7.7973,1.4006,0.39214,0.76849,0.015628,0.01445,0.68731,254.02
0.86278,8.2559,4.7095,17.362,2.3227,7.7993,1.4004,0.39214,0.76849,0.01563,0.01445,0.68731,254.02
0.86279,8.281,4.7084,17.417,2.3214,7.8284,1.3992,0.3921,0.76846,0.015632,0.01445,0.6873,254.02
0.8628,8.2811,4.7083,17.418,2.3212,7.8287,1.3989,0.39211,0.76846,0.015633,0.01445,0.68729,254.02
0.8628,8.2817,4.7082,17.42,2.3211,7.8294,1.3988,0.39211,0.76846,0.015633,0.01445,0.68729,254.02
0.86281,8.2855,4.7079,17.428,2.3207,7.8338,1.3985,0.39212,0.76846,0.015632,0.01445,0.68729,254.03
0.86282,8.2858,4.7077,17.429,2.3205,7.8341,1.3983,0.39212,0.76846,0.015634,0.01445,0.68728,254.03
0.86283,8.2909,4.7074,17.44,2.3202,7.8403,1.398,0.39212,0.76846,0.015635,0.01445,0.68728,254.03
0.86284,8.2958,4.7071,17.452,2.3198,7.8459,1.3977,0.39211,0.76845,0.015637,0.01445,0.68727,254.03
0.86285,8.2998,4.7069,17.46,2.3196,7.8507,1.3975,0.39212,0.76845,0.015638,0.01445,0.68727,254.03
0.86285,8.3046,4.7066,17.471,2.3192,7.8562,1.3971,0.39212,0.76845,0.015639,0.01445,0.68727,254.04
0.86286,8.3157,4.7059,17.496,2.3183,7.869,1.3963,0.3921,0.76842,0.015639,0.01445,0.68726,254.04
0.86287,8.3289,4.7046,17.525,2.3167,7.8843,1.3949,0.39208,0.7684,0.015638,0.01445,0.68725,254.04
0.86288,8.3311,4.7046,17.53,2.3165,7.8871,1.3948,0.3921,0.76841,0.015637,0.01445,0.68726,254.04
0.86289,8.3314,4.7044,17.531,2.3163,7.8874,1.3946,0.39209,0.7684,0.01564,0.01445,0.68725,254.04
0.8629,8.3327,4.7044,17.534,2.3164,7.889,1.3946,0.3921,0.76841,0.015639,0.01445,0.68725,254.05
0.86291,8.3338,4.7043,17.536,2.3163,7.8901,1.3945,0.3921,0.76841,0.01564,0.01445,0.68725,254.05
0.86291,8.3396,4.7042,17.549,2.3161,7.897,1.3944,0.39211,0.76841,0.01564,0.01445,0.68725,254.05
0.86292,8.34,4.704,17.551,2.3159,7.8974,1.3943,0.39209,0.7684,0.015643,0.01445,0.68724,254.05
0.86293,8.3445,4.7039,17.561,2.3158,7.9027,1.3941,0.3921,0.76841,0.015644,0.01445,0.68724,254.06
0.86294,8.3507,4.7037,17.574,2.3155,7.9099,1.3938,0.3921,0.7684,0.015644,0.01445,0.68724,254.06
0.86295,8.3519,4.7035,17.577,2.3153,7.9112,1.3937,0.3921,0.7684,0.015646,0.01445,0.68723,254.06
0.86296,8.3653,4.7032,17.606,2.3149,7.9267,1.3933,0.39208,0.76839,0.015648,0.01445,0.68723,254.06
0.86296,8.3655,4.7031,17.608,2.3148,7.9271,1.3931,0.39208,0.76838,0.015649,0.01445,0.68722,254.06
0.86297,8.3866,4.7017,17.654,2.313,7.9516,1.3915,0.39206,0.76836,0.015648,0.01445,0.68722,254.07
0.86298,8.3868,4.7016,17.655,2.3128,7.9519,1.3913,0.39206,0.76835,0.01565,0.01445,0.68721,254.07
0.86299,8.3876,4.7016,17.656,2.3128,7.9529,1.3913,0.39207,0.76836,0.01565,0.01445,0.68721,254.07
0.863,8.3889,4.7014,17.66,2.3126,7.9544,1.3911,0.39207,0.76836,0.015651,0.01445,0.68721,254.07
0.86301,8.3938,4.7011,17.67,2.3122,7.9601,1.3908,0.39208,0.76836,0.015651,0.01445,0.68721,254.07
0.86301,8.3948,4.701,17.673,2.312,7.9613,1.3907,0.39207,0.76835,0.015652,0.01445,0.6872,254.08
0.86302,8.4077,4.7007,17.701,2.3117,7.9764,1.3902,0.39207,0.76835,0.015652,0.01445,0.6872,254.08
0.86303,8.408,4.7006,17.702,2.3115,7.9766,1.3901,0.39206,0.76834,0.015653,0.01445,0.6872,254.08
0.86304,8.4101,4.7005,17.707,2.3114,7.9792,1.39,0.39207,0.76834,0.015654,0.01445,0.6872,254.08
0.86305,8.4114,4.7003,17.71,2.3112,7.9805,1.3899,0.39207,0.76834,0.015655,0.01445,0.68719,254.08
0.86306,8.424,4.6999,17.737,2.3107,7.9952,1.3894,0.39205,0.76833,0.015657,0.01445,0.68719,254.09
0.86306,8.4243,4.6997,17.739,2.3105,7.9956,1.3892,0.39206,0.76833,0.015659,0.01445,0.68718,254.09
0.86307,8.4294,4.6994,17.75,2.31,8.0015,1.3888,0.39206,0.76832,0.015658,0.01445,0.68718,254.09
0.86308,8.4305,4.6992,17.753,2.3098,8.0028,1.3886,0.39206,0.76832,0.015659,0.01445,0.68718,254.09
0.86309,8.4406,4.6987,17.776,2.3093,8.0145,1.3881,0.39204,0.76831,0.015662,0.01445,0.68717,254.09
0.8631,8.4431,4.6985,17.781,2.309,8.0174,1.3879,0.39205,0.76831,0.015662,0.01445,0.68717,254.1
0.86311,8.4495,4.6981,17.795,2.3085,8.025,1.3874,0.39205,0.7683,0.015662,0.01445,0.68717,254.1
0.86312,8.4511,4.6979,17.799,2.3083,8.0268,1.3872,0.39204,0.7683,0.015663,0.01445,0.68716,254.1
0.86312,8.4571,4.6977,17.812,2.3079,8.0337,1.3869,0.39205,0.7683,0.015662,0.01445,0.68716,254.1
0.86313,8.4574,4.6974,17.814,2.3076,8.0341,1.3867,0.39204,0.76829,0.015665,0.01445,0.68715,254.1
0.86314,8.4612,4.6972,17.822,2.3075,8.0386,1.3865,0.39205,0.7683,0.015665,0.01445,0.68715,254.11
0.86315,8.4677,4.6969,17.836,2.307,8.0462,1.3861,0.39204,0.76828,0.015667,0.01445,0.68715,254.11
0.86316,8.4729,4.6967,17.848,2.3067,8.0524,1.3857,0.39205,0.76829,0.015667,0.01445,0.68715,254.11
0.86317,8.4746,4.6965,17.853,2.3064,8.0543,1.3855,0.39203,0.76828,0.01567,0.01445,0.68714,254.11
0.86317,8.4777,4.6964,17.859,2.3065,8.058,1.3855,0.39205,0.76829,0.015669,0.01445,0.68714,254.11
0.86318,8.4803,4.6964,17.865,2.3064,8.0611,1.3854,0.39206,0.76829,0.015669,0.01445,0.68714,254.12
0.86319,8.4821,4.6961,17.87,2.3061,8.0631,1.3852,0.39203,0.76828,0.015672,0.01445,0.68713,254.12
0.8632,8.4868,4.6961,17.879,2.306,8.0686,1.3851,0.39204,0.76829,0.015672,0.01445,0.68713,254.12
0.86321,8.5001,4.6952,17.909,2.3049,8.084,1.3841,0.39203,0.76826,0.015674,0.01445,0.68712,254.12
0.86322,8.5057,4.6948,17.922,2.3044,8.0905,1.3836,0.39202,0.76826,0.015675,0.01445,0.68712,254.12
0.86322,8.5285,4.6932,17.971,2.3023,8.117,1.3817,0.39199,0.76822,0.015673,0.01445,0.68711,254.13
0.86323,8.5287,4.693,17.973,2.3021,8.1173,1.3816,0.39199,0.76821,0.015675,0.01445,0.6871,254.13
0.86324,8.5298,4.6928,17.975,2.3019,8.1186,1.3814,0.39201,0.76822,0.015675,0.01445,0.6871,254.13
0.86325,8.5391,4.6925,17.995,2.3015,8.1294,1.381,0.392,0.76821,0.015676,0.01445,0.6871,254.13
0.86326,8.5394,4.6924,17.997,2.3013,8.1298,1.3808,0.392,0.76821,0.015677,0.01445,0.6871,254.13
0.86327,8.5437,4.692,18.006,2.3008,8.1348,1.3804,0.392,0.76821,0.015677,0.01445,0.68709,254.14
0.86328,8.5448,4.6919,18.009,2.3007,8.1362,1.3803,0.39201,0.76821,0.015678,0.01445,0.68709,254.14
0.86328,8.5468,4.6917,18.013,2.3005,8.1384,1.3802,0.392,0.76821,0.015679,0.01445,0.68709,254.14
0.86329,8.5523,4.6914,18.025,2.3001,8.1448,1.3798,0.392,0.7682,0.015679,0.01445,0.68709,254.14
0.8633,8.5538,4.6913,18.029,2.3,8.1466,1.3797,0.39201,0.76821,0.01568,0.01445,0.68708,254.14
0.86331,8.5554,4.6912,18.033,2.2999,8.1486,1.3796,0.39201,0.76821,0.015681,0.01445,0.68708,254.15
0.86332,8.5573,4.6911,18.037,2.2997,8.1507,1.3795,0.39201,0.76821,0.015681,0.01445,0.68708,254.15
0.86333,8.5603,4.6909,18.044,2.2995,8.1541,1.3794,0.392,0.7682,0.015683,0.01445,0.68708,254.15
0.86333,8.5904,4.6897,18.109,2.298,8.1889,1.378,0.39197,0.76816,0.015686,0.01445,0.68707,254.15
0.86334,8.5904,4.6895,18.11,2.2977,8.1889,1.3777,0.39196,0.76815,0.015687,0.01445,0.68706,254.15
0.86335,8.5908,4.6891,18.112,2.2972,8.1897,1.3772,0.39198,0.76816,0.015686,0.01445,0.68706,254.16
0.86336,8.5924,4.689,18.115,2.2971,8.1916,1.377,0.39199,0.76816,0.015686,0.01445,0.68706,254.16
0.86337,8.5937,4.6889,18.118,2.2969,8.1931,1.3769,0.39198,0.76816,0.015687,0.01445,0.68705,254.16
0.86338,8.5951,4.6887,18.122,2.2968,8.1948,1.3768,0.39198,0.76816,0.015688,0.01445,0.68705,254.16
0.86338,8.6024,4.6885,18.137,2.2964,8.2031,1.3765,0.39199,0.76816,0.015688,0.01445,0.68705,254.16
0.86339,8.6025,4.6884,18.138,2.2964,8.2032,1.3765,0.39198,0.76816,0.015689,0.01445,0.68705,254.17
0.8634,8.6039,4.6883,18.141,2.2962,8.205,1.3763,0.39199,0.76816,0.01569,0.01445,0.68705,254.17
0.86341,8.6068,4.6882,18.148,2.2961,8.2083,1.3762,0.39198,0.76816,0.015691,0.01445,0.68704,254.17
0.86342,8.6112,4.688,18.157,2.2959,8.2135,1.376,0.39199,0.76816,0.015691,0.01445,0.68704,254.17
0.86343,8.6129,4.6879,18.162,2.2957,8.2154,1.3759,0.39199,0.76816,0.015693,0.01445,0.68704,254.17
0.86344,8.6313,4.6874,18.2,2.2951,8.2365,1.3754,0.39197,0.76814,0.015693,0.01445,0.68704,254.18
0.86344,8.6317,4.6872,18.203,2.2948,8.2368,1.3752,0.39195,0.76812,0.015696,0.01445,0.68703,254.18
0.86345,8.6584,4.6855,18.261,2.2926,8.2684,1.3729,0.39197,0.76808,0.01569,0.01445,0.68703,254.18
0.86346,8.6585,4.6854,18.262,2.2924,8.2684,1.3728,0.39194,0.76809,0.015693,0.01445,0.68702,254.18
0.86347,8.6588,4.6852,18.264,2.2923,8.269,1.3726,0.39194,0.76809,0.015696,0.01445,0.68701,254.18
0.86348,8.661,4.6851,18.269,2.2922,8.2715,1.3725,0.39195,0.7681,0.015697,0.01445,0.68701,254.19
0.86349,8.6632,4.6849,18.274,2.292,8.274,1.3724,0.39194,0.76809,0.015698,0.01445,0.687,254.19
0.86349,8.6682,4.6845,18.285,2.2915,8.2798,1.372,0.39195,0.76809,0.0157,0.01445,0.687,254.19
0.8635,8.6732,4.684,18.297,2.2909,8.2858,1.3714,0.39194,0.76808,0.015701,0.01445,0.68699,254.19
0.86351,8.6789,4.6837,18.308,2.2905,8.2924,1.3711,0.39195,0.76808,0.0157,0.01445,0.687,254.19
0.86352,8.679,4.6837,18.309,2.2904,8.2924,1.371,0.39194,0.76809,0.015702,0.01445,0.68699,254.2
0.86353,8.6803,4.6835,18.312,2.2903,8.294,1.3709,0.39195,0.76808,0.015702,0.01445,0.68699,254.2
0.86354,8.683,4.6834,18.318,2.2901,8.2971,1.3707,0.39194,0.76808,0.015703,0.01445,0.68699,254.2
0.86354,8.6859,4.6833,18.325,2.29,8.3005,1.3706,0.39195,0.76808,0.015704,0.01445,0.68699,254.2
0.86355,8.6886,4.6832,18.331,2.2898,8.3036,1.3705,0.39194,0.76808,0.015705,0.01445,0.68698,254.2
0.86356,8.6902,4.683,18.335,2.2896,8.3055,1.3703,0.39195,0.76808,0.015706,0.01445,0.68698,254.21
0.86357,8.7254,4.6818,18.41,2.2881,8.3461,1.3688,0.3919,0.76804,0.01571,0.01445,0.68698,254.21
0.86358,8.7253,4.6815,18.412,2.2878,8.3462,1.3684,0.39191,0.76803,0.015711,0.01445,0.68697,254.21
0.86359,8.7255,4.6813,18.413,2.2875,8.3465,1.3682,0.39191,0.76803,0.015711,0.01445,0.68696,254.21
0.86359,8.7266,4.6812,18.415,2.2873,8.3479,1.3681,0.39192,0.76803,0.015711,0.01445,0.68696,254.21
0.8636,8.7267,4.6811,18.416,2.2872,8.348,1.368,0.39192,0.76804,0.015711,0.01445,0.68696,254.22
0.86361,8.7287,4.6809,18.42,2.287,8.3503,1.3679,0.39192,0.76803,0.015712,0.01445,0.68696,254.22
0.86362,8.73,4.6808,18.424,2.2868,8.3518,1.3677,0.39191,0.76803,0.015713,0.01445,0.68695,254.22
0.86363,8.7403,4.6805,18.444,2.2864,8.3637,1.3674,0.39193,0.76804,0.015711,0.01445,0.68696,254.22
0.86364,8.7406,4.6803,18.447,2.2862,8.3641,1.3671,0.39191,0.76803,0.015714,0.01445,0.68695,254.22
0.86365,8.7429,4.6801,18.452,2.286,8.3669,1.367,0.39192,0.76802,0.015715,0.01445,0.68695,254.23
0.86365,8.7454,4.6799,18.458,2.2858,8.3696,1.3668,0.39191,0.76802,0.015715,0.01445,0.68694,254.23
0.86366,8.7469,4.6798,18.462,2.2856,8.3713,1.3666,0.39191,0.76802,0.015716,0.01445,0.68694,254.23
0.86367,8.762,4.6795,18.492,2.2852,8.3888,1.3664,0.39192,0.76802,0.015714,0.01445,0.68696,254.23
0.86368,8.7625,4.6792,18.495,2.2849,8.3894,1.366,0.3919,0.76801,0.015718,0.01445,0.68694,254.23
0.86369,8.7628,4.679,18.497,2.2846,8.39,1.3658,0.39191,0.76801,0.015719,0.01445,0.68693,254.24
0.8637,8.7947,4.6775,18.566,2.2827,8.4271,1.3638,0.39187,0.76798,0.01572,0.01445,0.68693,254.24
0.8637,8.7948,4.6772,18.568,2.2823,8.4272,1.3635,0.39187,0.76796,0.015722,0.01445,0.68692,254.24
0.86371,8.7949,4.6771,18.568,2.2821,8.4273,1.3633,0.39187,0.76796,0.015723,0.01445,0.68691,254.24
0.86372,8.7952,4.6771,18.569,2.2821,8.4277,1.3634,0.39188,0.76797,0.015722,0.01445,0.68691,254.24
0.86373,8.796,4.6769,18.571,2.2819,8.4287,1.3632,0.39188,0.76797,0.015724,0.01445,0.68691,254.25
0.86374,8.7984,4.6768,18.576,2.2818,8.4315,1.3631,0.39189,0.76797,0.015724,0.01445,0.68691,254.25
0.86375,8.8007,4.6766,18.582,2.2816,8.4342,1.3629,0.39189,0.76797,0.015725,0.01445,0.6869,254.25
0.86375,8.8071,4.6761,18.595,2.281,8.4415,1.3624,0.39188,0.76796,0.015725,0.01445,0.6869,254.25
0.86376,8.809,4.6759,18.6,2.2807,8.4438,1.3622,0.39187,0.76796,0.015727,0.01445,0.6869,254.25
0.86377,8.811,4.6759,18.604,2.2807,8.4462,1.3622,0.39189,0.76796,0.015726,0.01445,0.6869,254.26
0.86378,8.8113,4.6759,18.606,2.2806,8.4466,1.3621,0.39189,0.76797,0.015727,0.01445,0.68689,254.26
0.86379,8.8144,4.6757,18.612,2.2804,8.4501,1.362,0.39189,0.76796,0.015728,0.01445,0.68689,254.26
0.8638,8.8175,4.6755,18.619,2.2802,8.4537,1.3618,0.39189,0.76796,0.015728,0.01445,0.68689,254.26
0.86381,8.8209,4.6754,18.627,2.2801,8.4576,1.3617,0.39189,0.76796,0.015729,0.01445,0.68689,254.26
0.86381,8.8233,4.6753,18.632,2.28,8.4605,1.3615,0.3919,0.76796,0.015729,0.01445,0.68689,254.27
0.86382,8.8253,4.6753,18.637,2.2799,8.4628,1.3615,0.39189,0.76796,0.015731,0.01445,0.68688,254.27
0.86383,8.8292,4.6751,18.646,2.2797,8.4674,1.3613,0.39189,0.76796,0.015732,0.01445,0.68688,254.27
0.86384,8.839,4.6745,18.668,2.279,8.4787,1.3607,0.39188,0.76794,0.015734,0.01445,0.68687,254.27
0.86385,8.8499,4.674,18.692,2.2785,8.4914,1.3601,0.39187,0.76793,0.015736,0.01445,0.68687,254.27
0.86386,8.8585,4.6735,18.71,2.2777,8.5013,1.3595,0.39186,0.76791,0.015736,0.01445,0.68687,254.27
0.86386,8.8586,4.6734,18.711,2.2777,8.5014,1.3594,0.39186,0.76792,0.015736,0.01445,0.68686,254.28
0.86387,8.8605,4.6733,18.715,2.2775,8.5038,1.3592,0.39188,0.76792,0.015736,0.01445,0.68686,254.28
0.86388,8.8741,4.6726,18.745,2.2766,8.5195,1.3584,0.39185,0.7679,0.015739,0.01445,0.68685,254.28
0.86389,8.8757,4.6724,18.749,2.2764,8.5214,1.3582,0.39186,0.7679,0.015738,0.01445,0.68685,254.28
0.8639,8.8759,4.6724,18.75,2.2763,8.5217,1.3582,0.39186,0.7679,0.015739,0.01445,0.68685,254.28
0.86391,8.8791,4.6722,18.757,2.2761,8.5254,1.358,0.39186,0.7679,0.01574,0.01445,0.68685,254.29
0.86391,8.8823,4.6721,18.764,2.2759,8.5292,1.3578,0.39186,0.7679,0.01574,0.01445,0.68685,254.29
0.86392,8.8853,4.6719,18.771,2.2757,8.5326,1.3576,0.39186,0.7679,0.015741,0.01445,0.68684,254.29
0.86393,8.8886,4.6717,18.778,2.2755,8.5364,1.3574,0.39186,0.7679,0.015742,0.01445,0.68684,254.29
0.86394,8.8918,4.6716,18.786,2.2753,8.5402,1.3572,0.39186,0.76789,0.015743,0.01445,0.68684,254.29
0.86395,8.8953,4.6714,18.794,2.2751,8.5443,1.357,0.39186,0.76789,0.015743,0.01445,0.68684,254.3
0.86396,8.8988,4.6712,18.801,2.2748,8.5483,1.3568,0.39186,0.76789,0.015744,0.01445,0.68683,254.3
0.86396,8.9024,4.6711,18.809,2.2746,8.5525,1.3567,0.39186,0.76789,0.015745,0.01445,0.68683,254.3
0.86397,8.906,4.6709,18.818,2.2744,8.5567,1.3565,0.39185,0.76788,0.015746,0.01445,0.68683,254.3
0.86398,8.9097,4.6707,18.826,2.2742,8.561,1.3563,0.39185,0.76788,0.015747,0.01445,0.68683,254.3
0.86399,8.9139,4.6705,18.835,2.274,8.5659,1.3561,0.39185,0.76788,0.015747,0.01445,0.68682,254.31
0.864,8.9178,4.6703,18.844,2.2737,8.5704,1.3558,0.39185,0.76787,0.015748,0.01445,0.68682,254.31
0.86401,8.9218,4.6701,18.853,2.2735,8.575,1.3556,0.39185,0.76787,0.015749,0.01445,0.68682,254.31
0.86402,8.9244,4.6699,18.858,2.2732,8.578,1.3554,0.39186,0.76787,0.015749,0.01445,0.68682,254.31
0.86402,8.9417,4.6691,18.897,2.2723,8.5981,1.3544,0.39183,0.76784,0.015753,0.01445,0.68681,254.31
0.86403,8.9448,4.6689,18.904,2.272,8.6017,1.3542,0.39183,0.76784,0.015753,0.01445,0.6868,254.32
0.86404,8.9469,4.6687,18.908,2.2717,8.6042,1.354,0.39184,0.76784,0.015753,0.01445,0.6868,254.32
