0.8583,2.1309,4.9898,3.3535,2.6701,0.54617,1.6659,0.3927,0.76155,0.014534,0.01445,0.69627,251.32
0.85127,2.1918,4.9292,3.3689,2.5862,0.55012,1.5856,0.38848,0.75612,0.014999,0.01445,0.69774,253.07
0.87238,2.057,5.0604,3.3239,2.7732,0.48257,1.8032,0.39419,0.76782,0.015092,0.01445,0.69389,251.2
0.87941,2.0712,5.0788,3.3578,2.7871,0.53468,1.8387,0.39511,0.77532,0.014627,0.01445,0.6943,253.11
0.84964,2.2091,4.8744,3.3529,2.5013,0.54809,1.5223,0.38871,0.75432,0.015386,0.01445,0.69911,253.6
0.84801,2.2284,4.8862,3.3842,2.5171,0.56626,1.5279,0.38825,0.75343,0.015394,0.01445,0.69924,254.24
0.88109,2.1001,5.0935,3.4988,2.8186,0.56467,1.8718,0.39579,0.7735,0.015511,0.01445,0.69277,253.51
0.88277,2.1104,5.0956,3.5549,2.8245,0.58889,1.88,0.3967,0.77429,0.015352,0.01445,0.69227,254.13
0.84793,2.2317,4.8865,3.3772,2.518,0.55964,1.53,0.38729,0.75319,0.015385,0.01445,0.69936,254.26
0.84785,2.1987,4.8704,3.3029,2.4974,0.51996,1.5133,0.38735,0.75311,0.015437,0.01445,0.69938,254.28
0.84777,2.1779,4.8656,3.2494,2.4921,0.49056,1.5098,0.38694,0.75309,0.015419,0.01445,0.69942,254.31
0.88285,2.1296,5.0985,3.6029,2.83,0.60591,1.8857,0.39642,0.77381,0.015466,0.01445,0.69209,254.15
0.88294,2.1699,5.0967,3.7043,2.8299,0.65532,1.8845,0.3965,0.77372,0.015571,0.01445,0.69185,254.17
0.88302,2.2406,5.0901,3.8703,2.8219,0.74008,1.8768,0.39662,0.77365,0.015503,0.01445,0.69169,254.18
0.88311,2.3374,5.0903,4.0892,2.8215,0.85177,1.8765,0.39648,0.77352,0.015543,0.01445,0.69163,254.19
0.88319,2.4089,5.0779,4.2359,2.8042,0.93235,1.863,0.39605,0.77379,0.015241,0.01445,0.69177,254.21
0.88327,2.4501,5.0855,4.3429,2.8143,0.98337,1.8705,0.39638,0.77356,0.01546,0.01445,0.69157,254.22
0.88336,2.5108,5.0851,4.4858,2.8146,1.0537,1.8708,0.39635,0.77336,0.015576,0.01445,0.69143,254.23
0.88344,2.629,5.0808,4.7562,2.8096,1.1905,1.8663,0.39624,0.77311,0.0156,0.01445,0.69127,254.23
0.88353,2.675,5.0845,4.8532,2.8123,1.2476,1.8671,0.39624,0.77362,0.015423,0.01445,0.69141,254.25
0.88361,2.6923,5.0843,4.897,2.8126,1.2641,1.8688,0.39616,0.77319,0.015512,0.01445,0.6913,254.27
0.88369,2.8146,5.0855,5.1707,2.8125,1.4111,1.8668,0.39628,0.77348,0.015391,0.01445,0.69133,254.27
0.88378,2.8325,5.0848,5.2164,2.8129,1.4284,1.8683,0.39616,0.77308,0.015495,0.01445,0.69119,254.3
0.88386,2.9125,5.0852,5.4001,2.8133,1.5243,1.8674,0.39624,0.77317,0.015527,0.01445,0.69111,254.31
0.88394,2.9871,5.0796,5.5706,2.8071,1.6072,1.8633,0.396,0.77282,0.015617,0.01445,0.69096,254.32
0.84776,2.1413,4.8628,3.1707,2.4883,0.44928,1.5067,0.38722,0.75312,0.01545,0.01445,0.69947,254.3
0.84775,2.0503,4.8522,2.9754,2.4744,0.34111,1.4964,0.38773,0.75277,0.015421,0.01445,0.69949,254.29
0.84775,2.0361,4.8573,2.9371,2.4815,0.32173,1.5023,0.38745,0.75289,0.01551,0.01445,0.69959,254.29
0.84774,1.9724,4.8689,2.8032,2.4955,0.24852,1.514,0.38801,0.75277,0.01537,0.01445,0.69965,254.28
0.84773,1.9607,4.8641,2.7747,2.4893,0.23373,1.5091,0.38794,0.75277,0.015458,0.01445,0.69969,254.28
0.84772,1.9527,4.867,2.7514,2.4942,0.22012,1.5135,0.38763,0.75272,0.015417,0.01445,0.69973,254.28
0.84771,1.9403,4.8669,2.7269,2.4934,0.20711,1.513,0.38787,0.75269,0.015455,0.01445,0.69974,254.28
0.8477,1.7817,4.877,2.3695,2.5071,0.012464,1.527,0.38796,0.7525,0.015334,0.01445,0.7,254.26
0.8477,1.7817,4.877,2.3705,2.5073,0.013136,1.527,0.38803,0.7525,0.015334,0.01445,0.7,254.27
0.84769,1.7776,4.8777,2.3687,2.5064,0.013678,1.5248,0.38845,0.75255,0.015421,0.01445,0.69999,254.27
0.84768,1.7769,4.8772,2.3635,2.5062,0.010482,1.5254,0.38822,0.75254,0.015457,0.01445,0.7,254.27
0.84767,1.7677,4.8775,2.3449,2.5066,0.00020369,1.5252,0.38835,0.75248,0.015452,0.01445,0.7,254.27
0.84766,1.7675,4.8775,2.3446,2.5066,3.2212e-05,1.5252,0.38835,0.75248,0.015452,0.01445,0.7,254.27
0.84765,1.7675,4.8776,2.3445,2.5066,2.4479e-05,1.5252,0.38835,0.75248,0.015452,0.01445,0.7,254.28
0.84765,1.7675,4.8776,2.3445,2.5066,5.0973e-05,1.5252,0.38835,0.75248,0.015452,0.01445,0.7,254.28
0.84764,1.7674,4.8776,2.3444,2.5066,3.2843e-05,1.5252,0.38835,0.75248,0.015452,0.01445,0.7,254.28
0.84763,1.7674,4.8776,2.3444,2.5066,6.6328e-05,1.5252,0.38835,0.75248,0.015452,0.01445,0.7,254.29
0.84762,1.7674,4.878,2.3445,2.5071,4.8755e-05,1.5252,0.38834,0.75246,0.015452,0.01445,0.7,254.29
0.84761,1.7685,4.8761,2.3466,2.5047,4.6448e-05,1.5236,0.38831,0.75234,0.015463,0.01445,0.69999,254.29
0.8476,1.7685,4.8762,2.3466,2.5048,4.6448e-05,1.5238,0.38831,0.75234,0.015463,0.01445,0.69999,254.3
0.8476,1.7685,4.8765,2.3466,2.5051,4.6448e-05,1.5239,0.38831,0.75233,0.015463,0.01445,0.69999,254.3
0.84759,1.7685,4.8765,2.3466,2.5052,4.6448e-05,1.524,0.38831,0.75233,0.015463,0.01445,0.69999,254.31
0.84758,1.7684,4.8765,2.3465,2.5052,1.6806e-05,1.524,0.38831,0.75233,0.015463,0.01445,0.69999,254.31
0.84757,1.7684,4.8765,2.3465,2.5052,8.4028e-07,1.524,0.38831,0.75233,0.015463,0.01445,0.69999,254.31
0.84756,1.7684,4.8765,2.3465,2.5052,3.5036e-05,1.524,0.38831,0.75233,0.015463,0.01445,0.69999,254.32
0.84756,1.7684,4.8765,2.3465,2.5052,6.8431e-05,1.524,0.38831,0.75233,0.015463,0.01445,0.69999,254.32
0.88395,4.3246,5.0232,8.5891,2.7308,3.1718,1.7862,0.39544,0.77077,0.015647,0.01445,0.69001,253.95
0.88396,4.7593,5.0178,9.5433,2.7206,3.6762,1.7733,0.39443,0.77076,0.015458,0.01445,0.69003,253.84
0.88397,5.629,5.0005,11.468,2.6938,4.6866,1.7426,0.39333,0.76951,0.015535,0.01445,0.68983,253.68
0.88397,5.7197,4.9869,11.684,2.6792,4.7905,1.7293,0.39325,0.76873,0.015505,0.01445,0.68953,253.66
0.88398,6.6693,4.961,13.777,2.6419,5.8966,1.6869,0.39206,0.76731,0.015489,0.01445,0.68931,253.55
0.88399,6.7351,4.948,13.928,2.627,5.974,1.6736,0.39199,0.7671,0.015475,0.01445,0.68915,253.55
0.884,6.7402,4.9481,13.94,2.6269,5.9797,1.6735,0.39195,0.76708,0.015464,0.01445,0.68914,253.55
0.88401,6.9887,4.9384,14.484,2.6137,6.2685,1.66,0.39151,0.76677,0.01548,0.01445,0.68909,253.54
0.88402,7.058,4.9263,14.641,2.5986,6.3512,1.6464,0.39153,0.76664,0.01546,0.01445,0.68899,253.53
0.88403,7.087,4.9101,14.708,2.5786,6.388,1.6293,0.39165,0.76669,0.015448,0.01445,0.68889,253.53
0.88403,7.1164,4.9008,14.775,2.5671,6.4206,1.6197,0.39133,0.76662,0.015455,0.01445,0.68881,253.53
0.88404,7.1945,4.8919,14.946,2.5557,6.5109,1.6105,0.39121,0.76647,0.015457,0.01445,0.68877,253.53
0.88405,7.2429,4.8815,15.054,2.5425,6.569,1.599,0.39121,0.76648,0.01545,0.01445,0.68871,253.53
0.88406,7.2956,4.8752,15.17,2.5343,6.6313,1.5915,0.39131,0.76632,0.015452,0.01445,0.68868,253.53
0.88407,7.4247,4.8376,15.46,2.4865,6.7848,1.551,0.39104,0.76629,0.015444,0.01445,0.68846,253.52
0.88408,7.44,4.8351,15.495,2.4835,6.8025,1.5484,0.39101,0.76624,0.015449,0.01445,0.68843,253.53
0.88409,7.4583,4.8338,15.535,2.4819,6.8239,1.5468,0.39098,0.76622,0.01545,0.01445,0.68842,253.53
0.8841,7.4837,4.8311,15.592,2.4785,6.8535,1.5439,0.39098,0.76615,0.015452,0.01445,0.6884,253.53
0.8841,7.4948,4.8297,15.616,2.4767,6.8665,1.5422,0.39094,0.76617,0.015453,0.01445,0.68839,253.53
0.88411,7.5157,4.827,15.663,2.4733,6.8906,1.5394,0.3909,0.7661,0.015453,0.01445,0.68837,253.53
0.88412,7.529,4.826,15.692,2.4719,6.9067,1.5378,0.39089,0.76613,0.015453,0.01445,0.68837,253.53
0.88413,7.5425,4.8235,15.721,2.4687,6.923,1.5352,0.39096,0.76611,0.015448,0.01445,0.68836,253.54
0.88414,7.5477,4.8227,15.734,2.4677,6.9288,1.5344,0.3909,0.7661,0.015453,0.01445,0.68835,253.54
0.88415,7.5601,4.8202,15.762,2.4645,6.9439,1.5315,0.39092,0.7661,0.015452,0.01445,0.68833,253.54
0.88416,7.5642,4.8197,15.772,2.4639,6.9482,1.5311,0.39086,0.76609,0.015456,0.01445,0.68832,253.54
0.88416,7.5848,4.818,15.816,2.4618,6.9719,1.5293,0.39083,0.76607,0.015455,0.01445,0.68832,253.54
0.88417,7.5921,4.8164,15.833,2.4598,6.9808,1.5275,0.39085,0.76605,0.015456,0.01445,0.6883,253.55
0.88418,7.6084,4.8137,15.869,2.4563,7.0004,1.5244,0.39085,0.76605,0.015456,0.01445,0.68828,253.55
0.88419,7.6107,4.8134,15.875,2.4559,7.0028,1.5241,0.39082,0.76604,0.015458,0.01445,0.68828,253.55
0.8842,7.6242,4.8123,15.904,2.4545,7.0183,1.5229,0.39079,0.76603,0.015458,0.01445,0.68828,253.55
0.88421,7.6284,4.8113,15.914,2.4531,7.0235,1.5218,0.39079,0.76605,0.015458,0.01445,0.68827,253.55
0.88422,7.6303,4.8109,15.919,2.4527,7.0258,1.5214,0.39081,0.76603,0.015459,0.01445,0.68826,253.56
0.88422,7.645,4.8091,15.951,2.4505,7.0433,1.5193,0.39081,0.76603,0.01546,0.01445,0.68825,253.56
0.88423,7.6477,4.8088,15.957,2.4501,7.0464,1.519,0.39082,0.76601,0.015462,0.01445,0.68824,253.56
0.88424,7.6498,4.8086,15.962,2.4499,7.0488,1.5188,0.3908,0.76601,0.015463,0.01445,0.68824,253.56
0.88425,7.6572,4.8081,15.979,2.4491,7.0574,1.5182,0.39079,0.766,0.015463,0.01445,0.68823,253.56
0.88426,7.6624,4.8075,15.99,2.4483,7.0635,1.5175,0.39081,0.766,0.015462,0.01445,0.68823,253.57
0.88427,7.6643,4.8073,15.995,2.4481,7.0656,1.5174,0.39079,0.76599,0.015464,0.01445,0.68823,253.57
0.88428,7.668,4.8071,16.003,2.4479,7.0699,1.5172,0.39078,0.766,0.015464,0.01445,0.68823,253.57
0.88428,7.6725,4.8066,16.013,2.4472,7.0751,1.5166,0.39078,0.76599,0.015466,0.01445,0.68822,253.57
0.88429,7.6801,4.8061,16.03,2.4466,7.0839,1.5161,0.39077,0.76598,0.015467,0.01445,0.68822,253.57
0.8843,7.6856,4.8056,16.042,2.446,7.0903,1.5156,0.39076,0.76597,0.015467,0.01445,0.68821,253.58
0.88431,7.6893,4.8052,16.05,2.4455,7.0947,1.5151,0.39077,0.76597,0.015466,0.01445,0.68821,253.58
0.88432,7.6906,4.8051,16.053,2.4454,7.0964,1.515,0.39078,0.76598,0.015467,0.01445,0.68821,253.58
0.88433,7.693,4.805,16.059,2.4452,7.0992,1.5148,0.39079,0.76597,0.015468,0.01445,0.6882,253.58
0.88434,7.6955,4.8048,16.065,2.4451,7.1019,1.5147,0.39075,0.76598,0.01547,0.01445,0.6882,253.58
0.88435,7.6966,4.8048,16.067,2.445,7.1033,1.5147,0.39079,0.76598,0.015469,0.01445,0.6882,253.59
0.88435,7.699,4.8047,16.072,2.4448,7.1061,1.5146,0.39079,0.76598,0.01547,0.01445,0.6882,253.59
0.88436,7.7024,4.8045,16.08,2.4447,7.1099,1.5145,0.39076,0.76597,0.015472,0.01445,0.68819,253.59
0.88437,7.7067,4.8043,16.09,2.4446,7.1151,1.5142,0.39077,0.76597,0.015473,0.01445,0.68819,253.59
0.88438,7.7086,4.8043,16.094,2.4445,7.1172,1.5142,0.39077,0.76597,0.015474,0.01445,0.68819,253.59
0.88439,7.7154,4.804,16.109,2.444,7.125,1.5138,0.39076,0.76596,0.015474,0.01445,0.68819,253.6
0.8844,7.7168,4.8039,16.112,2.4439,7.1268,1.5137,0.39076,0.76597,0.015474,0.01445,0.68818,253.6
0.88441,7.7221,4.8035,16.124,2.4434,7.133,1.5133,0.39077,0.76596,0.015475,0.01445,0.68818,253.6
0.88441,7.7241,4.8034,16.129,2.4433,7.1353,1.5132,0.39077,0.76596,0.015476,0.01445,0.68818,253.6
0.88442,7.7263,4.8033,16.134,2.4432,7.1378,1.5131,0.39075,0.76596,0.015477,0.01445,0.68817,253.6
0.88443,7.7326,4.803,16.147,2.4428,7.1451,1.5128,0.39076,0.76594,0.015477,0.01445,0.68817,253.61
0.88444,7.7344,4.8029,16.152,2.4427,7.1472,1.5127,0.39076,0.76595,0.015478,0.01445,0.68817,253.61
0.88445,7.737,4.8028,16.157,2.4425,7.1502,1.5125,0.39076,0.76595,0.015478,0.01445,0.68817,253.61
0.88446,7.7512,4.8021,16.189,2.4418,7.1668,1.5117,0.39074,0.76594,0.015481,0.01445,0.68816,253.61
0.88447,7.7584,4.8016,16.205,2.4411,7.1753,1.5111,0.39073,0.76593,0.015482,0.01445,0.68815,253.61
0.88447,7.7636,4.8013,16.217,2.4406,7.1812,1.5107,0.39072,0.76592,0.015483,0.01445,0.68815,253.62
0.88448,7.7701,4.8008,16.231,2.44,7.1887,1.5102,0.39071,0.76591,0.015482,0.01445,0.68815,253.62
0.88449,7.7718,4.8005,16.235,2.4396,7.1911,1.5098,0.39073,0.76592,0.015482,0.01445,0.68814,253.62
0.8845,7.776,4.8002,16.245,2.4393,7.1959,1.5095,0.39072,0.76591,0.015484,0.01445,0.68814,253.62
0.88451,7.7781,4.8001,16.249,2.4391,7.1983,1.5094,0.39073,0.76592,0.015485,0.01445,0.68814,253.62
0.88452,7.7824,4.7998,16.259,2.4388,7.2034,1.5091,0.39073,0.76591,0.015486,0.01445,0.68813,253.63
0.88453,7.784,4.7997,16.263,2.4387,7.2052,1.509,0.39073,0.76591,0.015487,0.01445,0.68813,253.63
0.88453,7.7856,4.7997,16.266,2.4386,7.207,1.5089,0.39072,0.76591,0.015488,0.01445,0.68813,253.63
0.88454,7.7902,4.7995,16.276,2.4383,7.2125,1.5087,0.39074,0.76591,0.015487,0.01445,0.68813,253.63
0.88455,7.792,4.7994,16.281,2.4382,7.2144,1.5086,0.39072,0.7659,0.015489,0.01445,0.68812,253.63
0.88456,7.7939,4.7993,16.285,2.4381,7.2166,1.5085,0.3907,0.76591,0.015489,0.01445,0.68812,253.64
0.88457,7.7949,4.7993,16.287,2.4381,7.2177,1.5085,0.39074,0.7659,0.015489,0.01445,0.68812,253.64
0.88458,7.7954,4.7993,16.288,2.4381,7.2184,1.5086,0.39073,0.76592,0.015489,0.01445,0.68812,253.64
0.88459,7.8004,4.7992,16.299,2.4381,7.2243,1.5085,0.39073,0.76591,0.015491,0.01445,0.68812,253.64
0.8846,7.8039,4.7991,16.307,2.438,7.2282,1.5084,0.39073,0.7659,0.015492,0.01445,0.68812,253.64
0.8846,7.8067,4.7991,16.314,2.4379,7.2316,1.5083,0.39072,0.7659,0.015493,0.01445,0.68811,253.65
0.88461,7.8109,4.799,16.323,2.4378,7.2365,1.5082,0.39072,0.7659,0.015494,0.01445,0.68811,253.65
0.88462,7.8155,4.7988,16.333,2.4376,7.2418,1.508,0.39072,0.7659,0.015495,0.01445,0.68811,253.65
0.88463,7.8232,4.7985,16.351,2.4371,7.2507,1.5076,0.3907,0.76589,0.015496,0.01445,0.6881,253.65
0.88464,7.83,4.7981,16.365,2.4367,7.2585,1.5072,0.39068,0.76589,0.015496,0.01445,0.6881,253.65
0.88465,7.8321,4.798,16.37,2.4366,7.2611,1.5071,0.3907,0.76588,0.015497,0.01445,0.6881,253.66
0.88466,7.8389,4.7976,16.385,2.436,7.2691,1.5065,0.3907,0.76588,0.015498,0.01445,0.68809,253.66
0.88466,7.8408,4.7975,16.39,2.4359,7.2713,1.5064,0.3907,0.76587,0.015499,0.01445,0.68809,253.66
0.88467,7.8427,4.7974,16.394,2.4358,7.2734,1.5063,0.39069,0.76587,0.015499,0.01445,0.68809,253.66
0.88468,7.8472,4.7971,16.404,2.4354,7.2788,1.5061,0.39072,0.76587,0.015499,0.01445,0.68809,253.66
0.88469,7.8483,4.7971,16.407,2.4354,7.2799,1.506,0.39069,0.76588,0.0155,0.01445,0.68809,253.67
0.8847,7.8507,4.797,16.412,2.4352,7.2828,1.5059,0.3907,0.76587,0.015501,0.01445,0.68808,253.67
0.88471,7.8578,4.7968,16.428,2.435,7.2911,1.5056,0.39069,0.76587,0.015502,0.01445,0.68808,253.67
0.88472,7.8617,4.7966,16.437,2.4348,7.2956,1.5055,0.39069,0.76586,0.015503,0.01445,0.68808,253.67
0.88472,7.8669,4.7964,16.448,2.4345,7.3017,1.5051,0.39069,0.76586,0.015504,0.01445,0.68807,253.67
0.88473,7.868,4.7963,16.451,2.4344,7.3029,1.5051,0.39068,0.76586,0.015505,0.01445,0.68807,253.68
0.88474,7.8733,4.796,16.463,2.434,7.309,1.5047,0.39067,0.76585,0.015505,0.01445,0.68807,253.68
0.88475,7.8747,4.796,16.466,2.434,7.3108,1.5047,0.39069,0.76585,0.015506,0.01445,0.68807,253.68
0.88476,7.8763,4.7959,16.47,2.4339,7.3126,1.5046,0.39069,0.76585,0.015507,0.01445,0.68806,253.68
0.88477,7.8781,4.7958,16.474,2.4338,7.3147,1.5045,0.3907,0.76585,0.015507,0.01445,0.68806,253.68
0.88478,7.8804,4.7957,16.479,2.4337,7.3174,1.5045,0.3907,0.76585,0.015508,0.01445,0.68806,253.69
0.88478,7.8827,4.7956,16.484,2.4336,7.32,1.5044,0.3907,0.76585,0.015509,0.01445,0.68806,253.69
0.88479,7.8852,4.7956,16.49,2.4335,7.323,1.5043,0.3907,0.76585,0.015509,0.01445,0.68806,253.69
0.8848,7.8884,4.7955,16.497,2.4334,7.3266,1.5042,0.3907,0.76585,0.015511,0.01445,0.68805,253.69
0.88481,7.8921,4.7954,16.506,2.4333,7.3308,1.5041,0.39067,0.76584,0.015512,0.01445,0.68805,253.69
0.88482,7.899,4.7953,16.521,2.4331,7.339,1.5038,0.39068,0.76585,0.015512,0.01445,0.68805,253.7
0.88483,7.9025,4.7951,16.528,2.4329,7.3431,1.5037,0.39069,0.76584,0.015512,0.01445,0.68805,253.7
0.88484,7.9048,4.795,16.534,2.4328,7.3458,1.5036,0.39068,0.76584,0.015514,0.01445,0.68804,253.7
0.88485,7.9125,4.7947,16.55,2.4325,7.3547,1.5033,0.39068,0.76583,0.015514,0.01445,0.68804,253.7
0.88485,7.913,4.7947,16.552,2.4324,7.3552,1.5032,0.39067,0.76583,0.015515,0.01445,0.68804,253.7
0.88486,7.9164,4.7946,16.559,2.4322,7.3592,1.5031,0.39068,0.76583,0.015515,0.01445,0.68804,253.71
0.88487,7.9304,4.7937,16.591,2.4311,7.3755,1.5021,0.39065,0.76581,0.015518,0.01445,0.68803,253.71
0.88488,7.9352,4.7933,16.601,2.4306,7.3811,1.5016,0.39067,0.7658,0.015517,0.01445,0.68803,253.71
0.88489,7.9353,4.7933,16.601,2.4306,7.3812,1.5016,0.39065,0.76582,0.015517,0.01445,0.68803,253.71
0.8849,7.937,4.7932,16.606,2.4305,7.3832,1.5015,0.39065,0.76581,0.015519,0.01445,0.68802,253.71
0.88491,7.9387,4.7931,16.61,2.4304,7.3852,1.5014,0.39066,0.76581,0.01552,0.01445,0.68802,253.72
0.88491,7.9421,4.793,16.617,2.4302,7.3891,1.5013,0.39066,0.7658,0.01552,0.01445,0.68802,253.72
0.88492,7.944,4.7929,16.621,2.4301,7.3913,1.5012,0.39067,0.7658,0.015521,0.01445,0.68801,253.72
0.88493,7.953,4.7925,16.641,2.4296,7.4017,1.5008,0.39064,0.7658,0.015522,0.01445,0.68801,253.72
0.88494,7.9592,4.7921,16.655,2.4292,7.4091,1.5004,0.39065,0.76579,0.015521,0.01445,0.68801,253.72
0.88495,7.9603,4.7921,16.658,2.4291,7.4103,1.5003,0.39064,0.76579,0.015523,0.01445,0.68801,253.73
0.88496,7.9625,4.792,16.663,2.429,7.4129,1.5002,0.39064,0.76579,0.015523,0.01445,0.688,253.73
0.88497,7.964,4.7919,16.666,2.4289,7.4146,1.5001,0.39064,0.76579,0.015524,0.01445,0.688,253.73
0.88497,7.9658,4.7918,16.67,2.4288,7.4167,1.5,0.39064,0.76579,0.015525,0.01445,0.688,253.73
0.88498,7.9722,4.7916,16.684,2.4285,7.424,1.4997,0.39063,0.76579,0.015526,0.01445,0.68799,253.73
0.88499,7.975,4.7914,16.691,2.4283,7.4275,1.4996,0.39064,0.76579,0.015527,0.01445,0.68799,253.74
0.885,7.9794,4.7913,16.701,2.4281,7.4325,1.4994,0.39064,0.76578,0.015528,0.01445,0.68799,253.74
0.88501,7.9809,4.7912,16.704,2.428,7.4342,1.4993,0.39064,0.76578,0.015529,0.01445,0.68799,253.74
0.88502,7.9857,4.791,16.715,2.4277,7.4398,1.4991,0.39063,0.76578,0.01553,0.01445,0.68798,253.74
0.88503,7.9919,4.7908,16.728,2.4275,7.4471,1.4987,0.39063,0.76577,0.01553,0.01445,0.68798,253.74
0.88503,7.9936,4.7907,16.733,2.4273,7.449,1.4986,0.39062,0.76577,0.015531,0.01445,0.68798,253.75
0.88504,7.9988,4.7904,16.744,2.427,7.4551,1.4983,0.39063,0.76577,0.015531,0.01445,0.68798,253.75
0.88505,8.0003,4.7903,16.747,2.4268,7.4568,1.4982,0.39063,0.76576,0.015532,0.01445,0.68797,253.75
0.88506,8.0021,4.7902,16.752,2.4267,7.459,1.4981,0.39063,0.76577,0.015533,0.01445,0.68797,253.75
0.88507,8.0055,4.79,16.759,2.4265,7.4629,1.498,0.39063,0.76577,0.015534,0.01445,0.68797,253.75
0.88508,8.0072,4.7899,16.763,2.4264,7.4649,1.4979,0.39063,0.76577,0.015535,0.01445,0.68796,253.76
0.88509,8.0111,4.7898,16.772,2.4263,7.4694,1.4978,0.39063,0.76576,0.015536,0.01445,0.68796,253.76
0.8851,8.0135,4.7897,16.777,2.4262,7.4721,1.4977,0.39063,0.76575,0.015536,0.01445,0.68796,253.76
0.8851,8.0155,4.7896,16.782,2.4261,7.4745,1.4976,0.39062,0.76576,0.015537,0.01445,0.68796,253.76
0.88511,8.0202,4.7895,16.792,2.426,7.48,1.4974,0.39062,0.76576,0.015538,0.01445,0.68796,253.76
0.88512,8.0265,4.7892,16.806,2.4256,7.4873,1.4971,0.39061,0.76575,0.015539,0.01445,0.68795,253.77
0.88513,8.0336,4.7891,16.822,2.4253,7.4956,1.4968,0.39061,0.76575,0.01554,0.01445,0.68795,253.77
0.88514,8.035,4.7889,16.826,2.4252,7.4973,1.4967,0.39061,0.76574,0.015541,0.01445,0.68795,253.77
0.88515,8.0409,4.7886,16.838,2.4248,7.504,1.4964,0.3906,0.76574,0.015542,0.01445,0.68794,253.77
0.88516,8.0451,4.7883,16.848,2.4244,7.5088,1.496,0.39059,0.76572,0.015542,0.01445,0.68794,253.77
0.88516,8.0467,4.7882,16.851,2.4243,7.5107,1.496,0.3906,0.76574,0.015541,0.01445,0.68794,253.78
0.88517,8.0485,4.7881,16.856,2.4242,7.5128,1.4958,0.3906,0.76573,0.015543,0.01445,0.68794,253.78
0.88518,8.0514,4.788,16.862,2.424,7.5163,1.4957,0.39062,0.76573,0.015543,0.01445,0.68794,253.78
0.88519,8.0554,4.7877,16.871,2.4236,7.521,1.4954,0.39061,0.76574,0.015544,0.01445,0.68793,253.78
0.8852,8.058,4.7877,16.877,2.4236,7.5241,1.4953,0.39061,0.76573,0.015546,0.01445,0.68793,253.78
0.88521,8.0619,4.7876,16.886,2.4235,7.5285,1.4952,0.39061,0.76573,0.015546,0.01445,0.68793,253.79
0.88522,8.0649,4.7875,16.892,2.4234,7.532,1.4951,0.39061,0.76573,0.015547,0.01445,0.68793,253.79
0.88522,8.0715,4.7873,16.907,2.4231,7.5397,1.4948,0.39061,0.76572,0.015548,0.01445,0.68792,253.79
0.88523,8.0725,4.7872,16.909,2.4231,7.5408,1.4948,0.39059,0.76572,0.015549,0.01445,0.68792,253.79
0.88524,8.077,4.7869,16.92,2.4227,7.5461,1.4944,0.3906,0.76571,0.01555,0.01445,0.68792,253.79
0.88525,8.0791,4.7868,16.925,2.4226,7.5486,1.4943,0.39059,0.76572,0.015551,0.01445,0.68791,253.8
0.88526,8.0867,4.7865,16.94,2.4222,7.5573,1.494,0.39061,0.7657,0.01555,0.01445,0.68792,253.8
0.88527,8.0868,4.7865,16.941,2.4221,7.5574,1.494,0.39058,0.76572,0.015551,0.01445,0.68791,253.8
0.88528,8.0895,4.7863,16.947,2.4219,7.5605,1.4938,0.39059,0.76571,0.015552,0.01445,0.68791,253.8
0.88529,8.0914,4.7862,16.952,2.4218,7.5627,1.4937,0.39059,0.7657,0.015553,0.01445,0.68791,253.8
0.88529,8.0936,4.7861,16.957,2.4217,7.5652,1.4937,0.39058,0.76571,0.015554,0.01445,0.6879,253.81
0.8853,8.1018,4.7859,16.975,2.4213,7.5747,1.4933,0.39058,0.76569,0.015554,0.01445,0.6879,253.81
0.88531,8.1051,4.7857,16.982,2.4212,7.5786,1.4932,0.39058,0.7657,0.015556,0.01445,0.6879,253.81
0.88532,8.1128,4.7855,16.999,2.4209,7.5876,1.4928,0.39057,0.76569,0.015556,0.01445,0.68789,253.81
0.88533,8.1176,4.7852,17.01,2.4205,7.5932,1.4925,0.39057,0.76568,0.015557,0.01445,0.68789,253.81
0.88534,8.1226,4.7849,17.022,2.4202,7.5992,1.4921,0.39056,0.76568,0.015559,0.01445,0.68789,253.82
0.88535,8.124,4.7848,17.025,2.4201,7.6008,1.492,0.39056,0.76568,0.015559,0.01445,0.68788,253.82
0.88535,8.1294,4.7845,17.037,2.4196,7.6069,1.4917,0.39056,0.76567,0.01556,0.01445,0.68788,253.82
0.88536,8.1351,4.7841,17.049,2.4192,7.6135,1.4913,0.39055,0.76567,0.015561,0.01445,0.68788,253.82
0.88537,8.1437,4.7838,17.068,2.4187,7.6237,1.4907,0.39055,0.76566,0.015562,0.01445,0.68787,253.82
0.88538,8.1446,4.7837,17.071,2.4186,7.6248,1.4906,0.39054,0.76566,0.015562,0.01445,0.68787,253.83
0.88539,8.1488,4.7834,17.08,2.4182,7.6295,1.4903,0.39055,0.76565,0.015563,0.01445,0.68787,253.83
0.8854,8.151,4.7833,17.085,2.4181,7.6322,1.4903,0.39055,0.76566,0.015563,0.01445,0.68787,253.83
0.88541,8.1525,4.7832,17.089,2.4179,7.6339,1.4901,0.39054,0.76565,0.015564,0.01445,0.68786,253.83
0.88541,8.1571,4.7829,17.098,2.4176,7.6392,1.4899,0.39055,0.76565,0.015564,0.01445,0.68786,253.83
0.88542,8.1577,4.7829,17.1,2.4176,7.6398,1.4898,0.39054,0.76566,0.015564,0.01445,0.68786,253.84
0.88543,8.1592,4.7828,17.103,2.4175,7.6416,1.4898,0.39055,0.76566,0.015565,0.01445,0.68786,253.84
0.88544,8.161,4.7827,17.108,2.4174,7.6437,1.4897,0.39055,0.76566,0.015566,0.01445,0.68786,253.84
0.88545,8.1629,4.7826,17.112,2.4173,7.646,1.4896,0.39055,0.76565,0.015567,0.01445,0.68785,253.84
0.88546,8.1651,4.7825,17.117,2.4172,7.6484,1.4895,0.39056,0.76565,0.015567,0.01445,0.68785,253.84
0.88547,8.1723,4.7823,17.133,2.4169,7.6569,1.4892,0.39055,0.76565,0.015569,0.01445,0.68785,253.85
0.88547,8.1743,4.7822,17.138,2.4168,7.6592,1.4892,0.39055,0.76565,0.01557,0.01445,0.68785,253.85
0.88548,8.1764,4.7821,17.142,2.4167,7.6617,1.4891,0.39056,0.76565,0.01557,0.01445,0.68784,253.85
0.88549,8.182,4.7819,17.155,2.4165,7.6682,1.4888,0.39054,0.76564,0.015572,0.01445,0.68784,253.85
0.8855,8.1899,4.7816,17.171,2.4161,7.6772,1.4885,0.39054,0.76563,0.015571,0.01445,0.68784,253.85
0.88551,8.193,4.7814,17.179,2.4158,7.681,1.4882,0.39055,0.76564,0.015573,0.01445,0.68784,253.86
0.88552,8.1941,4.7813,17.182,2.4157,7.6823,1.4881,0.39053,0.76564,0.015574,0.01445,0.68783,253.86
0.88553,8.1959,4.7813,17.186,2.4157,7.6843,1.4881,0.39054,0.76563,0.015575,0.01445,0.68783,253.86
0.88554,8.2021,4.7811,17.199,2.4154,7.6915,1.4879,0.39053,0.76563,0.015576,0.01445,0.68783,253.86
0.88554,8.2039,4.781,17.204,2.4153,7.6937,1.4878,0.39054,0.76563,0.015577,0.01445,0.68782,253.86
0.88555,8.2089,4.7808,17.215,2.4151,7.6995,1.4876,0.39053,0.76563,0.015578,0.01445,0.68782,253.87
0.88556,8.2106,4.7807,17.219,2.415,7.7015,1.4875,0.39053,0.76562,0.015579,0.01445,0.68782,253.87
0.88557,8.2165,4.7806,17.232,2.4148,7.7083,1.4872,0.39053,0.76562,0.015579,0.01445,0.68782,253.87
0.88558,8.2203,4.7804,17.24,2.4146,7.7128,1.4871,0.39054,0.76561,0.01558,0.01445,0.68782,253.87
0.88559,8.2233,4.7803,17.247,2.4144,7.7161,1.487,0.39052,0.76561,0.015581,0.01445,0.68781,253.87
0.8856,8.23,4.7799,17.261,2.4139,7.7239,1.4865,0.39053,0.7656,0.01558,0.01445,0.68782,253.88
0.8856,8.2316,4.7798,17.266,2.4137,7.7258,1.4864,0.39051,0.76561,0.015582,0.01445,0.68781,253.88
0.88561,8.2381,4.7794,17.28,2.4133,7.7333,1.486,0.3905,0.7656,0.015583,0.01445,0.6878,253.88
0.88562,8.2424,4.7792,17.29,2.413,7.7384,1.4857,0.3905,0.7656,0.015583,0.01445,0.6878,253.88
0.88563,8.2447,4.779,17.295,2.4128,7.7411,1.4855,0.39051,0.7656,0.015584,0.01445,0.6878,253.88
0.88564,8.2462,4.7789,17.298,2.4126,7.7428,1.4853,0.39051,0.76559,0.015585,0.01445,0.68779,253.89
0.88565,8.2483,4.7787,17.303,2.4125,7.7453,1.4852,0.39051,0.7656,0.015586,0.01445,0.68779,253.89
0.88566,8.25,4.7786,17.307,2.4123,7.7472,1.4851,0.39051,0.76559,0.015586,0.01445,0.68779,253.89
0.88566,8.252,4.7786,17.312,2.4122,7.7496,1.4851,0.39052,0.7656,0.015587,0.01445,0.68779,253.89
0.88567,8.26,4.7783,17.329,2.4119,7.7587,1.4847,0.3905,0.76559,0.015588,0.01445,0.68779,253.89
0.88568,8.2642,4.7782,17.339,2.4118,7.7638,1.4845,0.3905,0.76559,0.015589,0.01445,0.68778,253.9
0.88569,8.2665,4.7781,17.344,2.4117,7.7663,1.4844,0.3905,0.76558,0.01559,0.01445,0.68778,253.9
0.8857,8.2723,4.7778,17.357,2.4113,7.7731,1.4841,0.39049,0.76558,0.015591,0.01445,0.68778,253.9
0.88571,8.2774,4.7775,17.368,2.4108,7.7789,1.4837,0.3905,0.76556,0.01559,0.01445,0.68778,253.9
0.88572,8.2782,4.7774,17.37,2.4108,7.7798,1.4837,0.39048,0.76558,0.015591,0.01445,0.68778,253.9
0.88572,8.2816,4.7773,17.377,2.4106,7.7838,1.4836,0.39047,0.76559,0.015591,0.01445,0.68777,253.91
0.88573,8.2846,4.7772,17.384,2.4105,7.7872,1.4835,0.39048,0.76557,0.015592,0.01445,0.68777,253.91
0.88574,8.2898,4.7768,17.395,2.4101,7.7934,1.4831,0.39049,0.76557,0.015592,0.01445,0.68777,253.91
0.88575,8.2983,4.7765,17.414,2.4096,7.8033,1.4826,0.39048,0.76556,0.015593,0.01445,0.68776,253.91
0.88576,8.3,4.7763,17.419,2.4094,7.8053,1.4824,0.39047,0.76555,0.015595,0.01445,0.68776,253.91
0.88577,8.3066,4.7761,17.433,2.4091,7.813,1.4821,0.39047,0.76555,0.015595,0.01445,0.68776,253.92
0.88578,8.308,4.7759,17.437,2.4089,7.8145,1.482,0.39046,0.76554,0.015597,0.01445,0.68775,253.92
0.88579,8.3091,4.7759,17.439,2.4088,7.8159,1.4819,0.39048,0.76556,0.015596,0.01445,0.68775,253.92
0.88579,8.3126,4.7757,17.447,2.4086,7.8201,1.4817,0.39048,0.76555,0.015599,0.01445,0.68775,253.92
0.8858,8.3145,4.7756,17.451,2.4085,7.8222,1.4816,0.39048,0.76555,0.015599,0.01445,0.68775,253.92
0.88581,8.3164,4.7755,17.456,2.4084,7.8244,1.4815,0.39048,0.76554,0.0156,0.01445,0.68774,253.93
0.88582,8.3183,4.7754,17.46,2.4083,7.8265,1.4815,0.39047,0.76555,0.0156,0.01445,0.68774,253.93
0.88583,8.3255,4.7752,17.476,2.408,7.8349,1.4812,0.39048,0.76554,0.015601,0.01445,0.68774,253.93
0.88584,8.3266,4.7751,17.478,2.408,7.8361,1.4812,0.39046,0.76554,0.015602,0.01445,0.68774,253.93
0.88585,8.3324,4.775,17.491,2.4078,7.8429,1.4809,0.39047,0.76554,0.015602,0.01445,0.68774,253.93
0.88585,8.3345,4.7749,17.496,2.4076,7.8454,1.4808,0.39047,0.76553,0.015603,0.01445,0.68773,253.94
0.88586,8.3367,4.7748,17.501,2.4075,7.848,1.4807,0.39047,0.76554,0.015604,0.01445,0.68773,253.94
0.88587,8.341,4.7746,17.511,2.4073,7.853,1.4806,0.39047,0.76554,0.015605,0.01445,0.68773,253.94
0.88588,8.3429,4.7745,17.515,2.4072,7.8552,1.4804,0.39046,0.76553,0.015607,0.01445,0.68772,253.94
0.88589,8.351,4.7742,17.532,2.4068,7.8645,1.4801,0.39046,0.76553,0.015606,0.01445,0.68773,253.94
0.8859,8.3544,4.7741,17.541,2.4066,7.8686,1.4798,0.39046,0.76553,0.015608,0.01445,0.68772,253.95
0.88591,8.356,4.774,17.545,2.4065,7.8705,1.4797,0.39046,0.76552,0.015609,0.01445,0.68772,253.95
0.88591,8.3578,4.7739,17.549,2.4064,7.8724,1.4797,0.39045,0.76552,0.01561,0.01445,0.68771,253.95
0.88592,8.3684,4.7736,17.571,2.406,7.8846,1.4794,0.39043,0.76551,0.01561,0.01445,0.68772,253.95
0.88593,8.3702,4.7734,17.576,2.4058,7.8868,1.4792,0.39044,0.76551,0.015611,0.01445,0.68771,253.95
0.88594,8.3719,4.7733,17.58,2.4056,7.8886,1.479,0.39044,0.7655,0.015612,0.01445,0.68771,253.96
0.88595,8.3803,4.773,17.598,2.4052,7.8986,1.4786,0.39044,0.7655,0.015612,0.01445,0.68771,253.96
0.88596,8.3818,4.7728,17.602,2.405,7.9002,1.4784,0.39043,0.76549,0.015613,0.01445,0.6877,253.96
0.88597,8.3831,4.7728,17.604,2.405,7.9018,1.4784,0.39045,0.7655,0.015613,0.01445,0.6877,253.96
0.88597,8.3835,4.7727,17.606,2.4049,7.9023,1.4783,0.39044,0.76551,0.015613,0.01445,0.6877,253.96
0.88598,8.3856,4.7726,17.61,2.4048,7.9047,1.4783,0.39044,0.7655,0.015614,0.01445,0.6877,253.97
0.88599,8.3878,4.7725,17.615,2.4046,7.9072,1.4782,0.39044,0.7655,0.015615,0.01445,0.6877,253.97
0.886,8.3905,4.7724,17.621,2.4045,7.9103,1.4781,0.39045,0.76549,0.015615,0.01445,0.68769,253.97
0.88601,8.3963,4.772,17.635,2.404,7.9172,1.4776,0.39044,0.7655,0.015618,0.01445,0.68769,253.97
0.88602,8.3985,4.7719,17.64,2.4039,7.9198,1.4775,0.39045,0.76549,0.015618,0.01445,0.68769,253.98
0.88603,8.4003,4.7718,17.644,2.4038,7.9218,1.4774,0.39044,0.76549,0.015619,0.01445,0.68768,253.98
0.88604,8.4091,4.7715,17.662,2.4034,7.9321,1.4771,0.39046,0.76549,0.015619,0.01445,0.68769,253.98
0.88604,8.417,4.7714,17.68,2.4032,7.9413,1.4767,0.39043,0.76548,0.01562,0.01445,0.68768,253.98
0.88605,8.4175,4.7713,17.682,2.4032,7.9418,1.4767,0.39042,0.76548,0.015621,0.01445,0.68768,253.98
0.88606,8.4195,4.7712,17.687,2.403,7.9442,1.4766,0.39042,0.76547,0.015622,0.01445,0.68767,253.99
0.88607,8.4216,4.7711,17.691,2.4028,7.9465,1.4765,0.39043,0.76548,0.015622,0.01445,0.68767,253.99
0.88608,8.4257,4.7709,17.7,2.4026,7.9513,1.4763,0.39042,0.76547,0.015624,0.01445,0.68767,253.99
0.88609,8.4279,4.7708,17.705,2.4025,7.9539,1.4762,0.39043,0.76548,0.015624,0.01445,0.68767,253.99
0.8861,8.437,4.7705,17.725,2.4022,7.9645,1.4759,0.39041,0.76547,0.015626,0.01445,0.68767,253.99
0.8861,8.4389,4.7704,17.73,2.402,7.9665,1.4757,0.39041,0.76545,0.015627,0.01445,0.68766,254
0.88611,8.4459,4.7699,17.745,2.4014,7.9749,1.4751,0.39041,0.76546,0.015627,0.01445,0.68766,254
0.88612,8.448,4.7698,17.75,2.4013,7.9773,1.475,0.39041,0.76545,0.015628,0.01445,0.68765,254
0.88613,8.4496,4.7697,17.754,2.4012,7.9791,1.4749,0.3904,0.76546,0.015629,0.01445,0.68765,254
0.88614,8.4544,4.7695,17.764,2.401,7.9847,1.4748,0.39042,0.76545,0.015629,0.01445,0.68765,254
0.88615,8.4558,4.7695,17.768,2.4009,7.9862,1.4747,0.3904,0.76545,0.01563,0.01445,0.68765,254.01
0.88616,8.4628,4.7692,17.783,2.4006,7.9945,1.4744,0.39041,0.76545,0.015631,0.01445,0.68764,254.01
0.88616,8.4692,4.7689,17.797,2.4001,8.0018,1.474,0.39039,0.76544,0.015633,0.01445,0.68764,254.01
0.88617,8.4745,4.7684,17.809,2.3996,8.0079,1.4735,0.3904,0.76543,0.015632,0.01445,0.68764,254.01
0.88618,8.4767,4.7684,17.814,2.3995,8.0106,1.4733,0.39039,0.76544,0.015634,0.01445,0.68764,254.01
0.88619,8.4783,4.7683,17.818,2.3993,8.0125,1.4732,0.39039,0.76543,0.015635,0.01445,0.68763,254.02
0.8862,8.4846,4.7679,17.831,2.3989,8.0199,1.4729,0.39041,0.76543,0.015634,0.01445,0.68763,254.02
0.88621,8.4848,4.7679,17.832,2.3988,8.02,1.4728,0.39038,0.76544,0.015636,0.01445,0.68763,254.02
0.88622,8.4884,4.7677,17.84,2.3986,8.0241,1.4727,0.39037,0.76544,0.015636,0.01445,0.68763,254.02
0.88622,8.4899,4.7676,17.844,2.3986,8.026,1.4726,0.39039,0.76543,0.015637,0.01445,0.68762,254.02
0.88623,8.4919,4.7676,17.849,2.3985,8.0283,1.4725,0.39039,0.76543,0.015639,0.01445,0.68762,254.03
0.88624,8.499,4.7672,17.864,2.3981,8.0364,1.4723,0.39038,0.76542,0.01564,0.01445,0.68762,254.03
0.88625,8.5017,4.7672,17.87,2.3981,8.0398,1.4721,0.39039,0.76542,0.01564,0.01445,0.68762,254.03
0.88626,8.504,4.7671,17.875,2.398,8.0424,1.472,0.3904,0.76542,0.015641,0.01445,0.68762,254.03
0.88627,8.5053,4.7671,17.879,2.3979,8.0438,1.472,0.39038,0.76542,0.015642,0.01445,0.68761,254.03
0.88628,8.5123,4.7667,17.894,2.3975,8.052,1.4717,0.39039,0.76541,0.015642,0.01445,0.68761,254.04
0.88629,8.5129,4.7668,17.895,2.3975,8.0526,1.4716,0.39038,0.76541,0.015643,0.01445,0.68761,254.04
0.88629,8.5199,4.7664,17.91,2.3971,8.0608,1.4713,0.39038,0.76543,0.015642,0.01445,0.68761,254.04
0.8863,8.5215,4.7663,17.915,2.397,8.0625,1.4712,0.39037,0.7654,0.015644,0.01445,0.6876,254.04
0.88631,8.5235,4.7663,17.919,2.3969,8.0649,1.4711,0.39037,0.7654,0.015645,0.01445,0.6876,254.04
0.88632,8.5271,4.7661,17.927,2.3967,8.069,1.4709,0.39037,0.7654,0.015646,0.01445,0.6876,254.05
0.88633,8.5322,4.7659,17.938,2.3964,8.0749,1.4707,0.39037,0.7654,0.015647,0.01445,0.6876,254.05
0.88634,8.5362,4.7657,17.947,2.3962,8.0796,1.4705,0.39037,0.7654,0.015647,0.01445,0.68759,254.05
0.88635,8.5382,4.7656,17.952,2.396,8.0819,1.4703,0.39036,0.76539,0.015649,0.01445,0.68759,254.05
0.88635,8.5403,4.7655,17.957,2.396,8.0845,1.4702,0.39037,0.7654,0.015649,0.01445,0.68759,254.05
0.88636,8.5422,4.7653,17.962,2.3958,8.0866,1.4701,0.39036,0.76538,0.015651,0.01445,0.68758,254.06
0.88637,8.5446,4.7653,17.967,2.3957,8.0895,1.47,0.39037,0.7654,0.01565,0.01445,0.68758,254.06
0.88638,8.5492,4.7652,17.976,2.3956,8.0947,1.4699,0.39037,0.76539,0.01565,0.01445,0.68759,254.06
0.88639,8.552,4.7651,17.983,2.3954,8.0979,1.4698,0.39036,0.76539,0.015652,0.01445,0.68758,254.06
