0.88029,2.0938,4.9824,3.2709,2.6619,0.51123,1.6526,0.39233,0.76251,0.014495,0.01445,0.6962,251.3
0.87308,2.1887,4.9034,3.3338,2.5431,0.58355,1.5368,0.38909,0.76027,0.015197,0.01445,0.69865,253.06
0.89473,2.0537,5.0313,3.2603,2.7236,0.47684,1.7744,0.39388,0.77011,0.014999,0.01445,0.69513,251.3
0.90194,2.1154,5.0909,3.5186,2.811,0.55079,1.8746,0.39649,0.76958,0.015146,0.01445,0.69325,252.91
0.87141,2.2174,4.9152,3.3777,2.5564,0.60926,1.5416,0.38881,0.75907,0.015209,0.01445,0.69906,253.66
0.86974,2.2376,4.8954,3.3895,2.5293,0.62229,1.5151,0.38748,0.75854,0.01519,0.01445,0.69947,254.3
0.90366,2.1494,5.1349,3.6135,2.8716,0.57927,1.9314,0.39598,0.76918,0.015286,0.01445,0.69284,253.42
0.90539,2.1748,5.1641,3.6944,2.9121,0.6104,1.97,0.39628,0.76963,0.015396,0.01445,0.69246,254.02
0.90598,2.2241,5.1723,3.8371,2.9297,0.66769,1.9832,0.39637,0.76878,0.015501,0.01445,0.69177,254.19
0.86966,2.24,4.8769,3.3769,2.5023,0.61353,1.4972,0.38732,0.75789,0.015422,0.01445,0.69983,254.3
0.86957,2.2155,4.8539,3.3123,2.4735,0.57915,1.4749,0.3868,0.75794,0.015462,0.01445,0.69986,254.32
0.90607,2.3498,5.1454,4.1295,2.8981,0.81369,1.9557,0.39609,0.76838,0.015518,0.01445,0.69137,254.17
0.90615,2.4048,5.1455,4.2547,2.8982,0.87748,1.9555,0.39604,0.76831,0.015531,0.01445,0.6913,254.18
0.90624,2.5714,5.1356,4.6313,2.8852,1.0711,1.9439,0.39579,0.76811,0.015515,0.01445,0.69117,254.16
0.90632,2.6316,5.1377,4.7705,2.8881,1.1434,1.9453,0.39586,0.76816,0.015538,0.01445,0.6911,254.17
0.90641,2.8196,5.1325,5.194,2.8811,1.3619,1.9381,0.39559,0.76798,0.015531,0.01445,0.69098,254.13
0.9065,2.8866,5.133,5.3449,2.8811,1.4394,1.9379,0.39552,0.7679,0.015532,0.01445,0.69096,254.14
0.90658,2.9504,5.1324,5.4903,2.8804,1.5152,1.9367,0.39554,0.76796,0.015544,0.01445,0.69091,254.15
0.90667,3.9602,5.0928,7.749,2.8256,2.6899,1.8819,0.39406,0.76689,0.015449,0.01445,0.69042,253.88
0.90675,4.0149,5.0936,7.8732,2.827,2.7534,1.8828,0.39397,0.76681,0.015478,0.01445,0.69036,253.89
0.90684,4.7265,5.0605,9.4584,2.7818,3.584,1.8381,0.39303,0.7662,0.015442,0.01445,0.69005,253.75
0.90693,4.7678,5.0624,9.5526,2.7843,3.6333,1.8396,0.39308,0.76623,0.015459,0.01445,0.69002,253.77
0.90701,4.8426,5.0598,9.7186,2.7807,3.7188,1.8366,0.39289,0.7661,0.015459,0.01445,0.68998,253.79
0.9071,4.8878,5.0604,9.8197,2.7815,3.7714,1.8369,0.39291,0.76607,0.015467,0.01445,0.68996,253.8
0.90719,4.933,5.0618,9.9229,2.7832,3.8254,1.8377,0.39293,0.76612,0.015484,0.01445,0.68993,253.82
0.90727,4.9638,5.061,9.9955,2.7833,3.8599,1.8377,0.39278,0.76597,0.015515,0.01445,0.68984,253.85
0.90736,5.0465,5.0558,10.176,2.7751,3.958,1.8305,0.39287,0.76612,0.015483,0.01445,0.68988,253.86
0.90744,5.3367,5.041,10.819,2.7553,4.2943,1.8118,0.39232,0.76569,0.015471,0.01445,0.68975,253.83
0.90753,5.4292,5.0378,11.027,2.7512,4.403,1.8075,0.3923,0.76563,0.015482,0.01445,0.68969,253.85
0.90762,5.4995,5.0353,11.183,2.7479,4.4838,1.8044,0.39211,0.76561,0.01549,0.01445,0.68965,253.86
0.9077,5.5497,5.0335,11.296,2.7454,4.5418,1.8021,0.39204,0.76553,0.015499,0.01445,0.68961,253.88
0.90779,5.688,5.0269,11.602,2.7364,4.7045,1.7933,0.39191,0.76556,0.015497,0.01445,0.68956,253.89
0.90787,5.9592,5.0185,12.202,2.7248,5.0202,1.7808,0.39155,0.76528,0.015499,0.01445,0.68948,253.88
0.90796,5.9743,5.0182,12.238,2.7245,5.0364,1.7809,0.39148,0.76514,0.015511,0.01445,0.68944,253.9
0.90805,6.0009,5.0168,12.299,2.7232,5.0673,1.7797,0.39146,0.76512,0.015528,0.01445,0.68939,253.93
0.90813,6.0338,5.0164,12.373,2.7224,5.1075,1.7786,0.39157,0.76527,0.015532,0.01445,0.68939,253.95
0.90822,6.0603,5.0156,12.433,2.7216,5.1367,1.7783,0.3915,0.7651,0.015544,0.01445,0.68935,253.97
0.9083,6.0905,5.0146,12.502,2.7206,5.1715,1.7774,0.39142,0.76507,0.015555,0.01445,0.68931,253.99
0.90839,6.1164,5.0137,12.561,2.7196,5.2019,1.7765,0.39144,0.76509,0.015566,0.01445,0.68929,254.02
0.90848,6.2371,5.0147,12.826,2.7202,5.3415,1.7762,0.39124,0.76502,0.015574,0.01445,0.68929,254.03
0.90856,6.2854,5.0103,12.935,2.7144,5.3982,1.771,0.39125,0.76496,0.015575,0.01445,0.68925,254.05
0.90865,6.3512,5.005,13.082,2.7077,5.4748,1.7651,0.39119,0.76489,0.015583,0.01445,0.68919,254.07
0.90874,6.5285,4.997,13.472,2.6965,5.6818,1.7541,0.39096,0.76482,0.015581,0.01445,0.68915,254.08
0.90882,6.5371,4.9963,13.494,2.6956,5.6907,1.7538,0.39089,0.76479,0.015589,0.01445,0.68911,254.1
0.90891,6.5446,4.9956,13.513,2.6953,5.6996,1.7537,0.39095,0.76476,0.015598,0.01445,0.68908,254.13
0.90899,6.5573,4.9946,13.543,2.6943,5.7144,1.7531,0.391,0.76475,0.015607,0.01445,0.68905,254.15
0.90908,6.5935,4.9925,13.624,2.6916,5.7561,1.7507,0.39095,0.76472,0.015615,0.01445,0.68902,254.18
0.90917,6.6229,4.9921,13.69,2.6911,5.7902,1.7503,0.39095,0.76471,0.015624,0.01445,0.689,254.2
0.90925,6.6513,4.992,13.754,2.691,5.8235,1.7501,0.39095,0.76471,0.015631,0.01445,0.68899,254.22
0.90934,6.6602,4.9916,13.776,2.6906,5.8327,1.7502,0.39086,0.76468,0.015638,0.01445,0.68896,254.25
0.90942,6.6741,4.9909,13.808,2.69,5.8492,1.75,0.39094,0.76468,0.015646,0.01445,0.68893,254.27
0.90951,6.7961,4.9877,14.077,2.6854,5.992,1.7446,0.3909,0.76461,0.015657,0.01445,0.68891,254.29
0.9096,6.8067,4.9875,14.104,2.6856,6.0027,1.7451,0.39075,0.76455,0.015671,0.01445,0.68886,254.31
0.86955,2.1698,4.8382,3.2068,2.4542,0.52198,1.461,0.38681,0.75788,0.015386,0.01445,0.69993,254.31
0.86953,2.1483,4.8282,3.1678,2.4394,0.50163,1.4483,0.38732,0.7578,0.015471,0.01445,0.69991,254.31
0.86951,1.7607,4.7202,2.3249,2.3034,0.045111,1.3413,0.38855,0.75756,0.015243,0.01445,0.69976,254.22
0.86949,1.7636,4.7453,2.3321,2.3362,0.047952,1.3668,0.38853,0.75745,0.015285,0.01445,0.69982,254.23
0.86947,1.765,4.7662,2.327,2.3627,0.047297,1.3878,0.38831,0.75756,0.015501,0.01445,0.70002,254.23
0.86945,1.7308,4.7996,2.2543,2.4041,0.0053795,1.4225,0.38884,0.75718,0.015439,0.01445,0.70022,254.22
0.86943,1.7283,4.8016,2.2449,2.4067,4.2388e-05,1.4251,0.38857,0.75719,0.015424,0.01445,0.70026,254.23
0.86941,1.7286,4.8021,2.2449,2.4075,0.00018965,1.4254,0.38856,0.75718,0.015425,0.01445,0.70026,254.24
0.86939,1.7284,4.8022,2.2445,2.4075,4.0093e-05,1.4255,0.38856,0.75718,0.015425,0.01445,0.70026,254.25
0.86937,1.7293,4.8051,2.2451,2.411,0.00020967,1.4283,0.38852,0.75713,0.015431,0.01445,0.7003,254.25
0.86935,1.7292,4.8052,2.2448,2.411,3.4977e-05,1.4284,0.38851,0.75713,0.015431,0.01445,0.70031,254.26
0.86932,1.7292,4.8052,2.2448,2.4111,0.00011199,1.4284,0.38851,0.75713,0.015431,0.01445,0.70031,254.27
0.8693,1.7292,4.8058,2.2446,2.4119,0.00015888,1.4287,0.38851,0.75712,0.015432,0.01445,0.70031,254.28
0.86928,1.7291,4.8058,2.2443,2.4119,3.3685e-05,1.4288,0.3885,0.75712,0.015432,0.01445,0.70031,254.29
0.86926,1.7296,4.8066,2.2444,2.4129,0.00017578,1.4293,0.38849,0.7571,0.015435,0.01445,0.70033,254.3
0.86924,1.7295,4.8066,2.2441,2.4129,3.4037e-05,1.4294,0.38848,0.75709,0.015436,0.01445,0.70033,254.3
0.86922,1.7301,4.8082,2.2443,2.4148,0.00014446,1.4309,0.38846,0.75706,0.015441,0.01445,0.70036,254.31
0.8692,1.7301,4.8082,2.2441,2.4148,3.1303e-05,1.4309,0.38846,0.75706,0.015441,0.01445,0.70036,254.32
0.90962,6.8962,4.988,14.3,2.686,6.1076,1.7441,0.3907,0.76452,0.015682,0.01445,0.68886,254.31
0.90964,6.9289,4.9872,14.371,2.6847,6.1451,1.7429,0.39064,0.76447,0.015683,0.01445,0.68886,254.32
