0.47991,2.0324,5.0919,3.2947,2.8074,0.43646,1.8142,0.39338,0.76238,0.014433,0.01445,0.69359,250.84
0.47296,2.0416,5.1513,3.4288,2.8358,0.50271,1.8209,0.39455,0.76298,0.01449,0.01445,0.69333,251.64
0.466,2.0481,4.8781,3.6107,2.5068,0.56985,1.5401,0.39685,0.7625,0.01625,0.01445,0.68942,252.63
0.45905,2.1033,4.9248,3.8857,2.549,0.69895,1.5629,0.39984,0.76327,0.015251,0.01445,0.68816,253.92
0.49383,2.1263,5.1423,3.2339,2.8639,0.48177,1.8719,0.39049,0.76465,0.014431,0.01445,0.69838,250.8
0.50078,2.2321,5.1582,3.4019,2.9064,0.60581,1.9111,0.39378,0.76561,0.014517,0.01445,0.69954,251.68
0.50774,2.3854,5.1371,3.5724,2.8922,0.73621,1.9075,0.38933,0.7677,0.01472,0.01445,0.70138,252.77
0.51073,2.4432,5.1271,3.6511,2.8984,0.77774,1.9159,0.38846,0.767,0.01485,0.01445,0.70149,253.59
0.4584,2.1045,4.9296,3.8899,2.5557,0.68285,1.5703,0.39892,0.76163,0.015335,0.01445,0.68798,254.03
0.45774,2.1317,4.9291,3.9595,2.5547,0.72121,1.5668,0.39829,0.76241,0.015525,0.01445,0.6878,254.16
0.45709,2.136,4.9258,3.9777,2.5483,0.72079,1.5633,0.39817,0.76155,0.015524,0.01445,0.68769,254.32
0.51146,2.453,5.0969,3.6695,2.8689,0.78853,1.8922,0.38906,0.7666,0.014923,0.01445,0.70139,253.78
0.51218,2.4593,5.0965,3.6763,2.8708,0.79329,1.8937,0.38922,0.76647,0.014981,0.01445,0.70139,254.01
0.51291,2.4643,5.0963,3.6802,2.8761,0.79681,1.8983,0.38947,0.7664,0.015027,0.01445,0.70139,254.27
0.457,2.1647,4.9204,4.0471,2.5444,0.76116,1.5571,0.39806,0.76224,0.015671,0.01445,0.68751,254.31
0.45691,2.1774,4.9107,4.077,2.5336,0.76897,1.5508,0.39802,0.76146,0.015592,0.01445,0.6874,254.32
0.45683,2.2083,4.892,4.1509,2.5138,0.80981,1.5318,0.39793,0.76182,0.015713,0.01445,0.68715,254.31
0.45674,2.2379,4.8367,4.221,2.4495,0.84188,1.4821,0.39787,0.76147,0.015595,0.01445,0.68672,254.29
0.45665,2.2649,4.8286,4.2876,2.4402,0.88081,1.4709,0.398,0.76185,0.015693,0.01445,0.6866,254.3
0.45656,2.2852,4.7862,4.3342,2.3904,0.9013,1.4323,0.39771,0.76161,0.015739,0.01445,0.68627,254.3
0.45648,2.2935,4.7793,4.3569,2.3817,0.91422,1.4239,0.39783,0.76168,0.015743,0.01445,0.6862,254.31
0.51301,2.488,5.0874,3.7164,2.8674,0.81443,1.8923,0.38834,0.76629,0.015194,0.01445,0.70139,254.27
0.51311,2.4905,5.0871,3.72,2.8675,0.81609,1.8924,0.38833,0.76621,0.015251,0.01445,0.70139,254.29
0.45645,3.7929,4.6669,7.7741,2.2488,2.6935,1.3043,0.39588,0.76395,0.016345,0.01445,0.6851,254.18
0.45642,3.814,4.6741,7.8212,2.2577,2.7008,1.3136,0.39558,0.76182,0.016084,0.01445,0.68514,254.11
0.45639,3.8359,4.6767,7.871,2.2609,2.7258,1.316,0.39546,0.76178,0.015996,0.01445,0.68517,254.11
0.45636,3.8537,4.6784,7.9101,2.2627,2.7457,1.3177,0.39535,0.7617,0.015923,0.01445,0.68518,254.1
0.45633,3.8578,4.6773,7.9199,2.261,2.7482,1.3168,0.39531,0.76145,0.015882,0.01445,0.68518,254.11
0.4563,3.8578,4.6773,7.92,2.261,2.7487,1.3168,0.39531,0.76149,0.015882,0.01445,0.68518,254.11
0.45627,3.8747,4.671,7.958,2.2524,2.7681,1.3102,0.39526,0.76146,0.015772,0.01445,0.68516,254.11
0.45624,3.9917,4.6414,8.2187,2.2144,2.9112,1.2776,0.39467,0.76247,0.015627,0.01445,0.68505,254.11
0.45621,3.9981,4.6433,8.2348,2.2166,2.9126,1.2804,0.39475,0.76154,0.015594,0.01445,0.68505,254.11
0.45618,3.9981,4.6434,8.2349,2.2166,2.913,1.2805,0.39475,0.76159,0.015594,0.01445,0.68505,254.12
0.45615,4.0117,4.6425,8.2669,2.2152,2.9312,1.2786,0.39475,0.76179,0.015627,0.01445,0.68504,254.12
0.45612,4.0381,4.6381,8.3269,2.2099,2.9588,1.275,0.3946,0.7615,0.015647,0.01445,0.685,254.13
0.45609,4.0381,4.6382,8.327,2.2099,2.9592,1.2751,0.3946,0.76153,0.015647,0.01445,0.685,254.13
0.45606,4.0381,4.6385,8.3278,2.21,2.9603,1.2751,0.39461,0.76163,0.015647,0.01445,0.685,254.14
0.45603,4.059,4.6337,8.3762,2.2043,2.9881,1.27,0.3946,0.76206,0.015698,0.01445,0.68496,254.14
0.456,4.0621,4.6351,8.3854,2.2056,2.9894,1.2714,0.39473,0.76152,0.015663,0.01445,0.68496,254.15
0.45597,4.0629,4.636,8.3878,2.2065,2.9919,1.2714,0.39473,0.76164,0.015664,0.01445,0.68496,254.16
0.45594,4.1658,4.6178,8.6198,2.1851,3.1142,1.2536,0.39425,0.76224,0.015815,0.01445,0.68481,254.16
0.45591,4.1679,4.6198,8.6278,2.1871,3.1133,1.2559,0.39449,0.76148,0.015764,0.01445,0.68482,254.16
0.45588,4.1679,4.62,8.628,2.1871,3.1142,1.2559,0.3945,0.76156,0.015764,0.01445,0.68482,254.17
0.45585,4.1795,4.6179,8.6557,2.1845,3.129,1.2531,0.39458,0.76155,0.01572,0.01445,0.6848,254.17
0.45582,4.2012,4.6148,8.7071,2.1804,3.1571,1.2491,0.39471,0.76163,0.015718,0.01445,0.68477,254.18
0.45579,4.3118,4.6022,8.9525,2.166,3.2799,1.2387,0.39398,0.76147,0.015682,0.01445,0.68468,254.18
0.45576,4.3118,4.603,8.9546,2.1667,3.2823,1.2387,0.39411,0.76157,0.015682,0.01445,0.68468,254.18
0.45573,4.3232,4.602,8.9853,2.1651,3.3008,1.236,0.39449,0.76168,0.015702,0.01445,0.68465,254.19
0.4557,4.3502,4.6005,9.046,2.1632,3.3293,1.2351,0.39426,0.76149,0.015695,0.01445,0.68463,254.19
0.45567,4.3502,4.6007,9.0461,2.1633,3.3298,1.2351,0.39426,0.76155,0.015695,0.01445,0.68463,254.2
0.45564,4.3695,4.5976,9.0909,2.1598,3.353,1.2317,0.39427,0.76152,0.015713,0.01445,0.6846,254.21
0.45561,4.3695,4.5978,9.0914,2.1598,3.3535,1.2318,0.39427,0.76157,0.015713,0.01445,0.6846,254.21
0.45558,4.3841,4.5949,9.125,2.1557,3.3726,1.2282,0.39416,0.76187,0.015735,0.01445,0.68458,254.22
0.45555,4.3841,4.5955,9.1256,2.1563,3.373,1.2283,0.39417,0.76187,0.015734,0.01445,0.68458,254.22
0.45552,4.3853,4.5961,9.1295,2.1571,3.3746,1.2288,0.39417,0.76185,0.015734,0.01445,0.68458,254.23
0.45549,4.3912,4.5971,9.1438,2.1583,3.3791,1.2302,0.39421,0.76151,0.01571,0.01445,0.68458,254.24
0.45546,4.3912,4.5972,9.1439,2.1583,3.3795,1.2302,0.39421,0.76155,0.01571,0.01445,0.68458,254.25
0.45543,4.4108,4.5948,9.1895,2.1555,3.4063,1.227,0.39415,0.76203,0.015751,0.01445,0.68454,254.25
0.4554,4.4153,4.5968,9.2008,2.158,3.4078,1.2298,0.3942,0.7615,0.015714,0.01445,0.68454,254.26
0.45537,4.4153,4.5969,9.201,2.158,3.4084,1.2298,0.3942,0.76157,0.015714,0.01445,0.68454,254.26
0.45534,4.4372,4.5933,9.2512,2.1538,3.4361,1.2261,0.39414,0.76188,0.015749,0.01445,0.68451,254.27
0.45531,4.4404,4.595,9.2599,2.1556,3.4379,1.2277,0.39417,0.76151,0.015721,0.01445,0.68451,254.28
0.45528,4.4477,4.5947,9.2774,2.1552,3.4485,1.2266,0.39419,0.76168,0.015735,0.01445,0.6845,254.28
0.45525,4.4541,4.5947,9.2926,2.1552,3.4545,1.2267,0.39417,0.76149,0.015729,0.01445,0.68449,254.29
0.45522,4.4541,4.5948,9.2927,2.1552,3.4548,1.2268,0.39417,0.76153,0.015729,0.01445,0.68449,254.3
0.45519,4.4823,4.5921,9.357,2.152,3.4867,1.2248,0.39409,0.76146,0.015725,0.01445,0.68446,254.3
0.45516,4.4823,4.5928,9.3579,2.1526,3.4877,1.2248,0.39408,0.76152,0.015725,0.01445,0.68446,254.31
0.45513,4.5026,4.5884,9.4046,2.1473,3.5155,1.2201,0.39404,0.7621,0.015774,0.01445,0.68442,254.31
0.51314,2.4928,5.0853,3.7243,2.866,0.81853,1.8913,0.38832,0.76619,0.015273,0.01445,0.70139,254.3
0.51318,2.493,5.0853,3.7243,2.866,0.81853,1.8913,0.38832,0.76619,0.015275,0.01445,0.70139,254.32
0.4551,4.5046,4.5902,9.4105,2.1497,3.5167,1.2213,0.39405,0.76182,0.015763,0.01445,0.68442,254.32
0.4551,4.5273,4.5907,9.4624,2.1502,3.5414,1.2225,0.39413,0.76149,0.015745,0.01445,0.68442,254.32
0.51319,2.4941,5.0835,3.7255,2.8642,0.81887,1.8898,0.38826,0.76614,0.015324,0.01445,0.70139,254.31
0.51319,2.4941,5.0835,3.7255,2.8642,0.81887,1.8898,0.38826,0.76614,0.015324,0.01445,0.70139,254.31
0.5132,2.4941,5.0835,3.7255,2.8642,0.81887,1.8898,0.38826,0.76614,0.015324,0.01445,0.70139,254.32
0.5132,2.4942,5.0835,3.7255,2.8642,0.81887,1.8898,0.38826,0.76614,0.015324,0.01445,0.70139,254.32
0.51321,2.4942,5.0835,3.7255,2.8642,0.81887,1.8898,0.38826,0.76614,0.015324,0.01445,0.70139,254.32
