0.44162,2.0281,5.0881,3.2535,2.8052,0.40689,1.8097,0.38943,0.76249,0.014452,0.01445,0.69334,251.08
0.43522,2.0535,5.1587,3.3902,2.861,0.4702,1.839,0.38727,0.7638,0.014632,0.01445,0.69283,252.45
0.45442,1.9845,5.1312,3.1764,2.8439,0.43735,1.8459,0.40424,0.76341,0.014318,0.01445,0.69623,251.59
0.46082,2.106,5.1042,3.2958,2.8338,0.54581,1.8432,0.40311,0.76559,0.014945,0.01445,0.69797,252.35
0.46722,2.1643,5.0699,3.3625,2.8025,0.60323,1.8269,0.40648,0.76455,0.015111,0.01445,0.69923,254.3
0.43266,2.0795,5.1852,3.4832,2.8967,0.49603,1.8639,0.38546,0.7632,0.014855,0.01445,0.69192,253.19
0.4301,2.0985,5.2045,3.5615,2.9213,0.51758,1.8797,0.38381,0.76289,0.015148,0.01445,0.69113,254.06
0.42949,2.083,5.101,3.5243,2.7922,0.50034,1.7751,0.38293,0.76316,0.015464,0.01445,0.69059,254.14
0.46788,2.2782,5.0451,3.4917,2.7551,0.69783,1.7937,0.40246,0.76543,0.01545,0.01445,0.70109,254.19
0.42906,2.0845,5.1031,3.5367,2.7949,0.50185,1.7755,0.38272,0.76294,0.015494,0.01445,0.69042,254.3
0.46835,2.3806,5.0178,3.7031,2.7218,0.8156,1.7669,0.4021,0.7655,0.015651,0.01445,0.70103,254.28
0.46881,2.6125,5.0397,4.1819,2.7434,1.0902,1.7833,0.40075,0.76701,0.015635,0.01445,0.70131,254.28
0.42898,1.9626,4.7788,3.3109,2.3897,0.39319,1.4453,0.38514,0.76293,0.015652,0.01445,0.6885,254.15
0.4289,1.9509,4.8045,3.2391,2.4225,0.36373,1.4725,0.3834,0.76352,0.015476,0.01445,0.68907,254.14
0.42881,1.9201,4.8277,3.1656,2.4512,0.32154,1.4975,0.38342,0.76303,0.015455,0.01445,0.68923,254.14
0.42873,1.8999,4.829,3.1204,2.4528,0.30437,1.497,0.3834,0.76375,0.01556,0.01445,0.68922,254.16
0.42865,1.9022,4.8296,3.1327,2.453,0.30068,1.4988,0.38361,0.76271,0.015487,0.01445,0.68916,254.19
0.42857,1.8418,4.8434,2.9809,2.4705,0.23393,1.5119,0.38331,0.76382,0.015544,0.01445,0.68939,254.18
0.42848,1.8387,4.8464,2.9795,2.4747,0.22543,1.5165,0.38346,0.76302,0.015511,0.01445,0.68932,254.2
0.4284,1.8251,4.8451,2.9451,2.4731,0.21258,1.514,0.38329,0.76353,0.015552,0.01445,0.68934,254.22
0.42832,1.8265,4.8438,2.9545,2.4709,0.20979,1.5135,0.38348,0.76277,0.015506,0.01445,0.68928,254.25
0.42824,1.6584,4.8393,2.5379,2.4663,0.006685,1.5117,0.38302,0.7635,0.015606,0.01445,0.68969,254.16
0.42815,1.6561,4.8441,2.5436,2.4721,0.0069658,1.5154,0.38336,0.76323,0.015549,0.01445,0.68958,254.19
0.42807,1.6561,4.8455,2.5447,2.4736,0.0069657,1.5165,0.38334,0.7632,0.015546,0.01445,0.68957,254.22
0.42799,1.6561,4.8472,2.5458,2.4754,0.0069656,1.518,0.38332,0.76318,0.015545,0.01445,0.68956,254.25
0.42791,1.6541,4.8409,2.5471,2.4676,0.0068019,1.5112,0.38346,0.76312,0.015529,0.01445,0.68945,254.28
0.42782,1.6541,4.8424,2.548,2.4693,0.0068019,1.5128,0.38343,0.76311,0.015531,0.01445,0.68944,254.31
0.4689,2.8541,5.0508,4.7126,2.7574,1.3647,1.7947,0.39986,0.7656,0.01528,0.01445,0.7008,254.13
0.46899,3.1296,5.0376,5.2966,2.7387,1.6814,1.7791,0.39839,0.76551,0.015675,0.01445,0.70061,253.99
0.46908,3.7936,5.0314,6.7482,2.7258,2.4613,1.7641,0.39582,0.76553,0.015216,0.01445,0.69962,253.67
0.46917,4.5545,5.022,8.4212,2.7075,3.3605,1.7424,0.39357,0.76561,0.015129,0.01445,0.69858,253.43
0.46926,4.7645,5.001,8.8936,2.6845,3.6122,1.721,0.39358,0.76548,0.015483,0.01445,0.69803,253.39
0.46935,4.7979,4.9952,8.9734,2.6777,3.6531,1.7153,0.39387,0.76525,0.015379,0.01445,0.6979,253.4
0.46944,5.0369,4.9692,9.5056,2.6467,3.9378,1.6868,0.3933,0.76539,0.015269,0.01445,0.69737,253.37
0.46953,5.173,4.9461,9.808,2.6191,4.0985,1.6641,0.39326,0.76512,0.015295,0.01445,0.69706,253.36
0.46962,5.3121,4.9459,10.107,2.6174,4.2639,1.6608,0.39259,0.76573,0.015373,0.01445,0.69698,253.37
0.46971,5.3418,4.9433,10.178,2.6142,4.2981,1.6585,0.39294,0.76508,0.015315,0.01445,0.69689,253.39
0.4698,5.3967,4.9363,10.298,2.6063,4.3634,1.6513,0.39286,0.76508,0.015314,0.01445,0.69678,253.4
0.46989,5.493,4.9327,10.504,2.6019,4.4755,1.6471,0.39241,0.76519,0.015354,0.01445,0.6967,253.42
0.46998,5.949,4.8907,11.512,2.5504,5.0133,1.6019,0.39147,0.76495,0.015429,0.01445,0.69594,253.41
0.47007,5.9477,4.8924,11.519,2.5508,5.0181,1.6003,0.39209,0.76495,0.015367,0.01445,0.6959,253.43
0.47016,5.965,4.8912,11.551,2.5503,5.0372,1.5999,0.39183,0.76513,0.015399,0.01445,0.69591,253.45
0.47025,5.9715,4.8902,11.568,2.549,5.0452,1.5991,0.39212,0.76487,0.015376,0.01445,0.69589,253.47
0.47034,5.9922,4.8886,11.605,2.5478,5.0686,1.598,0.39176,0.76524,0.015417,0.01445,0.6959,253.5
0.47043,5.9996,4.8876,11.626,2.5464,5.0785,1.5971,0.39216,0.7649,0.015377,0.01445,0.69587,253.52
0.47052,6.0239,4.8866,11.671,2.546,5.1059,1.5964,0.39179,0.76527,0.015429,0.01445,0.6959,253.54
0.47061,6.0341,4.8864,11.697,2.5453,5.1182,1.5962,0.3921,0.76488,0.01539,0.01445,0.69587,253.56
0.4707,6.0559,4.8862,11.741,2.5449,5.144,1.5952,0.39198,0.76497,0.015407,0.01445,0.69588,253.59
0.47079,6.0707,4.8853,11.77,2.5437,5.1606,1.5947,0.39187,0.76511,0.015436,0.01445,0.69589,253.61
0.47088,6.0785,4.8847,11.788,2.5431,5.1704,1.5942,0.39209,0.76491,0.015421,0.01445,0.69588,253.63
0.47097,6.0969,4.8843,11.826,2.5425,5.1918,1.5941,0.39213,0.76488,0.015422,0.01445,0.69589,253.66
0.47106,6.1227,4.8831,11.873,2.5423,5.2213,1.5934,0.39174,0.76532,0.015474,0.01445,0.69591,253.68
0.47115,6.1317,4.8834,11.898,2.542,5.2331,1.5933,0.39216,0.76491,0.015431,0.01445,0.69589,253.7
0.47124,6.1617,4.8826,11.954,2.5415,5.2671,1.5927,0.39173,0.76535,0.015491,0.01445,0.69591,253.73
0.47133,6.1805,4.8832,12,2.5413,5.2904,1.5924,0.39206,0.76496,0.015451,0.01445,0.69589,253.75
0.47142,6.2008,4.8829,12.04,2.5413,5.3141,1.5921,0.39194,0.76507,0.015485,0.01445,0.6959,253.77
0.47151,6.2447,4.881,12.129,2.5386,5.3619,1.5909,0.39165,0.76493,0.015533,0.01445,0.69592,253.8
0.4716,6.2545,4.8811,12.152,2.5383,5.376,1.5898,0.39188,0.76496,0.015504,0.01445,0.69591,253.82
0.47169,6.2689,4.8805,12.181,2.5378,5.3929,1.5894,0.39179,0.76512,0.015523,0.01445,0.69592,253.84
0.47178,6.2767,4.88,12.198,2.537,5.4022,1.5889,0.392,0.7649,0.01551,0.01445,0.69591,253.87
0.47187,6.2942,4.8798,12.233,2.5369,5.4229,1.5883,0.39193,0.76496,0.015521,0.01445,0.69592,253.89
0.47196,6.311,4.8789,12.266,2.5359,5.4423,1.5877,0.3918,0.76517,0.015548,0.01445,0.69593,253.92
0.47205,6.3189,4.8788,12.284,2.5358,5.452,1.5877,0.39205,0.76491,0.015527,0.01445,0.69592,253.94
0.47214,6.3377,4.879,12.322,2.5362,5.4741,1.5874,0.39195,0.76499,0.015545,0.01445,0.69593,253.96
0.47223,6.3535,4.8782,12.352,2.5358,5.4925,1.5871,0.39185,0.76517,0.015571,0.01445,0.69595,253.99
0.47232,6.3625,4.8785,12.372,2.5359,5.5024,1.5877,0.39204,0.76491,0.015561,0.01445,0.69595,254.01
0.47241,6.3833,4.8791,12.414,2.5363,5.5275,1.5874,0.39192,0.76507,0.015574,0.01445,0.69596,254.04
0.4725,6.4391,4.8787,12.53,2.5352,5.5916,1.5867,0.39168,0.76507,0.015609,0.01445,0.69598,254.06
0.47259,6.4478,4.8781,12.55,2.5343,5.6022,1.5862,0.39191,0.76493,0.015593,0.01445,0.69597,254.08
0.47268,6.4699,4.8778,12.597,2.5337,5.6293,1.5849,0.39191,0.76497,0.015601,0.01445,0.69596,254.11
0.47277,6.4845,4.8771,12.624,2.5329,5.6456,1.5848,0.39173,0.76521,0.015632,0.01445,0.69598,254.13
0.47286,6.4884,4.8781,12.632,2.5346,5.6512,1.5856,0.39194,0.76508,0.015625,0.01445,0.69599,254.16
0.47295,6.5158,4.877,12.69,2.5331,5.6818,1.5848,0.39182,0.76494,0.015611,0.01445,0.69598,254.18
0.47304,6.5273,4.8772,12.711,2.5338,5.6965,1.5848,0.39183,0.7652,0.015646,0.01445,0.69599,254.21
0.47313,6.5392,4.8769,12.736,2.5334,5.7092,1.5849,0.39187,0.76495,0.01564,0.01445,0.69599,254.23
0.47323,6.5521,4.8758,12.76,2.5322,5.7246,1.584,0.39177,0.76522,0.015667,0.01445,0.696,254.26
0.47332,6.5598,4.876,12.777,2.5327,5.7346,1.584,0.39203,0.76499,0.015647,0.01445,0.696,254.28
0.47341,6.5795,4.8757,12.818,2.5323,5.7569,1.5841,0.39199,0.76497,0.015654,0.01445,0.69601,254.31
0.42779,1.6541,4.8424,2.548,2.4693,0.0068019,1.5128,0.38343,0.76313,0.015531,0.01445,0.68944,254.32
0.47344,6.5875,4.8767,12.832,2.5337,5.7662,1.5847,0.39185,0.76513,0.015667,0.01445,0.69602,254.32
0.42779,1.6535,4.8425,2.5461,2.4695,0.0069752,1.5124,0.38335,0.76326,0.015547,0.01445,0.68943,254.32
0.47345,6.6504,4.8749,12.963,2.5313,5.8372,1.583,0.3914,0.76519,0.015694,0.01445,0.69601,254.32
0.47345,6.6504,4.8756,12.965,2.5315,5.839,1.5831,0.39157,0.76518,0.015694,0.01445,0.69601,254.32
