0.90278,2.165,5.0153,3.3884,2.6951,0.60631,1.6806,0.39147,0.76619,0.014408,0.01445,0.69708,251.26
0.89538,2.2127,4.8735,3.3817,2.4985,0.65939,1.4928,0.38969,0.76589,0.015147,0.01445,0.69897,252.92
0.91758,2.0876,5.1444,3.3976,2.8808,0.49196,1.8985,0.39458,0.76482,0.015641,0.01445,0.69411,251.28
0.92498,2.1631,5.1374,3.6134,2.8748,0.55692,1.9337,0.39514,0.76496,0.015028,0.01445,0.69323,252.63
0.89367,2.2357,4.8752,3.4193,2.5016,0.66895,1.4895,0.38899,0.76341,0.01499,0.01445,0.69907,253.44
0.89196,2.2511,4.8473,3.4224,2.4637,0.67966,1.4511,0.38813,0.7628,0.015452,0.01445,0.69951,254.02
0.92675,2.1922,5.1649,3.7,2.9129,0.58456,1.9724,0.39528,0.76449,0.015048,0.01445,0.69287,253.12
0.92852,2.2216,5.1947,3.785,2.954,0.61406,2.0129,0.39542,0.76437,0.015109,0.01445,0.69257,253.67
0.93029,2.2603,5.2253,3.8939,2.9963,0.6565,2.0539,0.39565,0.76439,0.015201,0.01445,0.69223,254.25
0.89137,2.2484,4.8195,3.4079,2.4261,0.67619,1.4195,0.38817,0.76273,0.015408,0.01445,0.69967,254.23
0.89129,2.2323,4.7888,3.3532,2.3901,0.64615,1.3927,0.38727,0.76263,0.015486,0.01445,0.69972,254.24
0.8912,2.2198,4.7778,3.3234,2.3754,0.63116,1.3811,0.38726,0.76268,0.015456,0.01445,0.69976,254.27
0.89112,2.2071,4.769,3.2944,2.3637,0.61588,1.3717,0.38726,0.76265,0.015456,0.01445,0.69977,254.29
0.89103,2.1563,4.7551,3.1907,2.3434,0.5614,1.3541,0.38787,0.7626,0.01551,0.01445,0.69979,254.3
0.89095,2.0523,4.7298,2.9554,2.3141,0.43098,1.3318,0.38768,0.7622,0.015497,0.01445,0.69978,254.29
0.89086,2.0202,4.7326,2.8883,2.3157,0.39781,1.3323,0.38807,0.7624,0.015522,0.01445,0.69988,254.31
0.89078,1.9446,4.7464,2.7066,2.335,0.29912,1.3499,0.38773,0.76227,0.015468,0.01445,0.70016,254.31
0.93038,2.35,5.2092,4.1171,2.983,0.76157,2.0383,0.39522,0.76378,0.015437,0.01445,0.69154,254.2
0.93047,2.3678,5.2097,4.1622,2.9843,0.78357,2.0389,0.39534,0.76373,0.015453,0.01445,0.69147,254.23
0.93056,2.3887,5.2097,4.2117,2.9848,0.80766,2.0393,0.39536,0.76367,0.015472,0.01445,0.6914,254.25
0.93064,2.482,5.188,4.4264,2.9589,0.91604,2.0177,0.39515,0.76346,0.01554,0.01445,0.69115,254.25
0.93073,3.0667,5.159,5.7348,2.9204,1.5943,1.9822,0.39399,0.76304,0.015546,0.01445,0.69084,254.13
0.93082,3.7141,5.1579,7.1759,2.915,2.3502,1.9714,0.39289,0.76314,0.015526,0.01445,0.69074,254.03
0.93091,3.7229,5.1584,7.1968,2.9156,2.3602,1.9722,0.39294,0.76312,0.015524,0.01445,0.69072,254.06
0.931,3.7319,5.159,7.2189,2.9166,2.371,1.9732,0.39298,0.76313,0.015523,0.01445,0.6907,254.09
0.93109,3.7446,5.1598,7.2485,2.9176,2.3855,1.9742,0.39299,0.7631,0.015524,0.01445,0.69068,254.11
0.93117,3.892,5.1595,7.5744,2.9165,2.5554,1.9726,0.39259,0.76306,0.015534,0.01445,0.69066,254.12
0.93126,3.9,5.1599,7.5939,2.9171,2.5648,1.9734,0.39265,0.76304,0.015535,0.01445,0.69064,254.15
0.93135,3.9075,5.1602,7.6123,2.9175,2.5733,1.9741,0.3927,0.763,0.015537,0.01445,0.69062,254.18
0.93144,3.9207,5.1604,7.6427,2.9179,2.5888,1.9746,0.39268,0.76306,0.015542,0.01445,0.6906,254.2
0.93153,4.2408,5.1409,8.3586,2.893,2.9614,1.9513,0.39208,0.76288,0.01557,0.01445,0.69037,254.19
0.93162,4.2428,5.1411,8.3642,2.8931,2.9636,1.9519,0.39215,0.76285,0.015569,0.01445,0.69036,254.22
0.9317,4.2451,5.1414,8.3705,2.8934,2.9663,1.9526,0.39219,0.76285,0.015569,0.01445,0.69035,254.25
0.93179,4.2522,5.1426,8.3873,2.8952,2.9742,1.9543,0.39221,0.76284,0.015572,0.01445,0.69034,254.27
0.93188,4.2629,5.1439,8.4124,2.8969,2.9866,1.956,0.39221,0.76284,0.015577,0.01445,0.69033,254.3
0.89076,1.9239,4.7466,2.6651,2.3339,0.27656,1.3492,0.38802,0.76218,0.015493,0.01445,0.7002,254.31
0.89074,1.8548,4.7477,2.5147,2.3343,0.19726,1.3492,0.38834,0.76229,0.015557,0.01445,0.7003,254.29
0.89072,1.8473,4.7521,2.4975,2.3405,0.18576,1.3548,0.38833,0.76206,0.015482,0.01445,0.70032,254.3
0.8907,1.7029,4.7544,2.1648,2.3456,0.0050346,1.3618,0.38815,0.76187,0.015437,0.01445,0.70062,254.26
0.89068,1.6949,4.7551,2.1578,2.3446,0.0022735,1.3599,0.38879,0.76186,0.015505,0.01445,0.7006,254.26
0.89065,1.6934,4.7556,2.1538,2.3451,9.3847e-05,1.3604,0.38873,0.76186,0.015502,0.01445,0.70061,254.27
0.89063,1.6934,4.7556,2.1536,2.3452,0.0001076,1.3604,0.38873,0.76186,0.015502,0.01445,0.70061,254.28
0.89061,1.6933,4.7557,2.1534,2.3453,0.00012081,1.3604,0.38873,0.76186,0.015501,0.01445,0.70061,254.29
0.89059,1.6942,4.7563,2.1518,2.3461,9.4989e-05,1.3608,0.38851,0.76196,0.015509,0.01445,0.70064,254.29
0.89057,1.6941,4.7564,2.1517,2.3462,0.00010147,1.3608,0.38851,0.76196,0.015509,0.01445,0.70064,254.3
0.89055,1.6941,4.7564,2.1515,2.3462,0.00010874,1.3608,0.38851,0.76196,0.015509,0.01445,0.70064,254.31
0.89053,1.6936,4.7569,2.1515,2.3468,0.00028267,1.3607,0.38859,0.76194,0.015515,0.01445,0.70064,254.32
0.9319,4.4062,5.1435,8.7304,2.896,3.1532,1.9537,0.39192,0.76284,0.015593,0.01445,0.69029,254.29
0.93192,4.5841,5.1443,9.1227,2.8958,3.3592,1.9522,0.39155,0.76279,0.015601,0.01445,0.69029,254.28
0.93195,4.6024,5.1425,9.1645,2.8936,3.3802,1.9503,0.39154,0.76269,0.015601,0.01445,0.69026,254.29
0.93197,4.7537,5.1312,9.5021,2.8789,3.5569,1.9369,0.39129,0.76264,0.015609,0.01445,0.69016,254.28
0.93199,4.7875,5.1301,9.577,2.8773,3.5961,1.9354,0.39124,0.76263,0.015611,0.01445,0.69015,254.29
0.93201,4.9443,5.1224,9.9257,2.8672,3.7789,1.9256,0.39098,0.76256,0.015615,0.01445,0.69007,254.29
0.93203,4.9721,5.122,9.987,2.8665,3.8112,1.925,0.39095,0.76256,0.015616,0.01445,0.69007,254.29
0.93206,5.0086,5.1209,10.068,2.8651,3.8537,1.9237,0.3909,0.76256,0.015618,0.01445,0.69006,254.3
0.93208,5.0535,5.1194,10.169,2.8629,3.9058,1.9213,0.39081,0.76251,0.015619,0.01445,0.69003,254.3
0.9321,5.072,5.1187,10.209,2.8621,3.9273,1.9207,0.3908,0.76251,0.01562,0.01445,0.69002,254.31
0.93212,5.1264,5.1167,10.33,2.8594,3.9908,1.918,0.39073,0.7625,0.015623,0.01445,0.69,254.31
0.93214,5.145,5.1164,10.372,2.8587,4.0122,1.9173,0.39067,0.76247,0.015624,0.01445,0.68999,254.32
