0.42912,2.026,5.0913,3.1933,2.8082,0.3837,1.8161,0.38777,0.76272,0.014389,0.01445,0.6941,251.05
0.4229,2.0689,5.1643,3.3377,2.8712,0.4521,1.8528,0.38464,0.76389,0.014541,0.01445,0.69373,252.48
0.44156,1.9699,5.119,3.1665,2.8317,0.42093,1.8352,0.40334,0.76337,0.014328,0.01445,0.69552,251.37
0.44778,2.0578,5.0948,3.2582,2.8149,0.51139,1.8237,0.40451,0.76495,0.014874,0.01445,0.69712,252.22
0.454,2.0813,5.0574,3.3091,2.7753,0.55383,1.7981,0.40988,0.76406,0.014929,0.01445,0.69772,254.19
0.42041,2.1039,5.1875,3.4185,2.9073,0.47601,1.879,0.38144,0.76366,0.014801,0.01445,0.69303,253.17
0.41792,2.1222,5.2034,3.468,2.9273,0.48861,1.8932,0.3792,0.76356,0.015022,0.01445,0.69262,254.03
0.41733,2.1198,5.1425,3.42,2.8506,0.46834,1.8326,0.37693,0.76381,0.015364,0.01445,0.69272,254.12
0.41673,2.1058,5.0598,3.4014,2.7444,0.45562,1.7465,0.377,0.76351,0.015556,0.01445,0.69224,254.28
0.45465,2.1696,5.0322,3.4557,2.7379,0.64703,1.7688,0.40912,0.76435,0.015523,0.01445,0.69847,254.24
0.41649,2.0786,4.9959,3.3296,2.6636,0.42082,1.683,0.37667,0.76352,0.015383,0.01445,0.69213,254.31
0.45492,2.2337,5.0116,3.5706,2.7098,0.71185,1.7483,0.40839,0.76418,0.015512,0.01445,0.69875,254.27
0.45518,2.7804,4.9775,4.7018,2.6555,1.3397,1.7031,0.40514,0.76494,0.015491,0.01445,0.69905,253.99
0.45545,2.9032,5.0015,4.9828,2.6899,1.4855,1.7295,0.40513,0.76468,0.015304,0.01445,0.69866,254
0.45572,3.5471,4.9728,6.3745,2.6534,2.2427,1.6941,0.40309,0.7652,0.016066,0.01445,0.69797,253.78
0.45598,3.5805,4.9814,6.4533,2.6636,2.2817,1.7032,0.40339,0.76474,0.015812,0.01445,0.69788,253.81
0.45625,3.6953,4.9806,6.7111,2.6615,2.4184,1.7006,0.40322,0.76451,0.015175,0.01445,0.69767,253.82
0.45652,3.8242,4.9686,6.9772,2.6486,2.5662,1.69,0.40271,0.76469,0.015681,0.01445,0.69761,253.84
0.45679,3.9953,4.968,7.3558,2.646,2.7693,1.6865,0.40233,0.7646,0.015154,0.01445,0.6974,253.85
0.45705,4.1165,4.9655,7.6041,2.6447,2.9065,1.6854,0.40191,0.76466,0.01567,0.01445,0.69738,253.87
0.45732,4.3533,4.9541,8.1277,2.6278,3.1884,1.6695,0.4014,0.76463,0.015139,0.01445,0.69707,253.85
0.45759,4.5142,4.9391,8.4635,2.6118,3.3701,1.6571,0.40059,0.76441,0.01549,0.01445,0.69693,253.85
0.45785,5.1437,4.9122,9.8315,2.5723,4.1092,1.6196,0.39822,0.76474,0.014904,0.01445,0.69633,253.74
0.45812,5.269,4.9123,10.103,2.5769,4.2548,1.6232,0.39832,0.76446,0.015531,0.01445,0.69613,253.73
0.45839,5.4515,4.9085,10.506,2.5701,4.472,1.6148,0.39807,0.76448,0.015245,0.01445,0.69593,253.76
0.45865,5.6387,4.8903,10.911,2.5476,4.6913,1.596,0.39764,0.76435,0.015469,0.01445,0.69571,253.78
0.45911,5.8954,4.8602,11.462,2.5089,4.9923,1.5628,0.397,0.76432,0.015362,0.01445,0.69548,253.86
0.45956,5.9879,4.8729,11.659,2.5261,5.106,1.5749,0.39738,0.7649,0.015672,0.01445,0.69546,253.97
0.46002,6.0031,4.8741,11.696,2.5286,5.1246,1.5778,0.39809,0.76419,0.015545,0.01445,0.69544,254.11
0.46048,6.107,4.8743,11.9,2.5287,5.2473,1.5769,0.39764,0.76504,0.015742,0.01445,0.69557,254.23
0.41645,2.056,4.9726,3.2797,2.6368,0.3999,1.6576,0.37639,0.76412,0.015557,0.01445,0.6919,254.3
0.41641,2.0435,4.9388,3.2552,2.5955,0.37947,1.6267,0.3766,0.76326,0.015446,0.01445,0.69171,254.29
0.41637,1.9633,4.9153,3.0642,2.5664,0.29248,1.6012,0.37664,0.76421,0.015627,0.01445,0.69173,254.23
0.41633,1.9597,4.9129,3.0567,2.5624,0.28446,1.5996,0.37672,0.7637,0.015543,0.01445,0.69175,254.24
0.41629,1.9302,4.9051,2.9899,2.5542,0.24727,1.5933,0.37693,0.76333,0.015485,0.01445,0.69172,254.23
0.41625,1.7314,4.913,2.4922,2.5625,0.0076634,1.6027,0.37667,0.76427,0.015422,0.01445,0.69255,254.07
0.4162,1.7305,4.9165,2.5024,2.5678,0.0076457,1.6065,0.37695,0.76381,0.015467,0.01445,0.69237,254.08
0.41616,1.7254,4.9077,2.5026,2.5568,0.0074576,1.5961,0.37723,0.76389,0.015508,0.01445,0.69217,254.09
0.41612,1.7262,4.9069,2.5021,2.5557,0.0072243,1.5954,0.37714,0.76386,0.015474,0.01445,0.69219,254.11
0.41608,1.7251,4.8881,2.4963,2.5324,0.0055085,1.5764,0.37701,0.76394,0.015448,0.01445,0.69215,254.12
0.41604,1.7249,4.8927,2.4997,2.5383,0.0054267,1.5812,0.37707,0.76382,0.015475,0.01445,0.6921,254.13
0.416,1.7249,4.8942,2.4999,2.5401,0.0054266,1.5826,0.37705,0.76382,0.015476,0.01445,0.6921,254.15
0.41596,1.7249,4.8942,2.4999,2.5401,0.0054266,1.5826,0.37705,0.76382,0.015476,0.01445,0.6921,254.16
0.41592,1.7249,4.8966,2.5007,2.5429,0.0054266,1.5848,0.37702,0.76381,0.015477,0.01445,0.69209,254.18
0.41588,1.7244,4.8988,2.4998,2.5455,0.005346,1.5868,0.37697,0.76389,0.015489,0.01445,0.69209,254.19
0.41584,1.7252,4.8903,2.4971,2.5353,0.0040763,1.5795,0.37681,0.76387,0.015554,0.01445,0.69209,254.21
0.4158,1.7252,4.895,2.4985,2.5412,0.0040762,1.5835,0.37677,0.76384,0.015548,0.01445,0.69208,254.22
0.41576,1.7252,4.8972,2.4984,2.5438,0.0039546,1.5857,0.37675,0.76385,0.015522,0.01445,0.69209,254.24
0.41571,1.724,4.898,2.4973,2.5445,0.0037198,1.586,0.37676,0.76393,0.015516,0.01445,0.69207,254.25
0.41567,1.724,4.8989,2.4974,2.5458,0.0037198,1.5868,0.37674,0.76391,0.015516,0.01445,0.69207,254.27
0.41563,1.7242,4.8971,2.5007,2.5429,0.0034989,1.585,0.37677,0.76375,0.015532,0.01445,0.69203,254.29
0.41559,1.7242,4.8978,2.5007,2.544,0.0034989,1.5857,0.37676,0.76375,0.015531,0.01445,0.69203,254.3
0.41555,1.7242,4.8994,2.501,2.546,0.0034989,1.5871,0.37674,0.76375,0.015532,0.01445,0.69202,254.32
0.46053,6.1891,4.878,12.082,2.5323,5.3392,1.5801,0.39748,0.76419,0.015628,0.01445,0.69549,254.22
0.46057,7.0398,4.8608,13.946,2.5078,6.335,1.5519,0.39481,0.76407,0.015677,0.01445,0.69463,254.08
0.46062,7.0816,4.8532,14.039,2.4984,6.3831,1.5444,0.39475,0.7639,0.015627,0.01445,0.69456,254.08
0.46066,7.3271,4.8245,14.585,2.4629,6.6742,1.5123,0.39428,0.76387,0.01563,0.01445,0.69414,254.07
0.46071,7.5216,4.7992,15.005,2.4305,6.9005,1.4856,0.39358,0.76383,0.015654,0.01445,0.69394,254.07
0.46075,7.5327,4.7969,15.036,2.4276,6.9159,1.4821,0.39377,0.76378,0.015628,0.01445,0.69388,254.08
0.4608,7.6172,4.7774,15.229,2.4037,7.0182,1.4614,0.39391,0.76369,0.015573,0.01445,0.69367,254.09
0.46084,7.7031,4.7735,15.412,2.3996,7.1168,1.4574,0.39344,0.76371,0.015635,0.01445,0.6936,254.1
0.46089,7.7727,4.7626,15.565,2.386,7.1987,1.4461,0.39333,0.76369,0.015686,0.01445,0.69348,254.11
0.46093,7.7725,4.7622,15.566,2.3855,7.1991,1.4459,0.39346,0.76366,0.015675,0.01445,0.69348,254.12
0.46098,7.789,4.7605,15.602,2.3834,7.2183,1.444,0.39342,0.76363,0.015659,0.01445,0.69346,254.13
0.46102,7.816,4.7537,15.661,2.3748,7.252,1.4363,0.39341,0.76386,0.015646,0.01445,0.69341,254.14
0.46107,7.8168,4.754,15.663,2.3752,7.2529,1.4366,0.39351,0.76367,0.015642,0.01445,0.69341,254.16
0.46111,7.8317,4.7528,15.694,2.3738,7.2697,1.4355,0.39342,0.76374,0.015665,0.01445,0.6934,254.17
0.46116,7.8329,4.7534,15.697,2.3749,7.2721,1.436,0.39356,0.76367,0.01566,0.01445,0.6934,254.18
0.4612,7.8548,4.7519,15.743,2.3729,7.2967,1.4346,0.39346,0.76362,0.015666,0.01445,0.69339,254.19
0.46125,7.8642,4.7507,15.762,2.3716,7.3084,1.4334,0.39347,0.76374,0.015673,0.01445,0.69339,254.2
0.46129,7.8662,4.751,15.767,2.3721,7.3111,1.4336,0.39357,0.76364,0.015671,0.01445,0.69338,254.21
0.46134,7.8855,4.7499,15.807,2.3707,7.3328,1.4326,0.39347,0.7636,0.01568,0.01445,0.69338,254.23
0.46138,7.8968,4.7485,15.83,2.3689,7.3466,1.4313,0.39347,0.76377,0.015688,0.01445,0.69338,254.24
0.46143,7.8988,4.7488,15.835,2.3696,7.3491,1.4315,0.39357,0.76362,0.015683,0.01445,0.69338,254.25
0.46147,7.9173,4.7478,15.873,2.3683,7.3701,1.4306,0.39349,0.76361,0.015693,0.01445,0.69337,254.26
0.46152,7.9298,4.7467,15.899,2.3667,7.3853,1.4294,0.39348,0.76373,0.0157,0.01445,0.69337,254.27
0.46156,7.9324,4.7471,15.904,2.3675,7.3887,1.4295,0.39358,0.76364,0.015696,0.01445,0.69337,254.28
0.46161,7.954,4.7462,15.95,2.3662,7.4132,1.4287,0.39349,0.7636,0.015702,0.01445,0.69337,254.3
0.46165,7.9676,4.745,15.977,2.3648,7.4295,1.4277,0.39348,0.76374,0.015715,0.01445,0.69336,254.31
0.4617,7.9706,4.745,15.984,2.3649,7.4332,1.4276,0.39354,0.76362,0.01571,0.01445,0.69336,254.32
0.41555,1.7242,4.8994,2.501,2.5464,0.0034989,1.5875,0.37673,0.76376,0.015532,0.01445,0.69202,254.32
0.41554,1.7242,4.8998,2.501,2.5466,0.0034989,1.5878,0.37673,0.76377,0.015532,0.01445,0.69202,254.32
